7 0.762600 0.509700 0.018300 0.023800
7 0.192800 0.777700 0.012300 0.022900
7 0.689200 0.753000 0.013700 0.025000
7 0.230000 0.789100 0.014300 0.019200
7 0.508500 0.777400 0.012000 0.021400
7 0.777100 0.671300 0.014900 0.026600
7 0.738300 0.745900 0.012500 0.019800
7 0.564300 0.758900 0.011500 0.021600
6 0.627900 0.536400 0.040300 0.040600
6 0.855600 0.458500 0.048600 0.042200
6 0.707200 0.679200 0.042600 0.046500
6 0.960000 0.531000 0.049700 0.059700
5 0.808000 0.681500 0.026000 0.040200
3 0.075200 0.742600 0.091100 0.058000
0 0.238300 0.575100 0.065300 0.049900
0 0.047200 0.580200 0.074700 0.050200
0 0.474900 0.424800 0.028500 0.122400
5 0.697618 0.453516 0.007330 0.039333
5 0.688149 0.454112 0.006720 0.033373
5 0.679902 0.448153 0.007330 0.028605
5 0.671655 0.447557 0.006720 0.029797
5 0.662798 0.459476 0.006109 0.041716
5 0.651497 0.456496 0.006720 0.038141
5 0.644166 0.456496 0.006720 0.040524
5 0.634087 0.462455 0.010996 0.026222
5 0.605987 0.454112 0.015883 0.023838
5 0.587660 0.441597 0.021991 0.015495
6 0.175626 0.752682 0.031155 0.029797
6 0.210141 0.750298 0.039096 0.032181
7 0.357972 0.900477 0.006109 0.017878
7 0.349725 0.842670 0.011607 0.019070
7 0.350336 0.940405 0.010385 0.016687
7 0.336897 0.992253 0.011607 0.013111
7 0.551313 0.778308 0.009163 0.023838
7 0.535736 0.779499 0.008552 0.019070
7 0.673183 0.759833 0.008552 0.020262
7 0.677459 0.736591 0.013439 0.019070
6 0.571472 0.716329 0.037263 0.035757
6 0.619426 0.718117 0.032987 0.029797
6 0.616066 0.658522 0.040929 0.039333
6 0.564142 0.598927 0.045816 0.060787
6 0.406536 0.727652 0.037263 0.034565
6 0.454184 0.718117 0.039707 0.034565
7 0.457239 0.425507 0.009163 0.016687
7 0.443494 0.449344 0.006109 0.014303
7 0.438607 0.480930 0.008552 0.015495
7 0.418143 0.526222 0.007941 0.013111
7 0.406536 0.533969 0.006720 0.011919
4 0.335675 0.567342 0.027489 0.023838
1 0.544288 0.252682 0.029322 0.147795
4 0.539707 0.160906 0.028711 0.028605
5 0.549175 0.377831 0.010996 0.033373
4 0.565058 0.376639 0.020770 0.035757
4 0.593158 0.420143 0.026878 0.022646
4 0.255956 0.735399 0.028100 0.030989
5 0.329261 0.737187 0.020770 0.015495
7 0.711668 0.482122 0.008552 0.010727
7 0.715944 0.491657 0.009774 0.015495
7 0.505498 0.862932 0.007941 0.019070
7 0.476176 0.758641 0.009163 0.020262
7 0.755345 0.726460 0.015272 0.020262
7 0.790776 0.720501 0.015272 0.020262
7 0.938913 0.594160 0.017104 0.025030
3 0.165852 0.583433 0.076359 0.053635
7 0.457544 0.111442 0.007330 0.025030
7 0.931582 0.748510 0.015883 0.016687
7 0.448992 0.236591 0.004887 0.020262
6 0.473663 0.292437 0.021548 0.067227
5 0.676377 0.472269 0.011971 0.036975
6 0.164006 0.689916 0.043895 0.042017
6 0.732243 0.706723 0.037510 0.028571
6 0.978452 0.687395 0.039904 0.036975
