7 0.458200 0.976400 0.018100 0.038000
7 0.742600 0.403700 0.016400 0.027300
7 0.662900 0.958900 0.018800 0.033800
7 0.343800 0.583100 0.020400 0.028600
7 0.436700 0.942300 0.018300 0.036800
7 0.226900 0.670500 0.024100 0.035300
7 0.606700 0.968900 0.012900 0.033000
7 0.041800 0.987600 0.015700 0.025300
0 0.056200 0.648900 0.110400 0.079700
5 0.799633 0.480334 0.009774 0.061979
5 0.784056 0.479142 0.010385 0.061979
5 0.770312 0.477354 0.008552 0.058403
5 0.753207 0.501192 0.018326 0.067938
5 0.726940 0.486293 0.010996 0.059595
5 0.700977 0.495232 0.020159 0.056019
5 0.653940 0.475566 0.028711 0.030989
5 0.623396 0.452920 0.033598 0.019070
5 0.564142 0.348033 0.017715 0.054827
6 0.235797 0.882598 0.070861 0.065554
6 0.410202 0.896305 0.060476 0.054827
6 0.604765 0.902265 0.064753 0.057211
6 0.674404 0.909416 0.056200 0.050060
6 0.786500 0.904648 0.071472 0.061979
6 0.857972 0.901669 0.073916 0.063170
6 0.815211 0.828963 0.077581 0.058403
6 0.548259 0.556615 0.058033 0.047676
7 0.668601 0.402861 0.012828 0.026222
7 0.979841 0.424315 0.021991 0.026222
4 0.553757 0.017878 0.042150 0.033373
4 0.617593 0.381406 0.036652 0.040524
4 0.636225 0.419547 0.043372 0.038141
4 0.169212 0.637664 0.045205 0.028605
7 0.915394 0.921931 0.028711 0.029797
7 0.903482 0.591776 0.025657 0.034565
5 0.020464 0.557807 0.038485 0.021454
7 0.942272 0.741359 0.031155 0.035757
7 0.954490 0.606675 0.032376 0.023838
7 0.408064 0.106079 0.009774 0.040524
7 0.269753 0.884034 0.012769 0.030252
7 0.221468 0.989076 0.023144 0.018487
1 0.557861 0.150420 0.046289 0.230252
4 0.577813 0.368067 0.030327 0.057143
7 0.410615 0.842017 0.024741 0.030252
7 0.435754 0.831933 0.031923 0.026891
