7 0.603400 0.055200 0.017700 0.043900
7 0.635600 0.101700 0.026100 0.041300
7 0.371700 0.728000 0.018800 0.036400
7 0.866600 0.690200 0.032100 0.029200
7 0.359200 0.675600 0.022300 0.028800
6 0.724800 0.443500 0.074000 0.066900
6 0.850600 0.461300 0.075500 0.063700
6 0.863200 0.569800 0.076400 0.073200
6 0.760900 0.594100 0.073700 0.064400
6 0.956100 0.478700 0.080300 0.066200
0 0.033700 0.556600 0.069000 0.086400
6 0.402634 0.900840 0.039106 0.124370
1 0.552275 0.877311 0.049481 0.242017
6 0.492418 0.186555 0.035116 0.124370
6 0.939745 0.552101 0.074222 0.058824
