4 0.890500 0.502100 0.029300 0.027100
6 0.537909 0.700000 0.031923 0.035294
7 0.988029 0.387395 0.009577 0.015126
7 0.764565 0.427731 0.007981 0.015126
7 0.980048 0.358824 0.011173 0.025210
7 0.405427 0.945378 0.012769 0.018487
7 0.416600 0.947059 0.009577 0.021849
7 0.802474 0.636975 0.010375 0.013445
7 0.805267 0.632773 0.009577 0.011765
6 0.469673 0.813445 0.018356 0.063866
6 0.466879 0.898319 0.017558 0.065546
5 0.963687 0.321008 0.008779 0.026891
6 0.493216 0.457143 0.033520 0.033613
0 0.069433 0.460504 0.051077 0.040336
3 0.686752 0.490756 0.066241 0.043697
0 0.923384 0.675630 0.028731 0.097479
