7 0.376500 0.769400 0.014400 0.036000
6 0.225300 0.460700 0.074600 0.064700
0 0.037900 0.561300 0.077000 0.085400
7 0.632881 0.111765 0.035116 0.042017
6 0.394653 0.040336 0.037510 0.077311
7 0.362330 0.934454 0.007981 0.033613
7 0.169992 0.636975 0.028731 0.040336
7 0.630487 0.694958 0.020750 0.035294
6 0.405826 0.902521 0.040702 0.127731
5 0.644054 0.411765 0.038308 0.026891
5 0.056664 0.366387 0.049481 0.036975
6 0.416600 0.428571 0.073424 0.063866
1 0.792498 0.515126 0.143655 0.099160
6 0.434158 0.059664 0.041500 0.119328
