7 0.192300 0.356400 0.016300 0.025700
7 0.584800 0.376500 0.011100 0.022500
6 0.534318 0.705042 0.031125 0.035294
7 0.239824 0.669748 0.011971 0.015126
7 0.966480 0.363025 0.012769 0.023529
7 0.856744 0.707563 0.011971 0.020168
7 0.935355 0.732773 0.012769 0.023529
7 0.406225 0.948739 0.009577 0.018487
7 0.771748 0.657143 0.007981 0.016807
7 0.779330 0.661345 0.010375 0.018487
6 0.468077 0.815966 0.018356 0.062185
6 0.466879 0.902521 0.017558 0.060504
6 0.982442 0.431092 0.031923 0.031933
5 0.949721 0.326050 0.007981 0.030252
6 0.782522 0.604202 0.032721 0.035294
6 0.074222 0.473950 0.039904 0.030252
2 0.358739 0.479832 0.110934 0.062185
0 0.403831 0.564706 0.043097 0.043697
5 0.923384 0.477311 0.009577 0.020168
