7 0.100400 0.790700 0.020600 0.024100
7 0.457000 0.498900 0.013100 0.023100
7 0.927000 0.470500 0.020000 0.022100
7 0.795500 0.601400 0.015600 0.024200
7 0.194200 0.808000 0.014900 0.022600
7 0.235200 0.513400 0.015600 0.022900
7 0.513100 0.764900 0.010800 0.021200
7 0.470200 0.739300 0.012500 0.020400
7 0.164500 0.541700 0.014600 0.021800
7 0.801800 0.631200 0.014500 0.022000
7 0.783000 0.630000 0.019900 0.025300
7 0.390800 0.575300 0.010800 0.023100
7 0.630900 0.729700 0.012100 0.020600
7 0.789200 0.681100 0.017300 0.029400
7 0.317300 0.739500 0.010700 0.019500
6 0.559800 0.593300 0.037400 0.038100
6 0.270200 0.648200 0.042700 0.042600
4 0.598100 0.537000 0.032500 0.026300
1 0.475500 0.597700 0.075400 0.063800
0 0.628200 0.604700 0.069900 0.058000
0 0.716300 0.583300 0.069300 0.053700
0 0.240600 0.565800 0.065400 0.048500
0 0.046900 0.572400 0.075900 0.051200
5 0.663208 0.451043 0.009577 0.038523
5 0.723863 0.442215 0.011173 0.040128
5 0.708300 0.444623 0.007183 0.038523
5 0.699521 0.447833 0.007183 0.038523
5 0.691540 0.444623 0.007183 0.035313
5 0.682362 0.446228 0.006385 0.038523
5 0.673583 0.448636 0.007981 0.036918
5 0.654030 0.447833 0.007183 0.035313
5 0.644054 0.452648 0.011173 0.028892
5 0.614525 0.443820 0.015962 0.020867
5 0.595371 0.428571 0.020750 0.016051
5 0.559058 0.367576 0.010375 0.044944
6 0.178070 0.747318 0.032376 0.030989
6 0.213195 0.744338 0.040318 0.032181
6 0.372022 0.714541 0.040318 0.046484
6 0.354612 0.648391 0.042150 0.033373
6 0.412034 0.721097 0.038485 0.038141
6 0.521381 0.706198 0.037263 0.034565
6 0.518021 0.653754 0.035431 0.032181
6 0.557117 0.658522 0.036652 0.034565
6 0.628283 0.712157 0.034820 0.034565
6 0.700367 0.704410 0.039707 0.035757
6 0.743128 0.703814 0.040929 0.027414
6 0.650275 0.553635 0.045816 0.036949
6 0.616982 0.498212 0.041539 0.038141
6 0.849420 0.671037 0.042150 0.052443
6 0.900733 0.665077 0.043372 0.045292
6 0.929750 0.380215 0.035431 0.064362
1 0.551924 0.237187 0.031155 0.150179
4 0.574832 0.362932 0.017104 0.036949
4 0.604154 0.407032 0.028100 0.017878
4 0.340562 0.556615 0.025046 0.016687
4 0.548259 0.143623 0.025046 0.025030
7 0.777337 0.448749 0.017715 0.020262
7 0.461210 0.776520 0.012217 0.015495
7 0.463653 0.739571 0.007330 0.013111
5 0.940745 0.652563 0.028100 0.017878
7 0.963958 0.637664 0.020770 0.019070
7 0.962126 0.657926 0.012217 0.019070
5 0.461210 0.233015 0.007330 0.046484
7 0.467624 0.221692 0.009163 0.019070
5 0.332926 0.731824 0.018326 0.016687
7 0.544899 0.777116 0.010996 0.016687
7 0.558949 0.772944 0.008552 0.022646
7 0.378742 0.557211 0.008552 0.017878
7 0.363775 0.847437 0.010385 0.028605
7 0.364081 0.899881 0.009774 0.019070
3 0.166768 0.579261 0.078192 0.054827
7 0.879047 0.704410 0.018326 0.026222
7 0.912645 0.699642 0.010996 0.014303
5 0.900428 0.623957 0.026878 0.017878
7 0.854918 0.706794 0.012828 0.016687
7 0.438302 0.469011 0.007941 0.020262
7 0.570556 0.866508 0.009774 0.019070
7 0.516494 0.351609 0.010385 0.030989
7 0.100794 0.991061 0.009774 0.015495
7 0.137447 0.990465 0.012217 0.016687
7 0.489615 0.709774 0.010385 0.022646
0 0.480048 0.413445 0.029529 0.124370
7 0.664006 0.445378 0.007981 0.020168
7 0.493615 0.693277 0.011971 0.018487
6 0.461293 0.712605 0.043097 0.036975
6 0.281325 0.729412 0.039106 0.040336
6 0.581405 0.710084 0.037510 0.042017
7 0.366720 0.734454 0.007183 0.013445
6 0.466480 0.665546 0.043895 0.033613
7 0.939745 0.722689 0.013567 0.023529
6 0.738228 0.504202 0.046289 0.036975
6 0.665603 0.500000 0.039904 0.035294
