7 0.712800 0.547400 0.012800 0.017200
6 0.446300 0.309300 0.017400 0.065800
1 0.800700 0.525600 0.056300 0.045000
0 0.944100 0.595000 0.054000 0.040100
0 0.516300 0.776900 0.022200 0.075100
7 0.550678 0.352101 0.012769 0.021849
7 0.364326 0.588235 0.007183 0.016807
7 0.393057 0.588235 0.010375 0.020168
7 0.647646 0.477311 0.008779 0.016807
7 0.669194 0.484034 0.010375 0.016807
7 0.979250 0.626050 0.012769 0.015126
4 0.454908 0.917647 0.019154 0.040336
4 0.455307 0.962185 0.019952 0.035294
4 0.439745 0.182353 0.007981 0.042017
4 0.439745 0.220168 0.007981 0.033613
4 0.441341 0.257143 0.009577 0.033613
0 0.444533 0.037815 0.022346 0.075630
0 0.480048 0.063025 0.023144 0.099160
0 0.884677 0.589916 0.048683 0.043697
0 0.225459 0.557143 0.050279 0.038655
0 0.284118 0.557143 0.047885 0.038655
1 0.043097 0.544538 0.063847 0.047059
1 0.515164 0.205882 0.034318 0.230252
1 0.648045 0.519328 0.047885 0.043697
1 0.721468 0.516807 0.057462 0.042017
4 0.516760 0.501681 0.010375 0.042017
6 0.454908 0.696639 0.017558 0.055462
6 0.448125 0.761345 0.015164 0.057143
6 0.896249 0.515126 0.030327 0.031933
6 0.592578 0.494958 0.029529 0.028571
6 0.628492 0.547899 0.029529 0.030252
6 0.594972 0.552101 0.031125 0.035294
4 0.970870 0.522689 0.021548 0.016807
3 0.725858 0.577311 0.059856 0.045378
