7 0.110000 0.891400 0.017100 0.027800
7 0.509700 0.582200 0.015700 0.025400
7 0.895600 0.711800 0.017700 0.023300
7 0.796300 0.456300 0.017000 0.023500
7 0.008900 0.643800 0.015800 0.021500
7 0.553100 0.777700 0.011000 0.023700
7 0.466900 0.772100 0.013400 0.021500
7 0.189200 0.843100 0.013300 0.022600
7 0.690100 0.721500 0.015600 0.024000
7 0.609400 0.783900 0.014800 0.024700
7 0.647100 0.780000 0.012000 0.023400
6 0.488000 0.551300 0.036600 0.073300
6 0.847800 0.541400 0.050100 0.051000
6 0.873400 0.467400 0.047100 0.043600
4 0.277900 0.659000 0.031000 0.027600
4 0.926800 0.472300 0.027400 0.038300
3 0.061600 0.777500 0.093500 0.060200
1 0.232400 0.600500 0.065900 0.050300
0 0.036000 0.609800 0.071500 0.052300
0 0.476500 0.439500 0.029900 0.128000
0 0.230900 0.600100 0.065700 0.052100
5 0.707103 0.465490 0.007981 0.041734
5 0.697925 0.466292 0.007183 0.040128
5 0.689944 0.467897 0.007183 0.040128
5 0.681564 0.467897 0.007981 0.040128
5 0.671588 0.471108 0.008779 0.043339
5 0.661213 0.468700 0.008779 0.041734
5 0.652833 0.469502 0.007981 0.043339
5 0.642059 0.475923 0.013567 0.036918
5 0.612929 0.466292 0.019154 0.027287
5 0.593376 0.451846 0.024741 0.020867
5 0.553871 0.390048 0.011173 0.051364
7 0.357666 0.939213 0.010385 0.016687
7 0.454184 0.477354 0.007941 0.015495
7 0.444105 0.464243 0.006109 0.013111
7 0.438913 0.497616 0.007941 0.013111
7 0.417227 0.541716 0.006109 0.010727
7 0.405009 0.558403 0.007330 0.013111
4 0.334148 0.589392 0.028100 0.022646
6 0.458155 0.746126 0.042761 0.042908
6 0.518632 0.736591 0.037874 0.040524
6 0.102627 0.720501 0.047648 0.034565
6 0.280086 0.713945 0.040929 0.038141
6 0.201588 0.785459 0.039096 0.035757
6 0.165547 0.784267 0.032987 0.033373
6 0.407453 0.756853 0.039096 0.040524
6 0.380269 0.650179 0.043372 0.034565
6 0.983812 0.405840 0.029933 0.070322
4 0.569945 0.387366 0.019548 0.038141
4 0.600489 0.427890 0.028100 0.026222
4 0.249236 0.766389 0.029322 0.026222
5 0.327123 0.766985 0.020159 0.015495
7 0.542456 0.805721 0.010996 0.019070
7 0.558338 0.803933 0.008552 0.022646
7 0.009469 0.896901 0.017715 0.017878
7 0.571167 0.792610 0.009774 0.019070
5 0.854612 0.728844 0.025657 0.025030
7 0.768173 0.775328 0.009163 0.022646
7 0.773671 0.501192 0.015272 0.015495
7 0.810935 0.436234 0.014050 0.016687
7 0.077276 0.522050 0.021381 0.019070
7 0.448687 0.240763 0.005498 0.021454
7 0.820098 0.786651 0.014050 0.021454
1 0.547087 0.258824 0.032721 0.151261
4 0.543895 0.160504 0.027933 0.031933
3 0.154030 0.610084 0.079808 0.057143
6 0.628492 0.741176 0.032721 0.033613
6 0.579808 0.740336 0.040702 0.042017
6 0.664804 0.695798 0.043097 0.040336
6 0.744613 0.729412 0.043097 0.030252
