7 0.638800 0.105800 0.026600 0.040100
7 0.117500 0.625300 0.036400 0.033000
6 0.587900 0.652200 0.067000 0.108400
4 0.503600 0.429900 0.047800 0.040400
0 0.039300 0.553800 0.081000 0.088300
7 0.188747 0.628571 0.032721 0.026891
7 0.611333 0.983193 0.011173 0.026891
7 0.915004 0.382353 0.031125 0.028571
7 0.215882 0.298319 0.018356 0.021849
7 0.147646 0.284874 0.028731 0.035294
6 0.409417 0.895798 0.039904 0.127731
0 0.713089 0.493277 0.109338 0.085714
6 0.513168 0.900840 0.044693 0.144538
6 0.860335 0.545378 0.075020 0.062185
6 0.912211 0.445378 0.073424 0.060504
