7 0.847600 0.676300 0.015100 0.024500
7 0.761100 0.454000 0.018000 0.021500
7 0.667600 0.724400 0.015800 0.025500
7 0.108600 0.455100 0.019900 0.021600
7 0.251200 0.729700 0.013600 0.021700
7 0.836500 0.655200 0.016800 0.026000
7 0.802700 0.673900 0.017200 0.032300
7 0.891600 0.684100 0.013500 0.022500
6 0.662900 0.644700 0.046400 0.040600
6 0.786100 0.607800 0.049500 0.045100
6 0.722200 0.572900 0.048400 0.043000
6 0.857600 0.425400 0.047800 0.043700
6 0.725500 0.469800 0.043400 0.054000
6 0.793900 0.512900 0.046400 0.036600
6 0.454600 0.634900 0.038100 0.041700
6 0.403700 0.689000 0.038400 0.044200
4 0.597700 0.516500 0.032600 0.026500
4 0.892000 0.568800 0.033700 0.027200
3 0.067600 0.702600 0.091400 0.056400
0 0.040900 0.539100 0.073700 0.051900
0 0.472100 0.388100 0.028900 0.125900
0 0.233900 0.537000 0.064800 0.050700
5 0.696329 0.419743 0.008779 0.043339
5 0.687151 0.418138 0.006385 0.033708
5 0.678771 0.419743 0.007183 0.033708
5 0.670391 0.421348 0.007981 0.033708
5 0.660814 0.424559 0.007981 0.040128
5 0.650838 0.421348 0.005587 0.040128
5 0.642059 0.419743 0.007183 0.036918
5 0.634078 0.431782 0.011971 0.032103
5 0.604948 0.415730 0.017558 0.025682
5 0.585395 0.402889 0.021548 0.019262
5 0.547885 0.337079 0.011971 0.041734
7 0.352779 0.864720 0.007941 0.025030
5 0.324068 0.700238 0.017715 0.013111
4 0.537874 0.117998 0.026268 0.028605
6 0.463653 0.233015 0.021991 0.067938
6 0.730299 0.675209 0.038485 0.029797
6 0.980452 0.657926 0.035431 0.038141
6 0.203115 0.710965 0.038485 0.032181
6 0.168296 0.712157 0.033598 0.034565
6 0.570250 0.680572 0.036042 0.038141
6 0.616371 0.684148 0.035431 0.033373
7 0.441662 0.408224 0.007330 0.015495
7 0.435553 0.441001 0.008552 0.014303
7 0.411118 0.489273 0.008552 0.013111
7 0.399206 0.502980 0.010385 0.011919
4 0.331399 0.528010 0.028711 0.021454
7 0.462126 0.283671 0.011607 0.021454
7 0.456933 0.277116 0.007330 0.020262
4 0.564447 0.336710 0.023213 0.032181
4 0.592547 0.381406 0.026878 0.021454
7 0.316432 0.670441 0.014661 0.015495
7 0.229383 0.792610 0.010385 0.019070
7 0.533293 0.743147 0.007330 0.015495
7 0.546732 0.742551 0.008552 0.021454
7 0.552841 0.729440 0.007330 0.016687
7 0.561393 0.729440 0.009774 0.016687
7 0.770922 0.677592 0.015883 0.020262
7 0.801161 0.705602 0.014050 0.016687
7 0.757789 0.722288 0.011607 0.023838
7 0.700061 0.713945 0.013439 0.021454
7 0.973732 0.228248 0.012217 0.015495
7 0.322847 0.851013 0.009163 0.019070
3 0.160049 0.545292 0.080635 0.053635
7 0.772755 0.394517 0.012217 0.016687
7 0.733048 0.423719 0.010996 0.022646
7 0.130422 0.957688 0.012828 0.025030
7 0.092547 0.958284 0.014050 0.019070
1 0.541899 0.212605 0.031923 0.146218
4 0.249800 0.692437 0.028731 0.023529
6 0.353152 0.658824 0.039106 0.036975
6 0.511173 0.673950 0.034318 0.036975
6 0.452514 0.681513 0.039904 0.035294
