7 0.927700 0.420600 0.017700 0.022600
7 0.165100 0.521100 0.019100 0.022100
7 0.137400 0.605300 0.017600 0.027800
7 0.563600 0.735800 0.014500 0.025600
7 0.152000 0.500500 0.017100 0.023100
7 0.685700 0.741800 0.017100 0.022100
7 0.157300 0.604800 0.017800 0.024600
7 0.396600 0.693900 0.013800 0.024100
7 0.795700 0.646900 0.014000 0.028900
7 0.323800 0.667000 0.013000 0.027100
7 0.486500 0.729500 0.012800 0.020800
7 0.659300 0.708800 0.014000 0.024400
7 0.812300 0.639100 0.014700 0.020900
7 0.534000 0.754600 0.012900 0.022100
7 0.862400 0.703800 0.014200 0.022500
7 0.750900 0.729200 0.014500 0.024400
7 0.461700 0.418200 0.012700 0.026900
6 0.619600 0.486200 0.043900 0.043700
6 0.672100 0.620600 0.048000 0.050100
6 0.547900 0.411800 0.036700 0.063600
4 0.340500 0.619200 0.036400 0.030400
1 0.244200 0.562800 0.063200 0.052900
0 0.484000 0.407700 0.028600 0.126100
0 0.050900 0.563000 0.075300 0.049800
0 0.244200 0.558500 0.063800 0.053800
5 0.725858 0.434189 0.010375 0.036918
5 0.711492 0.437400 0.007183 0.036918
5 0.701117 0.433387 0.007183 0.035313
5 0.693935 0.433387 0.007183 0.035313
5 0.684757 0.435795 0.007981 0.040128
5 0.675579 0.440610 0.007183 0.043339
5 0.656824 0.440610 0.006385 0.036918
5 0.648444 0.446228 0.010375 0.028892
5 0.616919 0.437400 0.015962 0.020867
5 0.597366 0.422151 0.023144 0.012841
5 0.560654 0.361156 0.010375 0.041734
6 0.181124 0.737783 0.032376 0.030989
6 0.215944 0.737187 0.038485 0.032181
6 0.285278 0.721692 0.040318 0.032181
6 0.463958 0.704410 0.043372 0.033373
6 0.522908 0.699046 0.035431 0.039333
6 0.583384 0.703814 0.039096 0.036949
6 0.629200 0.705006 0.032987 0.032181
6 0.932804 0.373063 0.035431 0.064362
4 0.550397 0.138260 0.029322 0.028605
4 0.576054 0.358760 0.018326 0.038141
4 0.605376 0.400477 0.025657 0.023838
4 0.343616 0.548868 0.027489 0.020262
7 0.380269 0.551847 0.009163 0.019070
7 0.852779 0.417163 0.010996 0.019070
7 0.799328 0.392133 0.012828 0.014303
7 0.774588 0.473778 0.013439 0.025030
7 0.790776 0.484505 0.014050 0.017878
7 0.547648 0.766985 0.009163 0.017878
7 0.561393 0.765197 0.009774 0.023838
5 0.942883 0.639452 0.028711 0.027414
7 0.967318 0.648987 0.010385 0.022646
7 0.961820 0.359952 0.015272 0.019070
5 0.335064 0.723480 0.021381 0.011919
7 0.396457 0.762813 0.009774 0.021454
5 0.895235 0.410012 0.022602 0.033373
7 0.047648 0.883194 0.013439 0.014303
3 0.170739 0.568534 0.080024 0.057211
7 0.104765 0.980334 0.014050 0.020262
7 0.143861 0.983909 0.011607 0.022646
7 0.367135 0.887366 0.007330 0.017878
7 0.358583 0.895113 0.009774 0.016687
1 0.554270 0.231933 0.032721 0.144538
7 0.490822 0.745378 0.009577 0.015126
6 0.414605 0.711765 0.039106 0.038655
6 0.373105 0.712605 0.037510 0.063866
6 0.701516 0.696639 0.044693 0.038655
6 0.737031 0.632773 0.045491 0.038655
6 0.744613 0.695798 0.041500 0.030252
6 0.720670 0.512605 0.046289 0.040336
7 0.845172 0.667227 0.012769 0.020168
6 0.901836 0.657983 0.039904 0.045378
6 0.858739 0.660504 0.046289 0.050420
6 0.894254 0.505042 0.045491 0.042017
