7 0.694600 0.349200 0.023500 0.031400
7 0.370500 0.718400 0.019300 0.038200
7 0.633900 0.086200 0.028100 0.047900
7 0.359000 0.667300 0.020000 0.032500
0 0.032500 0.547700 0.065700 0.085700
7 0.014366 0.620168 0.028731 0.023529
7 0.648843 0.678151 0.022346 0.038655
6 0.401836 0.890756 0.040702 0.124370
6 0.677973 0.422689 0.071030 0.065546
6 0.776935 0.438655 0.072626 0.060504
6 0.912610 0.455462 0.075818 0.067227
6 0.661213 0.576471 0.066241 0.067227
6 0.814844 0.568908 0.073424 0.065546
6 0.910215 0.541176 0.080607 0.063866
