7 0.472400 0.440000 0.012500 0.021200
7 0.769000 0.492800 0.019200 0.025300
7 0.466400 0.390900 0.014000 0.021500
7 0.462900 0.426200 0.015000 0.024800
7 0.361400 0.564300 0.014600 0.021600
7 0.647500 0.748200 0.014000 0.021300
7 0.465300 0.266500 0.014000 0.022900
7 0.007600 0.835900 0.015100 0.017900
7 0.535300 0.740800 0.010800 0.024700
7 0.618100 0.737900 0.012900 0.022900
7 0.789700 0.658300 0.018400 0.023700
7 0.009500 0.825700 0.016000 0.017400
7 0.358300 0.550000 0.017500 0.021500
6 0.489000 0.631800 0.042300 0.043800
6 0.515300 0.330800 0.028700 0.064500
6 0.703600 0.647700 0.043300 0.039400
6 0.581500 0.702400 0.041600 0.040700
0 0.242000 0.561800 0.064100 0.048000
0 0.509100 0.486700 0.041200 0.103100
0 0.197500 0.659900 0.068900 0.053700
0 0.049400 0.566600 0.072900 0.048500
5 0.721442 0.435638 0.008552 0.036949
5 0.706781 0.442193 0.007330 0.038141
5 0.696701 0.442193 0.005498 0.035757
5 0.688454 0.441597 0.006109 0.036949
5 0.680208 0.441597 0.006720 0.039333
5 0.670739 0.445173 0.006109 0.039333
5 0.660660 0.443385 0.005498 0.035757
5 0.652108 0.442193 0.005498 0.035757
5 0.644777 0.451132 0.010385 0.029797
5 0.612706 0.441597 0.013439 0.020262
5 0.594075 0.426698 0.020159 0.011919
5 0.556200 0.361144 0.010385 0.035757
6 0.179291 0.738975 0.031155 0.033373
6 0.215333 0.737783 0.039707 0.035757
6 0.370800 0.707986 0.037874 0.042908
6 0.412340 0.714541 0.037874 0.034565
6 0.626451 0.707986 0.033598 0.028605
6 0.740684 0.695471 0.040929 0.029797
6 0.982590 0.271752 0.023824 0.061979
6 0.925168 0.379023 0.033598 0.069130
4 0.571778 0.358164 0.020770 0.032181
4 0.602016 0.405840 0.028711 0.025030
4 0.340562 0.550060 0.026268 0.017878
4 0.546426 0.144219 0.026268 0.026222
7 0.543067 0.768772 0.009774 0.016687
7 0.557117 0.766389 0.008552 0.016687
7 0.562615 0.749702 0.008552 0.016687
7 0.569640 0.754470 0.006720 0.016687
7 0.596518 0.740167 0.010385 0.016687
7 0.625840 0.724076 0.006720 0.013111
7 0.483812 0.679380 0.008552 0.009535
7 0.488393 0.695471 0.009163 0.015495
7 0.880574 0.501788 0.015272 0.014303
7 0.962126 0.667461 0.018326 0.016687
7 0.822236 0.721692 0.013439 0.015495
7 0.810018 0.726460 0.013439 0.015495
7 0.759621 0.736591 0.020159 0.019070
7 0.374465 0.816448 0.008552 0.019070
7 0.478314 0.407628 0.008552 0.026222
5 0.478925 0.481526 0.012217 0.045292
6 0.542761 0.470799 0.033598 0.066746
5 0.332621 0.727056 0.020159 0.014303
0 0.946243 0.463051 0.063531 0.087008
7 0.102321 0.981526 0.010385 0.017878
7 0.139585 0.985101 0.011607 0.022646
7 0.573025 0.325210 0.011173 0.025210
1 0.551077 0.236134 0.031125 0.146218
7 0.094174 0.546218 0.014366 0.016807
3 0.168396 0.571429 0.076616 0.053782
6 0.460894 0.706723 0.043895 0.035294
6 0.831205 0.655462 0.045491 0.036975
6 0.591780 0.554622 0.040702 0.050420
6 0.697526 0.698319 0.043097 0.035294
6 0.984038 0.675630 0.028731 0.036975
