6 0.984500 0.409600 0.031800 0.032600
6 0.537909 0.699160 0.030327 0.033613
7 0.937749 0.216807 0.011173 0.020168
7 0.964485 0.343697 0.011971 0.021849
7 0.994014 0.224370 0.010375 0.015126
7 0.411812 0.942017 0.012769 0.021849
7 0.422187 0.944538 0.009577 0.023529
6 0.473663 0.811765 0.018356 0.057143
6 0.472466 0.897479 0.017558 0.063866
6 0.783320 0.589916 0.032721 0.030252
6 0.521947 0.495798 0.033520 0.040336
5 0.948923 0.310084 0.007981 0.031933
6 0.507981 0.569748 0.031125 0.026891
3 0.118117 0.484034 0.065443 0.040336
1 0.371907 0.479832 0.059058 0.042017
0 0.480447 0.373950 0.028731 0.092437
