7 0.381500 0.574400 0.017600 0.030000
7 0.541100 0.765100 0.016900 0.026200
7 0.558100 0.799700 0.014800 0.026100
7 0.470700 0.827100 0.017500 0.033000
7 0.501300 0.828700 0.017700 0.032500
7 0.743300 0.807700 0.020300 0.033500
7 0.990500 0.814300 0.017000 0.036000
7 0.876400 0.765200 0.016700 0.022400
7 0.862000 0.807600 0.018300 0.029000
7 0.553000 0.830800 0.015300 0.029700
4 0.194400 0.475000 0.037600 0.028200
0 0.082500 0.488400 0.105500 0.082300
0 0.451700 0.162400 0.045300 0.212800
5 0.810018 0.321216 0.008552 0.065554
5 0.796274 0.328963 0.010385 0.054827
5 0.781918 0.327175 0.009774 0.056019
5 0.767868 0.348629 0.013439 0.058403
5 0.756567 0.331347 0.007941 0.057211
5 0.739157 0.331347 0.009774 0.059595
5 0.728772 0.328963 0.009774 0.064362
5 0.715027 0.339690 0.017715 0.054827
5 0.667990 0.323600 0.025046 0.034565
5 0.637752 0.297974 0.032987 0.021454
5 0.580024 0.193683 0.016494 0.056019
6 0.614539 0.508343 0.063531 0.065554
6 0.084606 0.690107 0.076359 0.064362
6 0.033903 0.763409 0.066585 0.053635
6 0.508552 0.704410 0.059255 0.057211
6 0.615761 0.733015 0.061087 0.054827
6 0.683873 0.737187 0.055589 0.046484
6 0.860415 0.730036 0.072694 0.056019
5 0.465486 0.812277 0.026878 0.041716
7 0.843005 0.775328 0.025657 0.022646
7 0.838424 0.348033 0.027489 0.033373
7 0.911118 0.387366 0.028711 0.026222
7 0.985644 0.572706 0.026268 0.029797
7 0.988088 0.311681 0.020159 0.032181
7 0.886683 0.794994 0.020159 0.023838
7 0.641723 0.801549 0.016494 0.036949
7 0.573610 0.824791 0.015883 0.038141
7 0.907453 0.606675 0.021381 0.028605
7 0.922114 0.612038 0.018937 0.020262
7 0.927917 0.714541 0.029322 0.029797
5 0.044288 0.396901 0.047037 0.023838
4 0.593158 0.220501 0.031765 0.050060
4 0.630727 0.224672 0.034820 0.036949
4 0.650580 0.264601 0.042761 0.035757
7 0.918143 0.803337 0.017104 0.038141
7 0.717079 0.252941 0.013567 0.025210
