7 0.851700 0.691200 0.020800 0.032100
7 0.375700 0.763100 0.016200 0.046800
7 0.363300 0.764000 0.012900 0.042500
6 0.519100 0.483200 0.066900 0.061100
6 0.430900 0.102600 0.035100 0.130000
4 0.844400 0.474600 0.043300 0.041500
0 0.147400 0.443300 0.114600 0.098700
0 0.035000 0.557500 0.068900 0.082700
7 0.638069 0.100000 0.027933 0.038655
7 0.364326 0.985714 0.015164 0.025210
7 0.650040 0.675630 0.021548 0.030252
6 0.405427 0.904202 0.039904 0.124370
1 0.552674 0.106723 0.067837 0.213445
6 0.670790 0.459664 0.067837 0.062185
