6 0.485700 0.558800 0.025300 0.066100
6 0.983800 0.409700 0.033700 0.032700
6 0.538308 0.699160 0.031125 0.033613
7 0.922586 0.219328 0.011173 0.021849
7 0.964884 0.347059 0.011173 0.021849
7 0.857542 0.872269 0.010375 0.013445
7 0.412211 0.943697 0.010375 0.021849
7 0.422985 0.945378 0.007981 0.021849
6 0.473663 0.810084 0.018356 0.060504
6 0.472466 0.897479 0.017558 0.063866
0 0.476856 0.393277 0.031125 0.097479
1 0.337989 0.479832 0.055068 0.038655
5 0.947725 0.309244 0.007183 0.030252
5 0.882682 0.204202 0.011173 0.028571
6 0.782522 0.590756 0.032721 0.031933
6 0.574621 0.563866 0.030327 0.028571
