7 0.764600 0.477900 0.016600 0.022900
7 0.788100 0.381000 0.014900 0.022900
7 0.848500 0.692000 0.017300 0.025100
7 0.929900 0.648800 0.019400 0.027700
7 0.369200 0.760900 0.010800 0.021600
7 0.747200 0.721800 0.016100 0.023000
7 0.826000 0.694800 0.019700 0.024300
7 0.784000 0.686500 0.018000 0.025200
7 0.382500 0.717000 0.011000 0.021100
7 0.720600 0.738000 0.016400 0.023700
7 0.727700 0.721900 0.013000 0.019700
6 0.551600 0.590700 0.043300 0.045800
6 0.865700 0.436300 0.046100 0.043100
6 0.519500 0.316700 0.031000 0.068300
5 0.567000 0.473800 0.027100 0.027500
4 0.769100 0.543800 0.032100 0.029900
3 0.068300 0.705700 0.092300 0.060800
0 0.847700 0.512700 0.063000 0.068000
0 0.041300 0.542400 0.074000 0.053200
0 0.234600 0.542100 0.065900 0.052400
0 0.474900 0.395000 0.030300 0.126300
5 0.701915 0.430177 0.007183 0.041734
5 0.692338 0.428571 0.008779 0.038523
5 0.685555 0.431782 0.006385 0.038523
5 0.675978 0.430177 0.009577 0.041734
5 0.665204 0.434992 0.008779 0.041734
5 0.648444 0.429374 0.008779 0.040128
5 0.639266 0.436597 0.012769 0.032103
5 0.608540 0.427769 0.019952 0.024077
5 0.588587 0.412520 0.021548 0.019262
5 0.552674 0.349117 0.010375 0.043339
5 0.324679 0.709774 0.017715 0.015495
7 0.332010 0.644219 0.011607 0.015495
7 0.404398 0.505364 0.009774 0.014303
7 0.433415 0.478546 0.007941 0.015495
4 0.332621 0.534565 0.023824 0.017878
6 0.982896 0.672229 0.031765 0.038141
6 0.203421 0.719309 0.037874 0.036949
6 0.169212 0.717521 0.032987 0.030989
6 0.354918 0.670441 0.037874 0.044100
6 0.404398 0.701430 0.039096 0.034565
6 0.419670 0.658522 0.040318 0.039333
6 0.514050 0.684744 0.036042 0.039333
6 0.454490 0.691299 0.043983 0.033373
6 0.573610 0.693683 0.039096 0.035757
6 0.865302 0.653159 0.044594 0.040524
6 0.173183 0.631704 0.044594 0.035757
6 0.492975 0.110846 0.020770 0.078665
4 0.543372 0.125149 0.029933 0.030989
7 0.563836 0.067342 0.008552 0.027414
4 0.568723 0.344458 0.019548 0.035757
4 0.596213 0.389154 0.025657 0.025030
7 0.451130 0.303337 0.010385 0.017878
7 0.897984 0.699642 0.015883 0.014303
7 0.913561 0.675209 0.015272 0.017878
7 0.536347 0.755066 0.009774 0.017878
7 0.550397 0.753278 0.007330 0.023838
7 0.565669 0.743743 0.008552 0.019070
7 0.624007 0.736591 0.006720 0.021454
7 0.666768 0.717521 0.010385 0.019070
7 0.801466 0.399881 0.010996 0.015495
7 0.795968 0.415375 0.010996 0.015495
7 0.785278 0.418951 0.014050 0.015495
3 0.160354 0.548868 0.080024 0.063170
7 0.368662 0.790226 0.007941 0.014303
7 0.130116 0.964839 0.010996 0.020262
7 0.091936 0.964243 0.012828 0.019070
7 0.414783 0.493445 0.008552 0.011919
7 0.354001 0.870083 0.007941 0.021454
7 0.803604 0.752682 0.012828 0.015495
1 0.547885 0.219328 0.031125 0.146218
6 0.736233 0.685714 0.039106 0.030252
6 0.690742 0.685714 0.042298 0.040336
6 0.674381 0.615966 0.041500 0.038655
6 0.620511 0.692437 0.034318 0.033613
