6 0.507300 0.336500 0.022200 0.066500
6 0.537800 0.136800 0.021500 0.070100
3 0.897100 0.651500 0.087500 0.055100
0 0.539700 0.266400 0.027700 0.117400
7 0.428970 0.221849 0.008779 0.033613
7 0.583400 0.337815 0.015962 0.026891
6 0.478053 0.128571 0.020750 0.075630
6 0.499202 0.247899 0.021548 0.075630
6 0.475259 0.302521 0.027933 0.084034
6 0.444134 0.277311 0.019952 0.087395
6 0.436951 0.887395 0.019952 0.080672
6 0.484038 0.421008 0.019952 0.075630
4 0.440144 0.219328 0.011971 0.042017
4 0.471269 0.231933 0.011971 0.050420
4 0.075419 0.587395 0.019952 0.031933
4 0.043496 0.589076 0.032721 0.038655
7 0.221468 0.625210 0.010375 0.016807
7 0.213488 0.631933 0.011971 0.026891
1 0.226257 0.591597 0.090184 0.067227
0 0.138867 0.592437 0.068635 0.055462
