7 0.353700 0.608800 0.010400 0.027100
7 0.239000 0.503400 0.013900 0.023000
7 0.470200 0.726900 0.012400 0.021000
7 0.506300 0.737900 0.010900 0.023300
7 0.800200 0.706900 0.014400 0.023800
7 0.168600 0.530800 0.013900 0.023900
7 0.245700 0.720100 0.012700 0.021200
7 0.672300 0.725800 0.016800 0.022800
7 0.636100 0.744100 0.011000 0.021100
7 0.387900 0.760600 0.011200 0.019300
7 0.927500 0.675200 0.016100 0.025700
7 0.623700 0.739800 0.013100 0.021300
7 0.237100 0.739500 0.013100 0.019400
6 0.537900 0.495900 0.033200 0.071400
6 0.608900 0.593200 0.043600 0.042400
6 0.876200 0.598700 0.045200 0.037400
6 0.921000 0.495700 0.045800 0.050700
6 0.783900 0.581600 0.048000 0.042700
6 0.699700 0.694100 0.039300 0.039500
6 0.902100 0.654800 0.043800 0.048500
6 0.932600 0.422400 0.035200 0.052700
4 0.532400 0.602600 0.031300 0.025400
4 0.983200 0.379400 0.024900 0.047400
1 0.816600 0.509400 0.074100 0.061300
1 0.697300 0.531900 0.078200 0.056400
0 0.483000 0.406700 0.029200 0.125200
0 0.051900 0.557600 0.072800 0.049600
0 0.244200 0.555400 0.064100 0.048400
5 0.723464 0.434992 0.010375 0.041734
5 0.707901 0.437400 0.006385 0.036918
5 0.698324 0.434189 0.006385 0.033708
5 0.690742 0.430979 0.007183 0.033708
5 0.681963 0.433387 0.007183 0.035313
5 0.672386 0.441413 0.007183 0.041734
5 0.661612 0.438202 0.007981 0.038523
5 0.653232 0.440610 0.007183 0.040128
5 0.645650 0.443820 0.009577 0.027287
5 0.615722 0.435795 0.015164 0.020867
5 0.596967 0.422151 0.023943 0.012841
5 0.558659 0.359551 0.009577 0.038523
6 0.028100 0.690107 0.048870 0.038141
6 0.102932 0.668653 0.047037 0.042908
6 0.180513 0.733015 0.031155 0.033373
6 0.215027 0.730632 0.036652 0.035757
6 0.372022 0.702622 0.039096 0.048868
6 0.412951 0.707390 0.037874 0.039333
6 0.463042 0.700834 0.042761 0.035757
6 0.525657 0.696067 0.034820 0.040524
6 0.580024 0.700834 0.038485 0.038141
6 0.626451 0.700238 0.034820 0.032181
6 0.740684 0.693087 0.038485 0.029797
6 0.926695 0.376639 0.035431 0.064362
6 0.284973 0.714541 0.040929 0.039333
7 0.769701 0.449344 0.014661 0.014303
7 0.798412 0.405244 0.013439 0.014303
7 0.772144 0.407628 0.010996 0.016687
4 0.342089 0.545888 0.025657 0.016687
4 0.549481 0.140048 0.027489 0.027414
4 0.603238 0.401669 0.026268 0.023838
4 0.573305 0.355781 0.018937 0.039333
7 0.627673 0.719309 0.009163 0.013111
7 0.637752 0.724076 0.009774 0.017878
7 0.670434 0.746722 0.010385 0.017878
7 0.598351 0.722884 0.009163 0.017878
7 0.568723 0.753874 0.009774 0.020262
7 0.558949 0.759833 0.008552 0.022646
7 0.544288 0.764601 0.009774 0.013111
5 0.938302 0.644219 0.030544 0.022646
7 0.963348 0.666865 0.013439 0.017878
5 0.463348 0.227056 0.006720 0.044100
5 0.335064 0.717521 0.018937 0.016687
7 0.988393 0.039928 0.013439 0.025030
7 0.441051 0.461263 0.007330 0.021454
7 0.365302 0.884982 0.006109 0.020262
7 0.595602 0.436234 0.010996 0.014303
7 0.140501 0.974374 0.010996 0.022646
7 0.104154 0.978546 0.009163 0.023838
1 0.553073 0.230252 0.033520 0.147899
3 0.171189 0.563866 0.077414 0.052101
7 0.369513 0.721008 0.006385 0.010084
7 0.484038 0.743697 0.007183 0.018487
6 0.718276 0.624370 0.046289 0.035294
