5 0.473800 0.834000 0.009300 0.034000
4 0.152600 0.491900 0.027600 0.024000
3 0.960800 0.527600 0.061300 0.043300
0 0.628100 0.507500 0.052900 0.041300
0 0.945600 0.586600 0.053500 0.038700
0 0.405000 0.510800 0.055400 0.054900
7 0.549082 0.545378 0.007981 0.021849
7 0.545890 0.228571 0.007981 0.023529
7 0.551875 0.347059 0.011971 0.021849
7 0.553871 0.893277 0.009577 0.018487
7 0.586592 0.447899 0.007981 0.015126
7 0.668795 0.587395 0.007981 0.021849
7 0.885874 0.605882 0.007981 0.018487
7 0.442139 0.869748 0.006385 0.018487
7 0.161612 0.573950 0.010375 0.015126
7 0.045491 0.432773 0.012769 0.015126
4 0.456504 0.914286 0.020750 0.036975
4 0.458101 0.957983 0.017558 0.033613
4 0.440543 0.217647 0.007981 0.035294
4 0.441740 0.255462 0.008779 0.036975
6 0.816441 0.494958 0.030327 0.025210
6 0.444932 0.305042 0.016760 0.068908
6 0.476457 0.329412 0.015962 0.053782
6 0.456105 0.694118 0.018356 0.053782
6 0.448923 0.757983 0.015164 0.053782
6 0.496010 0.895798 0.016760 0.057143
4 0.533121 0.821008 0.011173 0.045378
1 0.711093 0.514286 0.059058 0.043697
0 0.885475 0.581513 0.048683 0.040336
4 0.596169 0.548739 0.023943 0.021849
0 0.443735 0.035294 0.022346 0.070588
1 0.043895 0.545378 0.063847 0.045378
0 0.226257 0.556303 0.048683 0.036975
0 0.284916 0.555462 0.046289 0.038655
