4 0.617000 0.533000 0.030000 0.029700
1 0.209600 0.621400 0.091600 0.064500
0 0.376900 0.555000 0.063800 0.081100
0 0.529400 0.646400 0.032700 0.123500
0 0.123300 0.629100 0.067400 0.051700
7 0.564645 0.338655 0.015164 0.031933
7 0.345172 0.652101 0.013567 0.020168
7 0.077015 0.631092 0.018356 0.018487
6 0.731045 0.527731 0.039904 0.040336
6 0.505986 0.169748 0.023943 0.070588
6 0.429769 0.143697 0.023144 0.085714
6 0.422985 0.285714 0.020750 0.080672
6 0.429769 0.905042 0.019952 0.082353
4 0.418595 0.227731 0.010375 0.038655
4 0.701516 0.570588 0.031923 0.025210
4 0.625299 0.574790 0.026337 0.026891
4 0.487630 0.632773 0.012769 0.052101
4 0.057063 0.630252 0.018356 0.033613
4 0.025938 0.633613 0.029529 0.036975
3 0.885874 0.631933 0.086193 0.057143
