7 0.469200 0.640400 0.010900 0.017000
7 0.540000 0.034300 0.011400 0.023900
4 0.462700 0.065300 0.011500 0.039000
0 0.941400 0.591900 0.054800 0.039800
0 0.881100 0.586300 0.050300 0.044800
0 0.507200 0.100300 0.019700 0.075700
7 0.550678 0.351261 0.011173 0.020168
7 0.622506 0.606723 0.007981 0.020168
7 0.431365 0.596639 0.010375 0.020168
7 0.626496 0.457143 0.009577 0.020168
7 0.711891 0.555462 0.007981 0.015126
7 0.707103 0.598319 0.007981 0.016807
4 0.454110 0.914286 0.019154 0.040336
4 0.454509 0.958824 0.019952 0.031933
4 0.440543 0.258824 0.007981 0.036975
4 0.440144 0.219328 0.007183 0.038655
0 0.443735 0.037815 0.022346 0.075630
4 0.504789 0.014286 0.010375 0.028571
0 0.284118 0.554622 0.047885 0.036975
0 0.225459 0.555462 0.050279 0.038655
1 0.043496 0.543697 0.063049 0.045378
1 0.511173 0.266387 0.023144 0.105882
1 0.646449 0.517647 0.047885 0.040336
1 0.719872 0.516807 0.057462 0.042017
1 0.800080 0.522689 0.056664 0.040336
4 0.510774 0.512605 0.009577 0.047059
6 0.443735 0.308403 0.015962 0.068908
6 0.208699 0.488235 0.035914 0.028571
6 0.454110 0.694118 0.017558 0.057143
6 0.447725 0.757143 0.015962 0.055462
6 0.591780 0.493277 0.029529 0.025210
6 0.593775 0.549580 0.030327 0.036975
6 0.626895 0.545378 0.029529 0.031933
3 0.723464 0.574790 0.059856 0.043697
