4 0.472500 0.108900 0.014600 0.044400
1 0.225200 0.590700 0.091000 0.064000
0 0.541000 0.268200 0.026600 0.114800
5 0.570231 0.978151 0.007183 0.036975
7 0.577813 0.985714 0.011173 0.025210
7 0.428970 0.363866 0.008779 0.038655
7 0.584198 0.338655 0.015962 0.028571
6 0.535914 0.056303 0.021548 0.072269
6 0.498404 0.142857 0.021548 0.080672
6 0.507183 0.221849 0.021548 0.070588
6 0.476457 0.270588 0.027135 0.084034
6 0.445730 0.277311 0.021548 0.090756
6 0.485235 0.381513 0.020750 0.073950
6 0.437350 0.888235 0.019154 0.075630
4 0.442139 0.216807 0.011173 0.043697
4 0.076616 0.584034 0.019154 0.031933
4 0.044693 0.588235 0.027135 0.033613
3 0.898244 0.652941 0.086991 0.055462
7 0.185555 0.631933 0.010375 0.020168
0 0.138867 0.591597 0.071828 0.057143
