4 0.611900 0.531300 0.037200 0.031300
1 0.203500 0.618500 0.091800 0.063800
0 0.115900 0.626000 0.070200 0.052200
7 0.565044 0.331092 0.014366 0.026891
7 0.548284 0.793277 0.011173 0.026891
7 0.168795 0.664706 0.011971 0.025210
7 0.185555 0.668067 0.010375 0.021849
4 0.472067 0.594958 0.011971 0.057143
6 0.463687 0.309244 0.019154 0.070588
6 0.426576 0.137815 0.024741 0.084034
6 0.420591 0.281513 0.020750 0.092437
6 0.328412 0.558824 0.043895 0.045378
6 0.427374 0.905882 0.019952 0.080672
4 0.416999 0.223529 0.010375 0.040336
4 0.047885 0.627731 0.020750 0.035294
4 0.017159 0.631933 0.029529 0.040336
3 0.889465 0.631092 0.086991 0.055462
7 0.264166 0.654622 0.012769 0.015126
