7 0.425700 0.067500 0.009700 0.022900
4 0.118800 0.500400 0.023400 0.020400
3 0.503500 0.314300 0.024500 0.106400
1 0.047000 0.548300 0.059000 0.047800
0 0.982400 0.548800 0.036700 0.040500
0 0.481100 0.509000 0.049500 0.042300
0 0.938000 0.588000 0.053100 0.039700
0 0.496200 0.148900 0.022200 0.093200
7 0.548683 0.351261 0.011971 0.023529
7 0.581804 0.452941 0.009577 0.021849
7 0.426177 0.588235 0.007981 0.013445
7 0.430567 0.317647 0.005587 0.016807
4 0.454509 0.910924 0.019952 0.036975
4 0.454908 0.955462 0.020750 0.031933
4 0.440144 0.260504 0.008779 0.033613
4 0.438947 0.223529 0.007981 0.036975
4 0.627694 0.500000 0.024741 0.018487
5 0.713887 0.489916 0.016760 0.018487
6 0.443735 0.310084 0.017558 0.068908
6 0.699920 0.523529 0.028731 0.031933
6 0.616520 0.555462 0.029529 0.031933
6 0.548284 0.570588 0.030327 0.048739
6 0.497207 0.700000 0.019154 0.058824
6 0.463687 0.652941 0.023943 0.052101
6 0.454908 0.697479 0.019154 0.053782
6 0.448524 0.757143 0.014366 0.055462
6 0.331205 0.489916 0.033520 0.028571
0 0.285714 0.556303 0.049481 0.040336
0 0.442139 0.041176 0.022346 0.078992
0 0.227454 0.556303 0.049481 0.040336
