7 0.635200 0.111900 0.029800 0.043200
7 0.360800 0.037000 0.015600 0.037600
6 0.393900 0.041300 0.037900 0.081700
6 0.967200 0.505200 0.065700 0.065800
5 0.625500 0.389100 0.044600 0.046200
0 0.036600 0.566100 0.074400 0.084700
0 0.562900 0.899900 0.053000 0.205300
7 0.355547 0.079832 0.008779 0.025210
7 0.344374 0.658824 0.013567 0.023529
7 0.038707 0.635294 0.032721 0.036975
6 0.405826 0.908403 0.040702 0.126050
6 0.444533 0.803361 0.030327 0.124370
6 0.847566 0.519328 0.084597 0.060504
6 0.766560 0.551261 0.069433 0.060504
6 0.693536 0.553782 0.071828 0.062185
6 0.737430 0.463025 0.071828 0.065546
1 0.542298 0.246218 0.053472 0.267227
0 0.331604 0.452941 0.114126 0.136134
