7 0.638800 0.111500 0.029900 0.043100
7 0.111800 0.639300 0.035700 0.034400
7 0.374000 0.770300 0.017500 0.042700
6 0.394300 0.040600 0.039400 0.080800
5 0.771500 0.421600 0.048100 0.038300
0 0.035100 0.565200 0.070700 0.086200
7 0.361133 0.854622 0.010375 0.055462
7 0.618915 0.733613 0.021548 0.038655
6 0.404230 0.910924 0.039106 0.124370
6 0.480048 0.884034 0.045491 0.131092
5 0.177973 0.381513 0.051077 0.036975
6 0.425778 0.473950 0.069433 0.067227
6 0.581405 0.444538 0.072626 0.062185
1 0.928970 0.521008 0.138867 0.100840
