7 0.583100 0.465500 0.013100 0.023300
0 0.914300 0.558600 0.073600 0.056000
0 0.493100 0.151800 0.026100 0.096500
0 0.443800 0.965800 0.036000 0.068800
0 0.492817 0.040336 0.026337 0.080672
1 0.535515 0.152941 0.028731 0.144538
1 0.724262 0.539496 0.069433 0.050420
3 0.883480 0.624370 0.086193 0.055462
4 0.433759 0.202521 0.010375 0.042017
4 0.075818 0.572269 0.019154 0.031933
4 0.045491 0.576471 0.027135 0.040336
6 0.438148 0.262185 0.020750 0.084034
6 0.472067 0.321849 0.019952 0.065546
6 0.503192 0.295798 0.019952 0.073950
6 0.293296 0.487395 0.043895 0.040336
6 0.432961 0.862185 0.019952 0.073950
7 0.575020 0.319328 0.015164 0.030252
0 0.138867 0.578151 0.067039 0.050420
1 0.249800 0.572269 0.089385 0.068908
7 0.032322 0.417647 0.018356 0.021849
