0 0.752800 0.445300 0.053100 0.051000
0 0.512900 0.369200 0.029200 0.097000
6 0.534717 0.697479 0.031923 0.033613
7 0.969673 0.355462 0.012769 0.025210
7 0.954908 0.833613 0.013567 0.020168
7 0.796887 0.573109 0.011971 0.020168
7 0.406624 0.942017 0.008779 0.018487
7 0.798085 0.843697 0.009577 0.013445
7 0.795291 0.833613 0.010375 0.020168
6 0.468476 0.808403 0.019154 0.060504
6 0.466081 0.894118 0.017558 0.063866
6 0.983639 0.421849 0.029529 0.030252
5 0.952514 0.320168 0.008779 0.028571
6 0.733839 0.552101 0.023144 0.058824
6 0.404230 0.463866 0.032721 0.030252
7 0.995211 0.437815 0.006385 0.015126
