7 0.224800 0.498400 0.018200 0.022100
7 0.869200 0.470600 0.020100 0.024900
7 0.804400 0.531100 0.018700 0.027400
7 0.452300 0.742600 0.013500 0.020200
7 0.206500 0.811000 0.012400 0.024800
7 0.830100 0.447700 0.014800 0.025400
7 0.901000 0.602200 0.020000 0.030400
7 0.124100 0.824800 0.015700 0.021200
7 0.786900 0.643600 0.014100 0.022000
7 0.389100 0.765000 0.013200 0.020400
7 0.144700 0.784000 0.016200 0.022600
7 0.797500 0.351000 0.014500 0.020200
7 0.766400 0.702000 0.013800 0.025600
7 0.736200 0.703000 0.014300 0.024600
7 0.807600 0.664700 0.022100 0.019900
7 0.362300 0.958300 0.011300 0.022400
6 0.725600 0.621700 0.047100 0.046200
6 0.878400 0.405100 0.045400 0.045300
6 0.489100 0.154500 0.023700 0.072400
6 0.696900 0.458600 0.043700 0.050700
6 0.714900 0.513900 0.051300 0.042000
4 0.739900 0.566100 0.028300 0.027800
4 0.354800 0.531200 0.029400 0.021900
3 0.093800 0.720200 0.089900 0.058800
1 0.560500 0.208600 0.034100 0.141000
0 0.064100 0.558400 0.074700 0.050500
0 0.255400 0.546300 0.065000 0.048800
0 0.492500 0.387700 0.028000 0.120000
5 0.717079 0.406902 0.007183 0.036918
5 0.707103 0.407705 0.006385 0.032103
5 0.698324 0.410112 0.006385 0.033708
5 0.691141 0.410915 0.006385 0.032103
5 0.681165 0.412520 0.007183 0.032103
5 0.671189 0.412520 0.006385 0.032103
5 0.663208 0.411717 0.006385 0.033708
5 0.654030 0.419743 0.011971 0.027287
5 0.624102 0.411717 0.014366 0.020867
5 0.605746 0.397271 0.022346 0.014446
5 0.567039 0.329856 0.011971 0.030498
7 0.382407 0.871871 0.008552 0.025030
5 0.347892 0.705602 0.015272 0.021454
6 0.755956 0.661502 0.038485 0.030989
7 0.422419 0.504172 0.009163 0.011919
7 0.433720 0.490465 0.008552 0.013111
7 0.456933 0.443981 0.009774 0.015495
7 0.461820 0.411204 0.007330 0.016687
7 0.510385 0.449344 0.010385 0.021454
6 0.228772 0.724076 0.037263 0.034565
6 0.195480 0.724672 0.031765 0.030989
6 0.427611 0.693087 0.037874 0.036949
6 0.476787 0.681168 0.040929 0.034565
6 0.479536 0.641240 0.037874 0.035757
6 0.535431 0.669845 0.037263 0.040524
6 0.594685 0.675209 0.039707 0.041716
4 0.554062 0.115018 0.026878 0.027414
4 0.582468 0.333135 0.018937 0.036949
4 0.613928 0.373659 0.026878 0.027414
7 0.484117 0.317044 0.010385 0.019070
7 0.475260 0.309297 0.009774 0.017878
7 0.147831 0.803337 0.013439 0.021454
7 0.531155 0.812872 0.011607 0.016687
7 0.559255 0.738975 0.010385 0.014303
7 0.573305 0.737187 0.007941 0.025030
7 0.585217 0.725268 0.007330 0.015495
5 0.884239 0.641836 0.026268 0.029797
7 0.908674 0.650775 0.017715 0.021454
7 0.947159 0.608462 0.016494 0.020262
7 0.816738 0.439809 0.009774 0.016687
7 0.806353 0.435638 0.010996 0.017878
7 0.781918 0.440405 0.014661 0.020262
7 0.125229 0.467819 0.013439 0.020262
7 0.356139 0.818236 0.010996 0.022646
3 0.182651 0.559595 0.080635 0.056019
7 0.474649 0.066150 0.008552 0.017878
7 0.122175 0.969607 0.012217 0.022646
7 0.159743 0.973182 0.010385 0.022646
6 0.555068 0.628571 0.040702 0.040336
6 0.536712 0.573109 0.042298 0.040336
4 0.275339 0.705882 0.028731 0.023529
6 0.642059 0.673950 0.032721 0.033613
