7 0.030600 0.817200 0.017500 0.021800
7 0.789000 0.591200 0.017000 0.025200
7 0.786700 0.639600 0.015600 0.027400
7 0.810700 0.688400 0.017800 0.028200
7 0.592200 0.734000 0.013200 0.027500
7 0.742900 0.727000 0.017700 0.025900
7 0.373300 0.748700 0.013900 0.025000
7 0.465700 0.757100 0.013500 0.027100
7 0.454000 0.373600 0.009800 0.024800
7 0.540300 0.726700 0.011900 0.023600
6 0.859800 0.438700 0.049600 0.041400
4 0.971200 0.395700 0.024200 0.044200
4 0.249300 0.712000 0.029600 0.030400
3 0.066200 0.715600 0.092100 0.054700
0 0.038700 0.550400 0.075700 0.051000
0 0.472300 0.400200 0.029100 0.122200
0 0.233300 0.548900 0.069000 0.053800
5 0.697925 0.434992 0.007183 0.041734
5 0.689146 0.435795 0.007183 0.036918
5 0.681564 0.437400 0.007981 0.033708
5 0.671987 0.438202 0.007981 0.038523
5 0.663208 0.439807 0.007981 0.038523
5 0.652434 0.433387 0.008779 0.035313
5 0.644054 0.435795 0.007981 0.036918
5 0.634477 0.440610 0.012769 0.027287
5 0.605347 0.433387 0.016760 0.025682
5 0.585395 0.417335 0.021548 0.022472
5 0.550678 0.348315 0.011173 0.032103
7 0.652833 0.460674 0.011173 0.022472
7 0.351558 0.880215 0.007941 0.015495
5 0.322541 0.715137 0.017104 0.014303
6 0.983201 0.317640 0.028711 0.082241
6 0.731827 0.690703 0.040318 0.032181
6 0.616677 0.699642 0.032376 0.033373
6 0.401344 0.705006 0.037874 0.034565
6 0.201894 0.725268 0.037263 0.034565
6 0.168296 0.724672 0.031155 0.033373
6 0.172266 0.636472 0.045205 0.035757
6 0.465486 0.292610 0.036652 0.070322
6 0.481368 0.106079 0.020770 0.071514
7 0.401955 0.512515 0.008552 0.011919
7 0.413256 0.498808 0.007941 0.013111
7 0.436469 0.457092 0.009163 0.015495
7 0.440745 0.426103 0.006720 0.017878
4 0.332010 0.541120 0.023824 0.019070
7 0.543067 0.367700 0.007330 0.013111
7 0.545205 0.382598 0.006720 0.016687
4 0.538790 0.131108 0.029322 0.030989
4 0.566280 0.348033 0.015883 0.028605
4 0.593464 0.394517 0.026268 0.021454
7 0.534820 0.757449 0.009163 0.017878
7 0.547343 0.759833 0.008552 0.020262
7 0.551619 0.743743 0.008552 0.019070
7 0.558949 0.731228 0.008552 0.017878
7 0.759621 0.737187 0.009163 0.022646
7 0.894930 0.700238 0.014661 0.017878
7 0.134087 0.464243 0.012828 0.017878
7 0.927611 0.426103 0.018937 0.015495
3 0.158827 0.556615 0.079414 0.052443
7 0.090409 0.972586 0.014661 0.019070
7 0.128283 0.973182 0.012217 0.022646
7 0.762981 0.470203 0.019548 0.015495
6 0.452963 0.695471 0.044594 0.036949
1 0.543097 0.225210 0.032721 0.147899
6 0.319633 0.616807 0.039106 0.040336
6 0.353551 0.675630 0.039904 0.040336
6 0.570231 0.695798 0.039106 0.040336
6 0.510774 0.689076 0.036712 0.040336
6 0.430168 0.654622 0.038308 0.042017
7 0.937749 0.678992 0.007981 0.016807
7 0.877095 0.655462 0.012769 0.023529
6 0.854350 0.647059 0.045491 0.033613
6 0.979649 0.673109 0.039106 0.035294
