7 0.528100 0.801400 0.015100 0.031100
7 0.447800 0.801900 0.015900 0.031100
7 0.686700 0.786500 0.017600 0.024500
7 0.956300 0.592400 0.023800 0.030300
7 0.546900 0.787400 0.014000 0.024800
7 0.372600 0.690400 0.014100 0.037300
7 0.784800 0.789800 0.016200 0.030400
6 0.289400 0.534700 0.059800 0.071000
4 0.208400 0.452500 0.043400 0.031500
0 0.465000 0.139900 0.045900 0.197700
0 0.097100 0.461700 0.101500 0.080600
5 0.818265 0.307509 0.009163 0.064362
5 0.804826 0.312277 0.009163 0.061979
5 0.790165 0.307509 0.009163 0.054827
5 0.776115 0.329559 0.012828 0.060787
5 0.763897 0.314660 0.010385 0.061979
5 0.747709 0.312872 0.008552 0.060787
5 0.737935 0.309297 0.009774 0.065554
5 0.722969 0.323600 0.017715 0.053635
5 0.676848 0.305125 0.026878 0.038141
5 0.646915 0.279499 0.031765 0.017878
5 0.590104 0.173421 0.015883 0.053635
6 0.092853 0.659714 0.076970 0.060787
6 0.046732 0.735995 0.071472 0.053635
6 0.519853 0.682360 0.061087 0.058403
6 0.625840 0.707986 0.064142 0.057211
6 0.692731 0.714541 0.054979 0.041716
6 0.869273 0.707986 0.067196 0.054827
7 0.926390 0.730632 0.023824 0.028605
7 0.906231 0.743147 0.021381 0.020262
7 0.815516 0.786055 0.024435 0.029797
7 0.582468 0.806317 0.014050 0.032181
7 0.581552 0.771752 0.019548 0.029797
7 0.562920 0.805721 0.012828 0.028605
5 0.540623 0.750894 0.029322 0.047676
7 0.926390 0.292014 0.028711 0.040524
7 0.978009 0.412992 0.025657 0.025030
7 0.965180 0.458880 0.025657 0.030989
5 0.057728 0.372467 0.045816 0.034565
4 0.604459 0.200834 0.031155 0.046484
4 0.642028 0.207390 0.039096 0.045292
4 0.659438 0.246126 0.042150 0.039333
7 0.970373 0.747914 0.025046 0.029797
7 0.920586 0.369487 0.031765 0.023838
7 0.923946 0.784863 0.017715 0.036949
7 0.725060 0.231933 0.015164 0.023529
7 0.539904 0.761345 0.013567 0.026891
