7 0.198900 0.632200 0.015200 0.025500
7 0.220600 0.623300 0.013600 0.022900
6 0.538200 0.137900 0.021300 0.075700
3 0.897500 0.650900 0.087900 0.055000
1 0.224800 0.590800 0.090500 0.063800
7 0.428172 0.253782 0.010375 0.026891
0 0.539505 0.265546 0.027135 0.121008
4 0.471668 0.226891 0.012769 0.053782
4 0.440942 0.216807 0.010375 0.043697
4 0.075419 0.585714 0.018356 0.035294
4 0.043097 0.589076 0.030327 0.038655
6 0.478452 0.062185 0.019952 0.077311
6 0.504789 0.322689 0.021548 0.070588
6 0.476057 0.300840 0.027933 0.080672
6 0.444134 0.277311 0.019952 0.087395
6 0.498803 0.224370 0.020750 0.075630
6 0.436552 0.887395 0.019154 0.080672
6 0.484437 0.415126 0.020750 0.073950
7 0.583001 0.336134 0.015164 0.026891
0 0.138468 0.590756 0.067837 0.055462
