7 0.570300 0.843400 0.014700 0.023700
7 0.195800 0.663200 0.011700 0.024100
6 0.213700 0.544700 0.043700 0.045700
4 0.613900 0.528800 0.033200 0.027600
1 0.511000 0.157300 0.032800 0.149000
0 0.117000 0.625600 0.068700 0.053800
3 0.887869 0.629412 0.088587 0.055462
4 0.416201 0.222689 0.010375 0.042017
4 0.482043 0.907563 0.014366 0.060504
4 0.049082 0.626050 0.019952 0.038655
4 0.017957 0.630252 0.029529 0.043697
6 0.426576 0.137815 0.026337 0.087395
6 0.463288 0.411765 0.019952 0.070588
6 0.426177 0.905042 0.020750 0.078992
6 0.420591 0.278992 0.020750 0.087395
7 0.563049 0.335294 0.015164 0.031933
7 0.233839 0.651261 0.015962 0.025210
1 0.204709 0.617647 0.093376 0.065546
