7 0.530400 0.924300 0.016700 0.032100
7 0.775600 0.345400 0.016500 0.024700
7 0.246300 0.986500 0.016200 0.026200
7 0.676900 0.836000 0.012900 0.021300
7 0.282700 0.956800 0.014200 0.027200
6 0.550800 0.503700 0.047100 0.114300
5 0.636100 0.753800 0.040400 0.027900
0 0.073500 0.581700 0.110100 0.081300
0 0.459500 0.246300 0.049400 0.199200
6 0.890348 0.572110 0.076359 0.059595
6 0.793830 0.804529 0.076359 0.066746
6 0.881491 0.857569 0.073305 0.058403
6 0.693647 0.861740 0.060476 0.045292
6 0.624924 0.852205 0.064753 0.061979
6 0.409285 0.843266 0.064753 0.065554
6 0.402566 0.673421 0.067196 0.069130
1 0.586133 0.098331 0.047037 0.196663
7 0.286194 0.925507 0.023824 0.027414
7 0.520770 0.969607 0.017715 0.044100
7 0.558033 0.948153 0.012828 0.034565
7 0.581552 0.948749 0.015883 0.038141
7 0.583995 0.919547 0.014661 0.036949
7 0.603543 0.928486 0.014661 0.030989
7 0.978314 0.842670 0.031155 0.030989
7 0.936775 0.500596 0.029933 0.030989
7 0.828039 0.923123 0.031155 0.039333
7 0.819487 0.856377 0.022602 0.025030
7 0.981368 0.367104 0.021381 0.023838
4 0.605987 0.310489 0.034209 0.056019
4 0.644472 0.323004 0.036652 0.030989
4 0.665241 0.359952 0.045205 0.035757
4 0.187844 0.570918 0.042150 0.028605
5 0.592242 0.283075 0.017715 0.058403
5 0.651497 0.395709 0.038485 0.023838
5 0.682346 0.423123 0.031765 0.030989
5 0.730910 0.443981 0.020159 0.056019
5 0.746487 0.430274 0.009774 0.064362
5 0.758400 0.432658 0.010385 0.061979
5 0.771839 0.427294 0.012828 0.070322
5 0.783445 0.449344 0.018937 0.069130
5 0.801772 0.426698 0.011607 0.066746
5 0.816432 0.428486 0.014050 0.067938
5 0.831399 0.426103 0.012217 0.067938
5 0.030849 0.486293 0.049481 0.028605
7 0.426390 0.362336 0.017104 0.026222
4 0.539707 0.339690 0.029933 0.083433
7 0.937385 0.939213 0.016494 0.028605
