7 0.262900 0.319600 0.018500 0.030800
7 0.344900 0.641000 0.017600 0.029100
7 0.015400 0.637200 0.027500 0.029100
6 0.394100 0.040200 0.036200 0.081400
5 0.944400 0.463600 0.041900 0.036400
0 0.556800 0.899900 0.047900 0.211600
0 0.037200 0.569000 0.076700 0.086100
7 0.636872 0.120168 0.028731 0.042017
7 0.358340 0.647899 0.017558 0.031933
7 0.961293 0.400840 0.035914 0.045378
6 0.405826 0.912605 0.040702 0.124370
6 0.474062 0.700000 0.035116 0.126050
6 0.737430 0.469748 0.071828 0.065546
6 0.764964 0.558824 0.072626 0.058824
6 0.688747 0.560504 0.070231 0.062185
1 0.565842 0.124370 0.055866 0.245378
1 0.486433 0.146218 0.072626 0.292437
6 0.848364 0.527731 0.083001 0.057143
