6 0.535515 0.698319 0.031923 0.035294
7 0.973264 0.358824 0.010375 0.025210
7 0.602554 0.614286 0.009577 0.018487
7 0.752993 0.411765 0.010375 0.016807
7 0.407422 0.944538 0.010375 0.016807
7 0.416201 0.947899 0.008779 0.016807
7 0.794493 0.626891 0.007183 0.016807
7 0.799681 0.626891 0.007981 0.013445
6 0.468875 0.809244 0.018356 0.062185
6 0.466879 0.895798 0.017558 0.060504
6 0.986433 0.423529 0.023943 0.030252
5 0.955307 0.321849 0.006385 0.025210
6 0.727853 0.426891 0.036712 0.036975
0 0.374302 0.464706 0.049481 0.038655
0 0.230646 0.460504 0.051077 0.043697
6 0.436552 0.449580 0.031923 0.042017
7 0.994014 0.442017 0.010375 0.016807
