6 0.538707 0.700000 0.030327 0.035294
7 0.988827 0.386555 0.009577 0.016807
7 0.763767 0.436975 0.009577 0.016807
7 0.980048 0.357143 0.011173 0.021849
7 0.407422 0.944538 0.008779 0.016807
7 0.417398 0.947059 0.009577 0.018487
7 0.801277 0.634454 0.007981 0.015126
7 0.804868 0.633613 0.008779 0.013445
6 0.469673 0.811765 0.018356 0.060504
6 0.467678 0.899160 0.019154 0.067227
5 0.964086 0.321849 0.007981 0.028571
6 0.238228 0.464706 0.032721 0.035294
6 0.422187 0.457983 0.033520 0.028571
4 0.825619 0.505042 0.023144 0.021849
3 0.602554 0.489076 0.063847 0.043697
0 0.934557 0.624370 0.039904 0.099160
