0 0.286400 0.557500 0.049700 0.036400
0 0.944300 0.588300 0.054300 0.040600
0 0.445300 0.038300 0.022000 0.075000
7 0.547087 0.124370 0.010375 0.020168
7 0.552275 0.709244 0.007981 0.023529
7 0.552674 0.758824 0.008779 0.021849
7 0.550678 0.350420 0.012769 0.021849
7 0.596568 0.602521 0.007183 0.018487
7 0.585794 0.451261 0.009577 0.021849
7 0.846768 0.605042 0.009577 0.016807
7 0.440942 0.724370 0.007183 0.013445
7 0.250998 0.584034 0.013567 0.015126
7 0.424182 0.021849 0.007183 0.023529
4 0.456105 0.914286 0.019952 0.036975
4 0.457302 0.961345 0.019154 0.033613
4 0.440543 0.220168 0.007981 0.036975
4 0.441740 0.260504 0.008779 0.033613
0 0.884677 0.582353 0.048683 0.042017
0 0.627694 0.509244 0.050279 0.040336
0 0.227454 0.557143 0.049481 0.038655
1 0.710295 0.516807 0.059058 0.038655
1 0.045092 0.546218 0.063049 0.047059
3 0.675579 0.570588 0.059856 0.038655
4 0.598164 0.552941 0.021548 0.020168
6 0.445730 0.309244 0.015164 0.063866
6 0.804469 0.495798 0.028731 0.026891
6 0.455706 0.694958 0.019154 0.055462
6 0.450120 0.757983 0.015962 0.057143
6 0.484038 0.867227 0.016760 0.060504
