0 0.209800 0.494000 0.055500 0.045400
0 0.943700 0.587400 0.055700 0.039700
0 0.627800 0.508700 0.052700 0.041700
7 0.547087 0.173109 0.008779 0.020168
7 0.540303 0.638655 0.009577 0.016807
7 0.551077 0.350420 0.010375 0.021849
7 0.551077 0.821008 0.008779 0.021849
7 0.585794 0.448739 0.009577 0.016807
7 0.633280 0.602521 0.008779 0.018487
7 0.875499 0.604202 0.011173 0.018487
4 0.456105 0.915966 0.019952 0.040336
4 0.456903 0.960504 0.021548 0.031933
4 0.440144 0.219328 0.008779 0.038655
4 0.441341 0.259664 0.007981 0.035294
4 0.595371 0.550420 0.027135 0.021849
6 0.803671 0.495798 0.030327 0.026891
6 0.445331 0.307563 0.015962 0.067227
6 0.480447 0.609244 0.017558 0.055462
6 0.455706 0.694958 0.019154 0.055462
6 0.450120 0.757983 0.015962 0.053782
3 0.798484 0.557983 0.059856 0.053782
1 0.044693 0.547899 0.062251 0.047059
0 0.443336 0.037815 0.023144 0.072269
0 0.227454 0.557143 0.049481 0.038655
0 0.285714 0.556303 0.047885 0.040336
0 0.883480 0.583193 0.047885 0.043697
1 0.710295 0.516807 0.059058 0.042017
