7 0.546900 0.572700 0.013200 0.017200
6 0.478300 0.683500 0.017500 0.054900
0 0.286900 0.552400 0.049300 0.037000
0 0.513100 0.203600 0.021400 0.089400
0 0.935500 0.588200 0.053700 0.039800
0 0.445000 0.039700 0.021800 0.078500
7 0.023943 0.569748 0.011173 0.020168
7 0.542298 0.169748 0.008779 0.020168
7 0.548284 0.351261 0.012769 0.020168
7 0.701915 0.593277 0.007183 0.020168
4 0.454908 0.905882 0.017558 0.040336
4 0.454908 0.950420 0.019154 0.035294
4 0.440543 0.259664 0.007981 0.038655
4 0.440144 0.221008 0.007183 0.042017
4 0.442937 0.188235 0.009577 0.047059
0 0.876696 0.583193 0.048683 0.040336
0 0.745810 0.520168 0.047087 0.035294
0 0.648843 0.516807 0.043097 0.038655
0 0.229050 0.552101 0.049481 0.038655
1 0.050678 0.542017 0.063049 0.045378
1 0.523144 0.838655 0.023144 0.114286
4 0.593775 0.557983 0.022346 0.020168
6 0.444932 0.309244 0.016760 0.070588
6 0.864326 0.541176 0.028731 0.030252
6 0.827215 0.536134 0.029529 0.026891
6 0.792099 0.502521 0.029529 0.030252
6 0.699920 0.530252 0.031923 0.028571
6 0.514366 0.557983 0.016760 0.057143
6 0.480846 0.785714 0.016760 0.062185
6 0.447725 0.750420 0.015962 0.055462
6 0.454908 0.690756 0.017558 0.053782
4 0.480447 0.595798 0.011173 0.038655
3 0.721069 0.571429 0.058260 0.040336
6 0.490024 0.961345 0.015962 0.063866
0 0.584996 0.514286 0.052674 0.043697
