7 0.793000 0.394400 0.019300 0.024900
7 0.870100 0.402300 0.019700 0.028900
7 0.157500 0.724700 0.018800 0.027100
7 0.504100 0.690300 0.013400 0.024900
7 0.917500 0.345700 0.015700 0.024700
7 0.849900 0.626700 0.019300 0.024700
7 0.827800 0.632200 0.016700 0.023900
7 0.933400 0.345500 0.015700 0.023000
7 0.188200 0.712200 0.015700 0.021700
7 0.441100 0.486800 0.015600 0.023700
7 0.682000 0.674300 0.013200 0.024900
7 0.797400 0.587500 0.014700 0.024400
7 0.384900 0.497600 0.012700 0.022100
7 0.336400 0.661500 0.012700 0.020700
7 0.488100 0.256600 0.014800 0.028500
7 0.492100 0.150300 0.015700 0.023100
7 0.601400 0.664400 0.013000 0.021300
7 0.595700 0.681600 0.013400 0.018900
7 0.823100 0.609800 0.016200 0.022900
6 0.255600 0.599300 0.042500 0.044600
6 0.746700 0.568500 0.046200 0.049700
0 0.614400 0.470800 0.054000 0.053200
0 0.962900 0.399500 0.068100 0.082600
0 0.628000 0.547400 0.068600 0.060200
0 0.074800 0.494100 0.073800 0.050500
0 0.265900 0.490000 0.064200 0.049700
0 0.509900 0.266100 0.027600 0.104900
5 0.742822 0.367700 0.007330 0.036949
5 0.727550 0.370679 0.008552 0.040524
5 0.718387 0.372467 0.006109 0.041716
5 0.711057 0.368296 0.007330 0.035757
5 0.702199 0.373063 0.005498 0.038141
5 0.691814 0.376043 0.007941 0.044100
5 0.682040 0.375447 0.005498 0.035757
5 0.673488 0.374255 0.006720 0.035757
5 0.665241 0.380810 0.010996 0.029797
5 0.634392 0.370083 0.016494 0.020262
5 0.615455 0.358164 0.021381 0.015495
5 0.578497 0.290822 0.008552 0.035757
6 0.204032 0.666269 0.031765 0.030989
6 0.240379 0.663886 0.040929 0.030989
6 0.309407 0.646603 0.043372 0.032181
6 0.394930 0.635876 0.038485 0.044100
6 0.436469 0.643027 0.037263 0.036949
6 0.485644 0.633492 0.043983 0.036949
6 0.601100 0.631108 0.039096 0.036949
6 0.648748 0.634088 0.032987 0.033373
6 0.762370 0.624553 0.039096 0.028605
6 0.946549 0.307509 0.037263 0.064362
4 0.569334 0.073897 0.029322 0.023838
4 0.596213 0.289035 0.015883 0.034565
4 0.625535 0.335518 0.028100 0.027414
4 0.364386 0.481526 0.023824 0.016687
7 0.554979 0.659714 0.007941 0.020262
7 0.562615 0.671633 0.008552 0.015495
7 0.559866 0.685936 0.009163 0.015495
7 0.566585 0.697855 0.007941 0.017878
7 0.580941 0.693683 0.009774 0.021454
7 0.827734 0.597735 0.015883 0.020262
7 0.510996 0.626937 0.009163 0.016687
7 0.509774 0.609654 0.009163 0.015495
7 0.586133 0.680572 0.009163 0.014303
7 0.982285 0.596544 0.018326 0.013111
5 0.482590 0.162694 0.008552 0.044100
7 0.506109 0.021454 0.007941 0.033373
7 0.549481 0.497020 0.010385 0.021454
5 0.357666 0.653159 0.021381 0.016687
7 0.330483 0.684148 0.010996 0.016687
7 0.382407 0.479738 0.009774 0.015495
7 0.462737 0.392729 0.007941 0.017878
7 0.373244 0.804529 0.010996 0.021454
7 0.164630 0.907628 0.011607 0.020262
7 0.128283 0.904648 0.010996 0.019070
7 0.647831 0.651371 0.007941 0.013111
1 0.573823 0.166387 0.031923 0.147899
7 0.169194 0.467227 0.007981 0.016807
3 0.193935 0.500840 0.075020 0.057143
6 0.486832 0.568908 0.039904 0.038655
6 0.719473 0.625210 0.043895 0.036975
6 0.733839 0.458824 0.043895 0.036975
