0 0.473500 0.202300 0.028100 0.109400
0 0.510100 0.039300 0.024600 0.078100
0 0.473500 0.057500 0.025800 0.098500
5 0.420192 0.175630 0.010375 0.042017
7 0.569034 0.323529 0.015962 0.031933
7 0.555467 0.226891 0.011173 0.026891
7 0.562251 0.238655 0.010375 0.023529
7 0.412610 0.244538 0.009577 0.025210
7 0.396648 0.613445 0.011173 0.020168
6 0.430966 0.269748 0.020750 0.085714
6 0.432562 0.868908 0.020750 0.073950
6 0.294892 0.603361 0.045491 0.033613
4 0.040702 0.596639 0.031923 0.040336
4 0.426576 0.213445 0.011971 0.040336
4 0.535515 0.064706 0.012769 0.048739
3 0.878292 0.618487 0.085395 0.057143
2 0.523943 0.252941 0.048683 0.290756
0 0.134876 0.594958 0.068635 0.050420
