6 0.476700 0.126900 0.015600 0.056300
1 0.950700 0.549800 0.062200 0.047100
1 0.041600 0.536900 0.063800 0.048400
0 0.086800 0.480300 0.050100 0.040600
0 0.477800 0.519100 0.055900 0.046600
0 0.946700 0.608800 0.053100 0.039500
0 0.483700 0.236500 0.023500 0.094200
0 0.520200 0.351000 0.019900 0.078300
0 0.518700 0.221200 0.022400 0.095600
7 0.552275 0.355462 0.012769 0.025210
7 0.582203 0.454622 0.010375 0.018487
7 0.699920 0.190756 0.009577 0.021849
7 0.164804 0.431933 0.008779 0.016807
4 0.450519 0.919328 0.021548 0.040336
4 0.451317 0.965546 0.021548 0.031933
4 0.442937 0.219328 0.007981 0.038655
4 0.443735 0.258824 0.007981 0.033613
6 0.508779 0.114286 0.016760 0.050420
6 0.447326 0.307563 0.016760 0.067227
6 0.469673 0.352101 0.016760 0.052101
6 0.452514 0.696639 0.020750 0.055462
6 0.445730 0.759664 0.015164 0.053782
4 0.527135 0.122689 0.010375 0.050420
4 0.485235 0.372269 0.011173 0.042017
0 0.448524 0.038655 0.023943 0.073950
0 0.490024 0.041176 0.020750 0.082353
0 0.225060 0.550420 0.049481 0.038655
0 0.283320 0.551261 0.049481 0.040336
