4 0.479800 0.185600 0.011300 0.038800
1 0.518400 0.656500 0.022000 0.109300
0 0.584300 0.513300 0.051900 0.040800
0 0.935100 0.587600 0.054000 0.039400
0 0.647400 0.516100 0.041900 0.037500
0 0.522200 0.792700 0.021100 0.086300
0 0.521300 0.943600 0.020000 0.081200
0 0.485800 0.836800 0.022000 0.095700
0 0.444400 0.039700 0.021300 0.079600
0 0.745100 0.520900 0.050000 0.039400
7 0.054669 0.565546 0.010375 0.021849
7 0.547885 0.351261 0.013567 0.020168
7 0.541101 0.060504 0.007981 0.030252
7 0.553073 0.460504 0.009577 0.016807
7 0.703911 0.590756 0.007981 0.015126
4 0.455307 0.906723 0.018356 0.042017
4 0.455706 0.951261 0.020750 0.033613
4 0.440942 0.259664 0.008779 0.038655
4 0.440543 0.218487 0.007981 0.036975
4 0.441740 0.185714 0.008779 0.042017
6 0.863927 0.539496 0.029529 0.030252
6 0.826417 0.535294 0.029529 0.025210
6 0.791700 0.501681 0.030327 0.028571
6 0.698324 0.529412 0.031923 0.026891
6 0.511572 0.233613 0.019154 0.067227
6 0.444932 0.308403 0.016760 0.065546
6 0.480048 0.321008 0.016760 0.053782
6 0.472865 0.424370 0.016760 0.052101
6 0.485634 0.612605 0.016760 0.055462
6 0.454110 0.688235 0.017558 0.055462
6 0.448125 0.751261 0.015164 0.053782
4 0.594174 0.556303 0.021548 0.020168
3 0.720271 0.572269 0.058260 0.042017
1 0.051077 0.541176 0.062251 0.043697
0 0.229449 0.552941 0.048683 0.036975
0 0.287709 0.554622 0.047087 0.036975
0 0.876297 0.582353 0.047885 0.042017
