7 0.634700 0.112200 0.031800 0.043900
7 0.306000 0.656400 0.018200 0.034700
6 0.769200 0.549800 0.066100 0.059900
6 0.694400 0.553800 0.070900 0.061300
6 0.967100 0.504800 0.066000 0.065900
6 0.393800 0.041900 0.039100 0.084000
5 0.624700 0.389100 0.045700 0.045400
0 0.037100 0.566600 0.075800 0.086900
0 0.433100 0.324600 0.078300 0.209600
0 0.564500 0.809200 0.052100 0.219500
7 0.357941 0.161345 0.010375 0.043697
7 0.360335 0.108403 0.015164 0.035294
6 0.406225 0.906723 0.039904 0.122689
6 0.737430 0.463866 0.071828 0.070588
6 0.847965 0.520168 0.083799 0.058824
6 0.442538 0.619328 0.029529 0.115966
