7 0.498600 0.699000 0.012800 0.029000
7 0.452300 0.714900 0.014800 0.035800
7 0.039200 0.673800 0.035400 0.032200
7 0.919900 0.116600 0.014800 0.027600
6 0.186000 0.439300 0.068300 0.066700
4 0.720400 0.381500 0.039700 0.040800
0 0.849100 0.387400 0.104500 0.080800
5 0.780696 0.210369 0.009774 0.065554
5 0.808186 0.214541 0.012217 0.064362
5 0.863470 0.212157 0.010385 0.071514
5 0.849725 0.213349 0.010996 0.061979
5 0.834453 0.213945 0.010996 0.060787
5 0.817960 0.229440 0.014661 0.070322
5 0.793219 0.214541 0.009163 0.061979
5 0.767257 0.224672 0.014661 0.060787
5 0.718082 0.206198 0.027489 0.038141
5 0.688454 0.176996 0.034209 0.022646
5 0.631643 0.072706 0.017104 0.057211
6 0.070250 0.621573 0.074527 0.053635
6 0.152718 0.591180 0.073305 0.059595
6 0.282529 0.526818 0.072694 0.061979
6 0.473427 0.598331 0.059866 0.054827
6 0.645693 0.539333 0.068418 0.060787
6 0.663103 0.612634 0.065363 0.057211
6 0.732437 0.620977 0.056200 0.050060
6 0.718693 0.464839 0.072694 0.054827
6 0.804826 0.548272 0.070250 0.059595
6 0.843616 0.624553 0.069640 0.057211
6 0.914478 0.622169 0.070861 0.059595
6 0.903482 0.515495 0.079414 0.063170
6 0.907453 0.218117 0.066585 0.052443
7 0.806353 0.125745 0.012217 0.027414
7 0.891265 0.182360 0.017104 0.021454
7 0.631338 0.648391 0.023824 0.028605
7 0.620953 0.710369 0.015272 0.035757
7 0.598045 0.712157 0.015883 0.029797
7 0.402566 0.687723 0.013439 0.028605
4 0.236408 0.337902 0.041539 0.027414
4 0.644472 0.096544 0.028100 0.045292
4 0.681124 0.109654 0.035431 0.042908
4 0.701283 0.144219 0.041539 0.033373
0 0.124313 0.347437 0.106903 0.079857
7 0.410812 0.281287 0.014050 0.016687
7 0.970678 0.280691 0.031765 0.029797
7 0.080941 0.675209 0.028711 0.029797
5 0.085522 0.253874 0.043983 0.028605
7 0.769354 0.139496 0.015962 0.036975
