7 0.466300 0.980400 0.012500 0.025700
6 0.508200 0.207200 0.019900 0.065800
1 0.226600 0.590700 0.090000 0.063900
5 0.569433 0.900840 0.008779 0.060504
7 0.576217 0.900000 0.011173 0.028571
7 0.418196 0.478151 0.009577 0.025210
7 0.433360 0.011765 0.012769 0.023529
0 0.539505 0.267227 0.030327 0.121008
6 0.500000 0.075630 0.023144 0.077311
6 0.476057 0.242017 0.026337 0.084034
6 0.446129 0.274790 0.020750 0.085714
6 0.486832 0.335294 0.020750 0.072269
6 0.438148 0.885714 0.019154 0.077311
7 0.584996 0.337815 0.015962 0.030252
4 0.441740 0.220168 0.010375 0.040336
4 0.078611 0.585714 0.018356 0.031933
4 0.045491 0.588235 0.030327 0.036975
3 0.896648 0.653782 0.085395 0.060504
0 0.141261 0.589076 0.068635 0.055462
