6 0.535515 0.705882 0.030327 0.036975
7 0.683559 0.735294 0.010375 0.018487
7 0.976856 0.404202 0.014366 0.018487
7 0.974461 0.368067 0.011173 0.023529
7 0.405427 0.948739 0.009577 0.021849
7 0.414605 0.952941 0.010375 0.020168
7 0.798883 0.636975 0.006385 0.013445
7 0.796488 0.641176 0.012769 0.018487
6 0.468476 0.816807 0.019154 0.060504
6 0.465682 0.905042 0.018356 0.065546
6 0.986433 0.436134 0.025539 0.038655
5 0.956105 0.334454 0.007981 0.026891
6 0.913408 0.621008 0.027933 0.062185
5 0.934158 0.839496 0.015164 0.042017
0 0.025539 0.542857 0.049481 0.043697
