7 0.395800 0.611000 0.014800 0.025200
3 0.893600 0.627900 0.088300 0.057300
1 0.200800 0.611800 0.094000 0.067200
0 0.314300 0.610200 0.072900 0.054900
0 0.111700 0.619200 0.071100 0.052000
4 0.415004 0.210924 0.011173 0.048739
7 0.539106 0.878992 0.011971 0.026891
7 0.563448 0.326050 0.015962 0.030252
6 0.426975 0.126891 0.025539 0.089076
6 0.419792 0.272269 0.020750 0.087395
6 0.478452 0.861345 0.024741 0.075630
6 0.425379 0.903361 0.022346 0.082353
6 0.456105 0.246218 0.023144 0.078992
4 0.044294 0.620168 0.019952 0.033613
4 0.013966 0.621849 0.026337 0.040336
4 0.461293 0.159664 0.012769 0.053782
