6 0.779800 0.596100 0.034300 0.034400
6 0.534717 0.699160 0.030327 0.033613
7 0.965283 0.406723 0.015164 0.016807
7 0.705108 0.249580 0.011971 0.018487
7 0.962889 0.351261 0.011971 0.020168
7 0.938148 0.917647 0.008779 0.016807
7 0.946927 0.922689 0.011971 0.020168
7 0.031125 0.178992 0.011173 0.018487
7 0.409018 0.939496 0.008779 0.026891
7 0.417797 0.946218 0.008779 0.016807
6 0.469673 0.810924 0.018356 0.055462
6 0.468875 0.896639 0.018356 0.065546
6 0.980447 0.417647 0.035914 0.035294
6 0.555866 0.553782 0.032721 0.052101
6 0.898643 0.863025 0.025539 0.058824
5 0.944932 0.313445 0.007981 0.038655
