6 0.789600 0.506500 0.031600 0.028300
4 0.483400 0.371800 0.013200 0.037800
1 0.038700 0.546300 0.064500 0.046700
1 0.619400 0.509800 0.062000 0.042800
0 0.948700 0.594700 0.055300 0.039300
0 0.282500 0.557600 0.051600 0.037800
0 0.223800 0.557200 0.051400 0.042200
0 0.515700 0.217300 0.024100 0.093400
0 0.518300 0.355700 0.020500 0.079500
0 0.480700 0.231000 0.023800 0.093600
7 0.551077 0.349580 0.013567 0.023529
7 0.582203 0.452101 0.008779 0.020168
7 0.758978 0.253782 0.011173 0.016807
7 0.666800 0.601681 0.011971 0.023529
7 0.421389 0.582353 0.011173 0.015126
4 0.455307 0.921008 0.019952 0.040336
4 0.455706 0.965546 0.020750 0.035294
4 0.440942 0.257143 0.008779 0.033613
4 0.440144 0.217647 0.008779 0.038655
0 0.444134 0.036134 0.023144 0.068908
0 0.485235 0.039496 0.020750 0.078992
4 0.523943 0.116807 0.010375 0.045378
6 0.515563 0.058824 0.019154 0.053782
6 0.505188 0.110084 0.015962 0.048739
6 0.472466 0.125210 0.015962 0.058824
6 0.444134 0.306723 0.016760 0.068908
6 0.468476 0.350420 0.015962 0.055462
6 0.455307 0.697479 0.016760 0.057143
6 0.447725 0.762185 0.015962 0.055462
