7 0.012600 0.439700 0.021100 0.022900
5 0.447200 0.396200 0.014700 0.037700
4 0.477900 0.025300 0.014700 0.052900
0 0.476400 0.184400 0.027600 0.108800
7 0.573424 0.326891 0.013567 0.028571
7 0.424182 0.597479 0.013567 0.025210
0 0.141660 0.599160 0.066241 0.048739
3 0.514765 0.262185 0.031923 0.134454
3 0.882283 0.620168 0.085395 0.053782
4 0.047087 0.600840 0.030327 0.038655
4 0.431764 0.217647 0.009577 0.038655
6 0.436153 0.273950 0.019952 0.084034
6 0.789705 0.521008 0.037510 0.036975
6 0.290902 0.607563 0.047087 0.035294
6 0.438547 0.872269 0.021548 0.073950
