7 0.761100 0.461600 0.018100 0.021400
7 0.421500 0.751700 0.014400 0.021500
7 0.387300 0.716900 0.012000 0.021900
7 0.120900 0.723900 0.013900 0.020500
7 0.667700 0.711100 0.013700 0.026500
7 0.706000 0.717900 0.012400 0.027400
7 0.927200 0.651600 0.016600 0.025600
7 0.506900 0.745000 0.010900 0.023900
7 0.358400 0.784200 0.011800 0.022800
6 0.600400 0.551400 0.039800 0.058800
6 0.495100 0.576900 0.041500 0.043700
6 0.855500 0.432000 0.048100 0.044300
6 0.644200 0.569400 0.042600 0.043200
6 0.934700 0.609900 0.044900 0.039800
6 0.518000 0.471000 0.024600 0.069300
4 0.254500 0.632600 0.035500 0.024300
4 0.491200 0.617600 0.029100 0.025300
4 0.709100 0.554700 0.030300 0.025600
3 0.074800 0.704300 0.089800 0.055800
0 0.334700 0.595000 0.064100 0.054200
0 0.238000 0.540200 0.064700 0.050000
0 0.048200 0.542000 0.074100 0.052100
0 0.474700 0.396100 0.028900 0.120400
5 0.649641 0.458266 0.019154 0.020867
5 0.697127 0.426164 0.008779 0.043339
5 0.687151 0.426966 0.007981 0.041734
5 0.679170 0.427769 0.009577 0.036918
5 0.670391 0.427769 0.007981 0.040128
5 0.661213 0.429374 0.007183 0.043339
5 0.644054 0.427769 0.011173 0.040128
5 0.634078 0.436597 0.011971 0.032103
5 0.604948 0.424559 0.017558 0.024077
5 0.587789 0.410915 0.023144 0.019262
5 0.549880 0.351525 0.009577 0.048154
5 0.327123 0.705602 0.017715 0.016687
6 0.175321 0.713945 0.031765 0.030989
6 0.209224 0.713945 0.036042 0.033373
6 0.420586 0.651967 0.037263 0.040524
6 0.406231 0.692491 0.035431 0.033373
6 0.455406 0.685340 0.039707 0.035757
6 0.555589 0.561383 0.039707 0.045292
6 0.617899 0.690107 0.034820 0.035757
6 0.976481 0.665673 0.042150 0.039333
7 0.414172 0.492849 0.006109 0.010727
7 0.405009 0.504172 0.008552 0.011919
7 0.444411 0.418951 0.006720 0.015495
7 0.454795 0.374255 0.007941 0.016687
7 0.459377 0.323004 0.008552 0.014303
4 0.336591 0.532777 0.025657 0.019070
7 0.475565 0.107867 0.007941 0.025030
4 0.540318 0.129917 0.026268 0.028605
4 0.564753 0.345054 0.017715 0.036949
4 0.593769 0.388558 0.024435 0.023838
7 0.483201 0.736591 0.007330 0.021454
7 0.512828 0.769368 0.010385 0.020262
7 0.534514 0.749106 0.008552 0.017878
7 0.549786 0.743743 0.008552 0.023838
7 0.979841 0.566746 0.013439 0.020262
7 0.892181 0.690107 0.015272 0.016687
7 0.147526 0.461263 0.014050 0.014303
4 0.902566 0.376639 0.025046 0.045292
3 0.166463 0.550060 0.075137 0.060787
7 0.758400 0.728844 0.012828 0.017878
7 0.136225 0.957688 0.010996 0.025030
7 0.098656 0.955304 0.012828 0.017878
7 0.682957 0.733015 0.013439 0.021454
1 0.544693 0.222689 0.031125 0.146218
6 0.512769 0.678992 0.034318 0.036975
6 0.571030 0.684874 0.037510 0.038655
6 0.357941 0.664706 0.039106 0.038655
6 0.689146 0.678992 0.039106 0.036975
6 0.730646 0.678992 0.039106 0.030252
7 0.933360 0.671429 0.008779 0.015126
