7 0.762900 0.480400 0.018500 0.022500
7 0.585800 0.623100 0.015700 0.025700
7 0.695100 0.754700 0.014500 0.020300
7 0.802200 0.707000 0.015900 0.028900
7 0.172000 0.799100 0.013900 0.016700
7 0.472800 0.137600 0.011000 0.029400
7 0.338600 0.876000 0.012400 0.022100
7 0.420700 0.772500 0.013300 0.021500
7 0.515800 0.804500 0.011900 0.025200
7 0.780100 0.710000 0.016300 0.024400
7 0.717300 0.752900 0.016000 0.020900
7 0.613600 0.753000 0.012900 0.021900
7 0.695200 0.716600 0.012200 0.024200
7 0.509100 0.771400 0.011300 0.021700
7 0.730600 0.735600 0.012300 0.019400
6 0.829000 0.552000 0.048100 0.046100
6 0.858000 0.455700 0.046500 0.043400
6 0.550900 0.443600 0.034800 0.054500
6 0.956600 0.408400 0.038700 0.065600
6 0.558300 0.656400 0.042400 0.041800
6 0.474900 0.297500 0.021100 0.071200
5 0.712600 0.620900 0.027000 0.021800
3 0.074800 0.736700 0.090000 0.057900
0 0.238800 0.569100 0.064800 0.048600
0 0.047300 0.573500 0.074700 0.050800
0 0.475900 0.420800 0.028000 0.123600
5 0.698534 0.449940 0.007941 0.036949
5 0.688454 0.452920 0.006109 0.033373
5 0.682957 0.446365 0.006109 0.029797
5 0.674404 0.449940 0.007330 0.034565
5 0.663714 0.454708 0.006720 0.039333
5 0.653329 0.452920 0.006720 0.035757
5 0.644777 0.450536 0.006720 0.035757
5 0.635003 0.457092 0.010385 0.027414
5 0.605987 0.451132 0.015883 0.022646
5 0.588577 0.435638 0.022602 0.015495
5 0.669593 0.483146 0.014366 0.028892
6 0.175626 0.744934 0.032376 0.033373
6 0.209835 0.742551 0.038485 0.033373
7 0.131949 0.787843 0.014661 0.016687
7 0.353085 0.879023 0.009774 0.017878
7 0.359194 0.898093 0.009774 0.015495
7 0.377520 0.772348 0.009774 0.019070
7 0.536042 0.771752 0.007941 0.020262
7 0.550703 0.774136 0.006720 0.022646
7 0.679597 0.734207 0.015272 0.019070
6 0.979841 0.682956 0.037874 0.033373
6 0.456017 0.712157 0.044594 0.036949
6 0.407453 0.722288 0.037874 0.035757
6 0.559560 0.591180 0.045205 0.054827
7 0.458461 0.421931 0.007941 0.016687
7 0.444411 0.442193 0.009163 0.014303
7 0.438607 0.472586 0.007330 0.015495
7 0.433109 0.501192 0.007330 0.015495
7 0.405009 0.544100 0.009774 0.013111
4 0.336591 0.561979 0.025657 0.022646
4 0.540623 0.153159 0.028100 0.027414
5 0.550703 0.371871 0.011607 0.035757
4 0.566585 0.370083 0.020159 0.034565
4 0.594075 0.413588 0.027489 0.026222
4 0.254734 0.729440 0.030544 0.028605
5 0.328039 0.731824 0.014661 0.014303
7 0.637447 0.488081 0.009163 0.010727
7 0.641723 0.501192 0.011607 0.017878
3 0.165852 0.579261 0.078803 0.059595
7 0.983201 0.657926 0.017715 0.019070
7 0.460904 0.134088 0.010385 0.020262
7 0.457544 0.207986 0.010996 0.025030
1 0.545092 0.245378 0.031923 0.144538
6 0.620112 0.711765 0.033520 0.031933
6 0.573424 0.710924 0.037510 0.040336
6 0.674381 0.687395 0.041500 0.040336
6 0.733041 0.705042 0.037510 0.031933
