0 0.473000 0.198700 0.029200 0.112900
0 0.473200 0.055200 0.025900 0.095600
0 0.510000 0.037900 0.025000 0.073200
5 0.420192 0.172269 0.010375 0.038655
0 0.134477 0.589076 0.067837 0.048739
2 0.523144 0.249580 0.050279 0.290756
3 0.878292 0.615126 0.086991 0.057143
4 0.536712 0.062185 0.013567 0.057143
4 0.426177 0.207563 0.011173 0.042017
4 0.038308 0.593277 0.030327 0.040336
6 0.673982 0.528571 0.040702 0.038655
6 0.430567 0.266387 0.021548 0.082353
6 0.431764 0.865546 0.020750 0.077311
7 0.434158 0.754622 0.011173 0.020168
7 0.407023 0.511765 0.011173 0.021849
7 0.568236 0.319328 0.017558 0.026891
7 0.563049 0.452941 0.011971 0.025210
7 0.573823 0.470588 0.009577 0.023529
