7 0.296800 0.849800 0.016400 0.031200
7 0.422700 0.220800 0.017600 0.036500
7 0.720800 0.849600 0.019100 0.036400
7 0.990900 0.598700 0.018700 0.019500
7 0.381700 0.840600 0.014500 0.032100
7 0.626600 0.818000 0.012700 0.027300
7 0.541800 0.872400 0.016100 0.029600
0 0.065300 0.498700 0.113000 0.082500
0 0.572700 0.069500 0.050300 0.138700
0 0.450500 0.075300 0.055000 0.149300
5 0.727550 0.374255 0.009774 0.064362
5 0.809102 0.369487 0.010385 0.066746
5 0.794136 0.368296 0.010996 0.061979
5 0.780391 0.367700 0.011607 0.060787
5 0.764508 0.389750 0.014050 0.061979
5 0.753818 0.371871 0.012217 0.054827
5 0.737935 0.376043 0.008552 0.058403
5 0.711668 0.381406 0.019548 0.052443
5 0.664020 0.361144 0.026878 0.033373
5 0.632254 0.336114 0.034209 0.021454
5 0.576970 0.224076 0.017715 0.054827
6 0.604459 0.774732 0.065363 0.064362
6 0.706170 0.536353 0.073305 0.069130
6 0.833842 0.415375 0.069640 0.072706
6 0.837813 0.580453 0.076359 0.061979
6 0.856139 0.660906 0.070250 0.056019
6 0.854612 0.786055 0.074527 0.060787
7 0.958766 0.542312 0.016494 0.023838
7 0.978925 0.542312 0.020159 0.030989
7 0.932804 0.623361 0.032987 0.038141
7 0.967013 0.438617 0.031765 0.026222
7 0.911118 0.449940 0.032376 0.027414
4 0.588882 0.250298 0.031765 0.045292
4 0.629200 0.262813 0.037874 0.032181
4 0.646915 0.299762 0.042761 0.041716
4 0.178986 0.497020 0.040318 0.028605
7 0.115150 0.560787 0.022602 0.032181
7 0.489004 0.933850 0.011607 0.036949
7 0.562309 0.868892 0.014050 0.038141
7 0.973427 0.786651 0.029933 0.028605
7 0.946854 0.583433 0.023213 0.032181
7 0.455712 0.688319 0.009774 0.029797
7 0.466707 0.684744 0.012217 0.027414
5 0.026878 0.409416 0.045205 0.027414
7 0.911118 0.865316 0.017715 0.040524
7 0.629505 0.857569 0.023824 0.029797
7 0.713887 0.290756 0.013567 0.026891
6 0.676377 0.784874 0.051875 0.047059
7 0.821229 0.410084 0.015962 0.016807
