0 0.135000 0.584500 0.067800 0.047300
0 0.472800 0.193900 0.027000 0.110800
0 0.472400 0.049200 0.023400 0.093700
5 0.419393 0.168067 0.010375 0.036975
7 0.563448 0.778151 0.009577 0.020168
7 0.569034 0.757983 0.011173 0.026891
7 0.567837 0.315126 0.015164 0.025210
6 0.430168 0.261345 0.019154 0.082353
6 0.574621 0.504202 0.038308 0.043697
6 0.430966 0.863025 0.020750 0.072269
6 0.341979 0.520168 0.042298 0.035294
4 0.534318 0.055462 0.013567 0.043697
4 0.424581 0.204202 0.011173 0.042017
4 0.203113 0.536134 0.023144 0.023529
3 0.875898 0.610924 0.086991 0.055462
2 0.522346 0.246218 0.050279 0.294118
4 0.039505 0.589076 0.029529 0.035294
