4 0.408000 0.539900 0.030000 0.043000
1 0.201300 0.610200 0.093000 0.067400
0 0.820500 0.552100 0.073500 0.056900
0 0.113700 0.616300 0.070200 0.051300
7 0.393456 0.494118 0.009577 0.020168
7 0.415403 0.636134 0.010375 0.025210
7 0.410215 0.700840 0.007981 0.020168
7 0.564246 0.325210 0.014366 0.031933
6 0.976057 0.638655 0.044693 0.036975
6 0.681564 0.513445 0.043097 0.038655
4 0.415004 0.213445 0.009577 0.040336
4 0.046289 0.615966 0.022346 0.031933
4 0.014366 0.623529 0.028731 0.040336
3 0.887071 0.627731 0.090184 0.055462
6 0.426576 0.127731 0.026337 0.087395
6 0.419792 0.268908 0.020750 0.084034
6 0.425778 0.899160 0.021548 0.080672
6 0.588986 0.507563 0.039904 0.043697
0 0.302474 0.606723 0.070231 0.053782
