3 0.880400 0.631900 0.088400 0.057000
1 0.208500 0.617700 0.089900 0.062400
0 0.076200 0.523800 0.070100 0.053300
4 0.462091 0.237815 0.012769 0.052101
4 0.417398 0.231092 0.009577 0.038655
4 0.058260 0.626891 0.017558 0.033613
4 0.025140 0.631933 0.032721 0.043697
6 0.460096 0.068067 0.019952 0.068908
6 0.427374 0.147059 0.023144 0.082353
6 0.420990 0.287395 0.019952 0.087395
6 0.426576 0.899160 0.019952 0.080672
7 0.561453 0.341176 0.013567 0.030252
7 0.414206 0.857983 0.007981 0.018487
7 0.402235 0.663866 0.011173 0.026891
0 0.122905 0.626891 0.068635 0.050420
6 0.456903 0.318487 0.021548 0.068908
