0 0.942700 0.586000 0.054400 0.039800
0 0.651700 0.514500 0.044800 0.041300
0 0.588400 0.510900 0.053200 0.045800
0 0.523900 0.309900 0.022700 0.097000
0 0.484900 0.162900 0.021400 0.083800
0 0.445900 0.034500 0.023600 0.070600
7 0.041500 0.562185 0.014366 0.015126
7 0.548284 0.213445 0.009577 0.013445
7 0.552275 0.346218 0.011173 0.020168
7 0.709896 0.589076 0.008779 0.015126
7 0.322027 0.431092 0.010375 0.015126
4 0.458101 0.906723 0.017558 0.038655
4 0.456504 0.952101 0.020750 0.035294
4 0.443336 0.256303 0.007183 0.035294
4 0.441740 0.215966 0.008779 0.038655
4 0.445331 0.181513 0.009577 0.047059
0 0.512769 0.180672 0.024741 0.092437
0 0.882682 0.579832 0.047885 0.043697
0 0.287709 0.551261 0.047087 0.040336
0 0.229848 0.551261 0.049481 0.040336
1 0.048683 0.539496 0.062251 0.047059
3 0.517957 0.058824 0.023943 0.117647
3 0.725459 0.569748 0.060654 0.040336
1 0.103352 0.485714 0.063049 0.043697
4 0.481644 0.253782 0.008779 0.036975
4 0.713488 0.526050 0.020750 0.020168
6 0.446528 0.304202 0.016760 0.067227
6 0.484038 0.347899 0.016760 0.057143
6 0.457702 0.689916 0.016760 0.055462
6 0.450519 0.751261 0.015164 0.053782
6 0.192338 0.473109 0.033520 0.031933
0 0.480048 0.062185 0.021548 0.084034
