7 0.172900 0.814500 0.015700 0.023400
7 0.775000 0.716000 0.014900 0.021300
7 0.115400 0.790700 0.018900 0.020300
7 0.940000 0.665100 0.022000 0.025600
7 0.769500 0.479200 0.017000 0.021300
7 0.698400 0.751100 0.011500 0.025400
7 0.887400 0.700400 0.016900 0.024800
7 0.354900 0.574300 0.011900 0.027800
7 0.151700 0.511600 0.013900 0.022700
7 0.370800 0.564200 0.010600 0.024400
7 0.417100 0.556000 0.012000 0.018200
6 0.527100 0.510400 0.032100 0.074700
6 0.744600 0.629800 0.045400 0.046100
6 0.866700 0.452700 0.043500 0.041500
5 0.641500 0.667200 0.033000 0.020300
5 0.789600 0.640200 0.024900 0.030400
4 0.556400 0.479700 0.021200 0.040900
0 0.592900 0.570200 0.064900 0.058000
0 0.049300 0.574100 0.074200 0.051300
0 0.479800 0.420100 0.029100 0.125600
0 0.241500 0.569100 0.064400 0.049700
5 0.719872 0.446228 0.009577 0.041734
5 0.704310 0.451043 0.008779 0.041734
5 0.696329 0.449438 0.008779 0.041734
5 0.687550 0.448636 0.008779 0.036918
5 0.678372 0.451846 0.007981 0.046549
5 0.669194 0.454254 0.007183 0.051364
5 0.650439 0.454254 0.007981 0.038523
5 0.641660 0.458266 0.009577 0.030498
5 0.611732 0.449438 0.013567 0.025682
5 0.593376 0.434189 0.023144 0.014446
5 0.555866 0.373194 0.010375 0.046549
6 0.178986 0.747318 0.032987 0.030989
6 0.214417 0.749702 0.037874 0.030989
6 0.283140 0.728844 0.040929 0.041716
6 0.368357 0.721097 0.036652 0.057211
6 0.410812 0.725268 0.037263 0.036949
6 0.461515 0.714541 0.042150 0.034565
6 0.578192 0.712753 0.040929 0.038141
6 0.739157 0.706794 0.041539 0.030989
6 0.981979 0.684148 0.033598 0.040524
6 0.924252 0.387962 0.035431 0.065554
6 0.506720 0.041120 0.022602 0.077473
6 0.518937 0.306317 0.020159 0.066746
5 0.331399 0.732420 0.017715 0.015495
4 0.571472 0.368892 0.020159 0.039333
4 0.600183 0.412992 0.026268 0.029797
4 0.545205 0.149583 0.029933 0.034565
4 0.338119 0.560191 0.025046 0.023838
7 0.469151 0.286055 0.012217 0.021454
7 0.470984 0.007747 0.010996 0.015495
7 0.542761 0.775328 0.009163 0.017878
7 0.556506 0.773540 0.008552 0.019070
5 0.888210 0.421931 0.025657 0.026222
7 0.123091 0.540524 0.011607 0.017878
3 0.168601 0.580453 0.078192 0.057211
7 0.102932 0.988081 0.014050 0.019070
7 0.140195 0.989273 0.011607 0.019070
7 0.253207 0.733015 0.015272 0.030989
7 0.346365 0.781287 0.013439 0.027414
7 0.313684 0.745530 0.012828 0.032181
7 0.352474 0.877235 0.013439 0.019070
7 0.334453 0.936234 0.010385 0.020262
7 0.353085 0.901669 0.009774 0.017878
7 0.361332 0.901073 0.009163 0.019070
7 0.807269 0.771156 0.011607 0.019070
5 0.833232 0.538737 0.029322 0.021454
7 0.622175 0.750894 0.007941 0.014303
7 0.482841 0.329412 0.012769 0.023529
1 0.549082 0.243697 0.031923 0.144538
6 0.534717 0.660504 0.036712 0.033613
4 0.511173 0.603361 0.029529 0.023529
6 0.769753 0.568908 0.045491 0.042017
6 0.701516 0.565546 0.038308 0.042017
6 0.694733 0.705042 0.043895 0.038655
6 0.624102 0.714286 0.033520 0.033613
6 0.519154 0.705882 0.035914 0.040336
6 0.891860 0.665546 0.042298 0.040336
3 0.892259 0.578151 0.079808 0.050420
