7 0.447000 0.402700 0.012700 0.028500
7 0.143900 0.568000 0.017400 0.021800
7 0.873700 0.407000 0.014700 0.020400
7 0.865900 0.366700 0.014500 0.022600
7 0.250700 0.565300 0.014600 0.028700
7 0.854700 0.441000 0.014100 0.024700
7 0.833300 0.534100 0.015100 0.026100
7 0.638400 0.542100 0.014200 0.022000
7 0.567500 0.921100 0.016200 0.028600
7 0.080400 0.569900 0.017000 0.019000
7 0.204900 0.281200 0.013600 0.022700
7 0.428000 0.983900 0.011000 0.024300
7 0.816900 0.530400 0.014600 0.022600
7 0.293900 0.916500 0.014200 0.026600
7 0.419300 0.971000 0.012300 0.022400
7 0.867800 0.287100 0.015800 0.025000
7 0.633100 0.520300 0.013500 0.021900
7 0.592200 0.281400 0.012000 0.034900
7 0.681700 0.512600 0.011700 0.022300
6 0.664100 0.337400 0.042900 0.056600
6 0.968000 0.468600 0.048000 0.047100
6 0.943800 0.250800 0.049300 0.042300
6 0.771900 0.493500 0.041300 0.039700
4 0.412900 0.327800 0.029200 0.027100
3 0.148400 0.487300 0.088700 0.057100
0 0.723600 0.394500 0.067500 0.052600
0 0.122000 0.323600 0.072300 0.057000
0 0.555900 0.194100 0.028900 0.126900
0 0.314000 0.332000 0.064600 0.054300
5 0.708699 0.272873 0.022346 0.019262
5 0.781724 0.241573 0.008779 0.040128
5 0.771349 0.240770 0.007183 0.041734
5 0.764565 0.239165 0.007981 0.038523
5 0.754589 0.239968 0.007183 0.040128
5 0.745411 0.239968 0.007981 0.043339
5 0.727055 0.239968 0.007981 0.043339
5 0.717478 0.244783 0.011173 0.033708
5 0.688348 0.234350 0.016760 0.025682
5 0.670391 0.219904 0.023943 0.016051
5 0.632083 0.156501 0.009577 0.046549
6 0.283140 0.502384 0.038485 0.029797
6 0.249236 0.501192 0.031765 0.029797
6 0.790165 0.300954 0.047037 0.039333
6 0.791387 0.346841 0.045816 0.038141
6 0.799023 0.388558 0.043983 0.035757
6 0.797801 0.440405 0.040318 0.039333
6 0.812462 0.493445 0.040318 0.033373
6 0.697923 0.497020 0.034820 0.030989
6 0.649969 0.491657 0.039096 0.039333
6 0.440134 0.491061 0.039707 0.057211
4 0.648748 0.151967 0.018326 0.039333
4 0.677459 0.200834 0.030544 0.027414
7 0.534514 0.102503 0.008552 0.021454
7 0.508552 0.329559 0.012828 0.017878
7 0.476787 0.336114 0.007941 0.019070
7 0.460599 0.342670 0.008552 0.017878
7 0.149969 0.601907 0.015272 0.019070
5 0.401038 0.500000 0.017715 0.013111
7 0.973427 0.514899 0.016494 0.019070
7 0.612401 0.556615 0.010385 0.016687
7 0.626756 0.554231 0.008552 0.019070
6 0.739462 0.447557 0.047037 0.036949
7 0.856139 0.202026 0.007941 0.017878
7 0.845449 0.282479 0.015883 0.021454
3 0.240684 0.335518 0.078192 0.058403
7 0.489310 0.297974 0.010996 0.014303
7 0.331399 0.917759 0.015272 0.030989
7 0.167074 0.744338 0.014050 0.022646
7 0.206475 0.746126 0.012217 0.028605
7 0.355528 0.939809 0.008552 0.022646
7 0.335370 0.950536 0.013439 0.022646
0 0.629290 0.050420 0.034318 0.097479
6 0.215882 0.393277 0.045491 0.043697
0 0.033121 0.317647 0.064645 0.050420
7 0.457702 0.542857 0.008779 0.013445
6 0.533121 0.484874 0.039904 0.038655
6 0.569433 0.428571 0.039106 0.040336
6 0.592179 0.481513 0.036712 0.038655
6 0.482442 0.491597 0.037510 0.042017
