5 0.947400 0.590000 0.034600 0.019900
4 0.593500 0.572600 0.035600 0.029700
4 0.546400 0.510200 0.029800 0.031900
4 0.647400 0.566400 0.038800 0.028300
1 0.219000 0.601000 0.088000 0.063400
1 0.138200 0.507600 0.077500 0.055500
0 0.260000 0.533000 0.059600 0.055600
0 0.531600 0.189300 0.028400 0.115000
0 0.131285 0.607563 0.069433 0.048739
0 0.750599 0.551261 0.066241 0.057143
4 0.430567 0.214286 0.010375 0.042017
4 0.067837 0.603361 0.015962 0.033613
4 0.035116 0.607563 0.028731 0.045378
6 0.441740 0.132773 0.024741 0.084034
6 0.476457 0.276471 0.020750 0.072269
6 0.435754 0.273950 0.020750 0.087395
6 0.678372 0.519328 0.041500 0.040336
6 0.437350 0.889916 0.020750 0.078992
7 0.577414 0.328571 0.013567 0.028571
3 0.895052 0.630252 0.086991 0.053782
