6 0.470600 0.907200 0.014800 0.060000
4 0.563200 0.488100 0.030300 0.019800
1 0.466300 0.485100 0.060000 0.045800
0 0.930500 0.512900 0.049800 0.040900
0 0.502300 0.361700 0.023700 0.101100
6 0.539505 0.705882 0.030327 0.036975
7 0.962889 0.337815 0.015164 0.020168
7 0.980048 0.363866 0.011173 0.021849
7 0.408619 0.951261 0.011173 0.016807
7 0.418196 0.953782 0.009577 0.018487
7 0.804469 0.631933 0.009577 0.020168
7 0.798085 0.638655 0.014366 0.016807
6 0.471269 0.817647 0.018356 0.065546
6 0.627294 0.592437 0.033520 0.031933
6 0.746209 0.488235 0.038308 0.031933
