7 0.156600 0.427200 0.013300 0.018000
1 0.244500 0.573700 0.089200 0.067200
0 0.568300 0.526300 0.067800 0.052300
0 0.485200 0.756900 0.038600 0.128400
0 0.490400 0.146600 0.027100 0.097100
0 0.491900 0.038300 0.027500 0.073200
7 0.573424 0.315966 0.015164 0.026891
7 0.580208 0.468908 0.012769 0.023529
7 0.157622 0.612605 0.015164 0.021849
6 0.434557 0.255462 0.019952 0.084034
6 0.469673 0.317647 0.019952 0.067227
6 0.500399 0.287395 0.020750 0.077311
6 0.430966 0.862185 0.020750 0.073950
5 0.431764 0.158824 0.014366 0.048739
4 0.431365 0.199160 0.010375 0.038655
4 0.069433 0.571429 0.023943 0.030252
4 0.037510 0.578151 0.028731 0.036975
3 0.885874 0.620168 0.083001 0.057143
1 0.533520 0.190756 0.032721 0.142857
1 0.204709 0.500840 0.067837 0.050420
0 0.133679 0.576471 0.067837 0.050420
