7 0.011800 0.610800 0.020400 0.025200
7 0.359000 0.809300 0.020800 0.035300
7 0.352900 0.891200 0.015400 0.032600
7 0.930500 0.480300 0.016700 0.023900
7 0.532200 0.866300 0.015200 0.034700
7 0.772800 0.887000 0.022700 0.041000
7 0.941800 0.443000 0.015900 0.023800
0 0.562300 0.083900 0.052500 0.163200
0 0.054700 0.532000 0.107600 0.086100
5 0.716860 0.395709 0.010385 0.057211
5 0.802077 0.396305 0.009774 0.060787
5 0.785583 0.396305 0.009774 0.058403
5 0.771533 0.391538 0.009774 0.056019
5 0.757789 0.417163 0.011607 0.059595
5 0.746182 0.399881 0.011607 0.053635
5 0.729688 0.402265 0.010385 0.060787
5 0.702810 0.403456 0.017715 0.056019
5 0.655162 0.387366 0.026268 0.030989
5 0.623396 0.360548 0.032376 0.022646
5 0.566585 0.252682 0.017715 0.059595
6 0.848198 0.414184 0.060476 0.075089
6 0.433720 0.623957 0.063531 0.067938
6 0.595907 0.801549 0.065363 0.065554
6 0.847587 0.813468 0.073916 0.058403
6 0.830177 0.687723 0.072083 0.047676
6 0.802688 0.610846 0.075748 0.058403
7 0.431582 0.802145 0.010385 0.021454
7 0.442578 0.803337 0.012828 0.040524
7 0.484423 0.958880 0.018326 0.029797
7 0.531155 0.901669 0.014050 0.032181
7 0.553757 0.898689 0.012828 0.042908
7 0.720220 0.856973 0.020770 0.033373
7 0.904704 0.473182 0.028100 0.026222
7 0.940440 0.511919 0.026268 0.025030
7 0.958461 0.446961 0.020770 0.026222
7 0.958155 0.518474 0.015272 0.016687
7 0.977398 0.519070 0.021991 0.027414
4 0.578803 0.275328 0.031155 0.052443
4 0.618815 0.287247 0.036652 0.038141
4 0.638363 0.325983 0.043983 0.036949
4 0.168296 0.524434 0.042150 0.028605
7 0.392181 0.413588 0.017104 0.033373
7 0.942272 0.336114 0.025046 0.026222
7 0.846671 0.444577 0.017104 0.023838
5 0.019548 0.438617 0.036652 0.019070
7 0.903482 0.889750 0.014661 0.039333
7 0.703911 0.318487 0.014366 0.028571
6 0.666800 0.811765 0.051875 0.047059
7 0.605347 0.257143 0.019952 0.033613
