6 0.535116 0.701681 0.031125 0.035294
7 0.454509 0.675630 0.010375 0.020168
7 0.968077 0.361345 0.012769 0.026891
7 0.987630 0.706723 0.013567 0.021849
7 0.995211 0.241176 0.006385 0.015126
7 0.408220 0.945378 0.008779 0.018487
7 0.472067 0.131092 0.010375 0.023529
6 0.469274 0.811765 0.017558 0.060504
6 0.467279 0.898319 0.016760 0.065546
6 0.984038 0.425210 0.030327 0.030252
5 0.950120 0.324370 0.007183 0.026891
6 0.783719 0.600000 0.031923 0.033613
5 0.435355 0.465546 0.016760 0.020168
6 0.493615 0.939496 0.016760 0.067227
