7 0.413700 0.797800 0.013800 0.033400
7 0.301800 0.826100 0.013600 0.027100
7 0.477300 0.854100 0.014200 0.034700
7 0.220800 0.819800 0.024000 0.031400
7 0.289900 0.823200 0.015800 0.027100
7 0.427700 0.885200 0.015000 0.033900
7 0.496200 0.852800 0.010500 0.031300
0 0.448000 0.155200 0.046900 0.216400
0 0.065600 0.474900 0.113600 0.086300
5 0.813684 0.339094 0.010996 0.067938
5 0.796885 0.340882 0.010385 0.066746
5 0.784056 0.340882 0.009163 0.064362
5 0.755040 0.346246 0.013439 0.065554
5 0.767868 0.355781 0.012217 0.070322
5 0.740073 0.345054 0.009163 0.067938
5 0.728467 0.343266 0.009163 0.066746
5 0.714417 0.352801 0.015272 0.054827
5 0.666158 0.330751 0.028711 0.034565
5 0.635919 0.307509 0.035431 0.023838
5 0.579108 0.200238 0.017104 0.059595
6 0.580330 0.334327 0.058644 0.106079
6 0.821319 0.476162 0.073916 0.058403
6 0.605681 0.749106 0.065363 0.060787
6 0.675626 0.756257 0.054979 0.053635
6 0.857666 0.759833 0.072083 0.063170
5 0.956017 0.348629 0.032987 0.027414
5 0.027489 0.379023 0.050092 0.026222
7 0.914783 0.423719 0.032376 0.025030
7 0.965180 0.601311 0.030544 0.034565
7 0.978009 0.637664 0.034209 0.023838
7 0.980147 0.690107 0.027489 0.026222
7 0.940745 0.691895 0.032987 0.027414
7 0.950519 0.713349 0.029322 0.022646
7 0.881491 0.805125 0.029322 0.022646
4 0.792608 0.612038 0.044594 0.039333
7 0.913256 0.836710 0.014661 0.035757
4 0.591936 0.218713 0.032987 0.053635
4 0.631338 0.234207 0.039707 0.034565
4 0.649359 0.274136 0.047648 0.038141
4 0.180208 0.470203 0.046426 0.027414
7 0.541234 0.845650 0.012217 0.032181
7 0.562920 0.845054 0.015272 0.035757
7 0.202810 0.819428 0.020770 0.027414
7 0.235492 0.855185 0.021381 0.029797
7 0.718276 0.259664 0.017558 0.031933
7 0.960894 0.352941 0.020750 0.030252
