7 0.463200 0.962700 0.013300 0.029000
6 0.509700 0.206500 0.021700 0.069400
1 0.225500 0.587400 0.089900 0.063400
7 0.575020 0.753782 0.008779 0.025210
5 0.567438 0.755462 0.006385 0.045378
4 0.545491 0.647899 0.027933 0.035294
7 0.426177 0.678992 0.009577 0.030252
7 0.585395 0.336134 0.015164 0.030252
6 0.477255 0.239496 0.027135 0.082353
6 0.446927 0.273109 0.020750 0.082353
6 0.488029 0.333613 0.019952 0.068908
6 0.437749 0.885714 0.019952 0.080672
4 0.442538 0.215126 0.011971 0.040336
4 0.076616 0.582353 0.020750 0.031933
4 0.045092 0.584034 0.031125 0.035294
3 0.899441 0.654622 0.086193 0.062185
0 0.543097 0.267227 0.029529 0.124370
0 0.140463 0.587395 0.068635 0.055462
