7 0.639800 0.111500 0.029100 0.048000
7 0.361400 0.908800 0.013800 0.033300
6 0.699400 0.561300 0.071600 0.064500
6 0.774000 0.556400 0.068700 0.061500
6 0.970100 0.513100 0.061800 0.068700
5 0.628200 0.395400 0.044300 0.043600
0 0.033700 0.569800 0.067600 0.085400
7 0.214685 0.646218 0.020750 0.028571
7 0.118516 0.642017 0.035914 0.036975
6 0.404629 0.919328 0.041500 0.127731
1 0.543496 0.898319 0.057462 0.200000
6 0.466879 0.801681 0.036712 0.127731
6 0.741421 0.468908 0.075020 0.067227
6 0.855547 0.526891 0.084597 0.055462
