7 0.934600 0.614100 0.014800 0.018300
4 0.515900 0.319300 0.011500 0.043100
0 0.444700 0.040200 0.021800 0.079600
0 0.880000 0.582100 0.049900 0.041500
0 0.507700 0.088200 0.019400 0.073100
0 0.939900 0.585900 0.054500 0.038900
7 0.550678 0.352101 0.012769 0.021849
7 0.547087 0.736975 0.008779 0.015126
7 0.553871 0.922689 0.009577 0.020168
7 0.551476 0.480672 0.011173 0.013445
7 0.611732 0.451261 0.013567 0.015126
7 0.663607 0.591597 0.011971 0.016807
7 0.434557 0.378151 0.008779 0.020168
7 0.442538 0.731933 0.005587 0.018487
7 0.447725 0.992437 0.007981 0.011765
4 0.456504 0.909244 0.019154 0.036975
4 0.458899 0.956303 0.019154 0.033613
4 0.440942 0.221849 0.008779 0.036975
4 0.442139 0.259664 0.007981 0.031933
1 0.511173 0.209244 0.023144 0.105882
0 0.229848 0.557143 0.049481 0.038655
0 0.288109 0.556303 0.047885 0.040336
1 0.049880 0.546218 0.063049 0.047059
1 0.707901 0.515966 0.059058 0.040336
0 0.981644 0.540336 0.035116 0.038655
3 0.718675 0.569748 0.058260 0.040336
4 0.504789 0.016807 0.010375 0.030252
6 0.891460 0.537815 0.031923 0.030252
6 0.801277 0.494958 0.028731 0.028571
6 0.802474 0.540336 0.031125 0.031933
6 0.445730 0.308403 0.016760 0.065546
6 0.456504 0.692437 0.015962 0.053782
6 0.450120 0.757143 0.015962 0.052101
