7 0.640000 0.111300 0.025900 0.048600
7 0.276100 0.648800 0.023700 0.023200
7 0.324500 0.647100 0.019700 0.026200
0 0.038600 0.557300 0.079200 0.086000
7 0.624900 0.983193 0.017558 0.030252
7 0.148444 0.290756 0.025539 0.033613
7 0.174381 0.296639 0.019952 0.025210
6 0.409816 0.900840 0.039106 0.124370
4 0.023144 0.392437 0.044693 0.038655
0 0.196728 0.436975 0.109338 0.084034
0 0.642458 0.557983 0.118117 0.084034
6 0.420591 0.502521 0.070231 0.067227
6 0.640463 0.437815 0.063049 0.058824
6 0.462889 0.053782 0.033520 0.104202
