7 0.171200 0.637200 0.017200 0.022800
7 0.424800 0.677100 0.012300 0.021600
5 0.445800 0.399000 0.017200 0.043000
0 0.476000 0.185900 0.027200 0.111100
0 0.029000 0.520400 0.056400 0.058200
7 0.572626 0.331092 0.016760 0.033613
7 0.410615 0.465546 0.013567 0.020168
7 0.071030 0.550420 0.017558 0.031933
6 0.290104 0.609244 0.045491 0.035294
6 0.438148 0.875630 0.020750 0.073950
6 0.509178 0.776471 0.023943 0.077311
6 0.435754 0.277311 0.020750 0.087395
4 0.431365 0.219328 0.010375 0.042017
3 0.883879 0.622689 0.085395 0.055462
3 0.513567 0.265546 0.031125 0.137815
0 0.140862 0.601681 0.067837 0.050420
4 0.046688 0.604202 0.027933 0.038655
