4 0.477400 0.059800 0.013500 0.054500
0 0.476200 0.185000 0.026600 0.108000
7 0.572227 0.326050 0.014366 0.030252
7 0.422586 0.641176 0.011971 0.021849
6 0.436153 0.274790 0.019952 0.082353
6 0.438148 0.870588 0.019154 0.073950
6 0.291700 0.606723 0.047087 0.033613
6 0.688747 0.520168 0.038308 0.035294
4 0.048683 0.600000 0.031923 0.040336
4 0.432562 0.217647 0.009577 0.035294
3 0.881085 0.621008 0.084597 0.055462
3 0.513966 0.263866 0.030327 0.134454
0 0.142458 0.596639 0.067837 0.050420
5 0.446129 0.394958 0.012769 0.047059
