7 0.441200 0.889300 0.009600 0.021500
6 0.477600 0.128600 0.016300 0.054200
4 0.257600 0.479300 0.025700 0.018700
0 0.491900 0.519900 0.049600 0.037900
0 0.797900 0.532300 0.054700 0.044900
0 0.286800 0.550100 0.048800 0.038300
0 0.941600 0.605200 0.054500 0.039400
0 0.484100 0.236300 0.023500 0.093000
0 0.518900 0.219000 0.022500 0.093800
0 0.520300 0.349800 0.019200 0.077800
7 0.551476 0.352101 0.014366 0.021849
7 0.580607 0.453782 0.011971 0.016807
7 0.670391 0.608403 0.009577 0.016807
7 0.438547 0.832773 0.007183 0.025210
7 0.089385 0.421849 0.007981 0.020168
4 0.450519 0.911765 0.019952 0.038655
4 0.453312 0.956303 0.019154 0.033613
4 0.443735 0.218487 0.009577 0.036975
4 0.444134 0.257983 0.008779 0.035294
0 0.449721 0.037815 0.023144 0.075630
0 0.490423 0.042017 0.021548 0.080672
4 0.486034 0.371429 0.009577 0.047059
6 0.448125 0.307563 0.016760 0.067227
6 0.470870 0.351261 0.017558 0.050420
6 0.578212 0.539496 0.027933 0.033613
6 0.511173 0.027731 0.015164 0.055462
6 0.482841 0.955462 0.019154 0.058824
6 0.446927 0.757143 0.014366 0.055462
6 0.359138 0.499160 0.035116 0.033613
0 0.515164 0.953782 0.023144 0.085714
1 0.046688 0.530252 0.063049 0.048739
0 0.227853 0.547899 0.048683 0.040336
