6 0.477100 0.129500 0.015700 0.055600
1 0.699900 0.512700 0.062800 0.045300
1 0.046700 0.534600 0.060800 0.049400
0 0.226900 0.493200 0.055400 0.043300
0 0.286600 0.551400 0.049900 0.037900
0 0.942600 0.604200 0.054000 0.039500
0 0.483900 0.237100 0.023600 0.093500
0 0.518800 0.221800 0.022300 0.094900
0 0.520000 0.350200 0.019600 0.078400
0 0.490500 0.043500 0.018800 0.084400
7 0.552275 0.353782 0.014366 0.025210
7 0.582203 0.453782 0.010375 0.016807
7 0.207901 0.434454 0.010375 0.015126
4 0.451716 0.912605 0.020750 0.036975
4 0.452115 0.956303 0.021548 0.033613
4 0.443735 0.220168 0.007981 0.036975
4 0.444533 0.259664 0.007981 0.035294
6 0.508779 0.116807 0.015164 0.052101
6 0.447725 0.308403 0.015962 0.065546
6 0.470870 0.352941 0.014366 0.050420
6 0.454908 0.694118 0.017558 0.053782
6 0.447326 0.757143 0.015164 0.055462
4 0.526736 0.122689 0.009577 0.043697
7 0.433759 0.117647 0.005587 0.016807
4 0.484836 0.373109 0.010375 0.043697
0 0.449322 0.037815 0.023943 0.075630
0 0.227853 0.550420 0.050279 0.042017
