7 0.265200 0.598800 0.016500 0.024100
7 0.855700 0.681600 0.017800 0.021900
7 0.265300 0.757700 0.012200 0.023300
7 0.484600 0.498700 0.013300 0.032100
7 0.451300 0.758400 0.012200 0.019300
7 0.358500 0.555500 0.012500 0.022500
7 0.450500 0.780900 0.010500 0.018400
7 0.614500 0.752200 0.013200 0.019600
7 0.472000 0.751300 0.010800 0.020300
7 0.470400 0.218700 0.012500 0.031800
7 0.358500 0.572500 0.011600 0.018500
7 0.472300 0.112200 0.010900 0.026400
6 0.683200 0.654900 0.048800 0.042800
6 0.949300 0.492800 0.048600 0.057200
6 0.975500 0.397900 0.040800 0.058600
1 0.823800 0.526000 0.066500 0.059000
0 0.463200 0.631000 0.069500 0.054100
0 0.681300 0.529800 0.072000 0.053700
0 0.241200 0.564100 0.064600 0.048300
0 0.049400 0.569000 0.073100 0.049300
5 0.718082 0.439213 0.009163 0.034565
5 0.702810 0.441597 0.009163 0.039333
5 0.692731 0.442789 0.007330 0.036949
5 0.684484 0.441001 0.006720 0.033373
5 0.677153 0.446365 0.006720 0.041716
5 0.666768 0.448749 0.007941 0.044100
5 0.656384 0.446961 0.006720 0.038141
5 0.648442 0.445769 0.006720 0.040524
5 0.640806 0.454112 0.010996 0.028605
5 0.609346 0.444577 0.016494 0.019070
5 0.591326 0.429082 0.020770 0.014303
5 0.552841 0.364720 0.008552 0.035757
6 0.178070 0.741955 0.031155 0.032181
6 0.212889 0.740167 0.039707 0.030989
6 0.282224 0.724672 0.040318 0.035757
6 0.369273 0.709774 0.039707 0.041716
6 0.409896 0.718117 0.037874 0.036949
6 0.623091 0.709774 0.034209 0.034565
6 0.692731 0.699046 0.043983 0.034565
6 0.736408 0.698451 0.040929 0.028605
6 0.980757 0.675805 0.036042 0.038141
6 0.978619 0.274732 0.023213 0.063170
6 0.920281 0.378427 0.036042 0.063170
7 0.773671 0.409416 0.010385 0.013111
7 0.768479 0.452920 0.013439 0.014303
4 0.598045 0.407628 0.026878 0.016687
4 0.543067 0.144815 0.026878 0.025030
4 0.338729 0.553039 0.025046 0.016687
7 0.540318 0.770560 0.010385 0.015495
7 0.554979 0.768176 0.007941 0.025030
7 0.564753 0.758045 0.010385 0.014303
7 0.577276 0.756257 0.007330 0.015495
7 0.487172 0.679380 0.006720 0.011919
7 0.490226 0.690703 0.006720 0.015495
7 0.700367 0.749702 0.010385 0.016687
7 0.693036 0.740167 0.012828 0.016687
7 0.753818 0.724076 0.013439 0.017878
7 0.980452 0.651371 0.019548 0.017878
7 0.959377 0.676400 0.015272 0.015495
5 0.458766 0.234207 0.006109 0.046484
5 0.332621 0.726460 0.022602 0.013111
3 0.168907 0.573897 0.077581 0.051251
7 0.435247 0.469011 0.009163 0.017878
7 0.005498 0.542908 0.010996 0.015495
7 0.359499 0.869487 0.007941 0.022646
7 0.362859 0.889750 0.009774 0.017878
7 0.346060 0.813468 0.011607 0.020262
7 0.375076 0.766389 0.008552 0.019070
7 0.451741 0.315256 0.009163 0.017878
7 0.102627 0.983909 0.010996 0.017878
7 0.138363 0.984505 0.010385 0.021454
7 0.623396 0.725864 0.010385 0.014303
1 0.547885 0.239496 0.032721 0.149580
4 0.570231 0.362185 0.018356 0.038655
7 0.145251 0.543697 0.015962 0.011765
6 0.458899 0.706723 0.044693 0.035294
6 0.576217 0.705882 0.036712 0.043697
6 0.853152 0.644538 0.047885 0.038655
7 0.777733 0.391597 0.010375 0.020168
