6 0.810500 0.539000 0.045000 0.041500
3 0.881400 0.629400 0.087500 0.054000
1 0.206800 0.614100 0.091600 0.063900
0 0.305700 0.611300 0.071200 0.055300
0 0.542800 0.555200 0.069400 0.055700
0 0.121800 0.619900 0.071200 0.051200
7 0.561453 0.334454 0.018356 0.026891
7 0.405427 0.214286 0.009577 0.028571
4 0.023543 0.626891 0.029529 0.040336
4 0.055866 0.621008 0.019154 0.031933
4 0.416201 0.226891 0.010375 0.043697
6 0.426177 0.898319 0.020750 0.078992
6 0.968875 0.641176 0.046289 0.058824
6 0.600958 0.612605 0.043097 0.052101
6 0.421389 0.284874 0.019154 0.089076
6 0.428571 0.141176 0.022346 0.084034
6 0.384677 0.531092 0.041500 0.043697
6 0.202713 0.522689 0.049481 0.040336
