7 0.833300 0.668500 0.018400 0.026000
7 0.470900 0.277900 0.014100 0.029500
7 0.769500 0.450900 0.017300 0.021700
7 0.222800 0.602800 0.012900 0.023700
7 0.427300 0.764900 0.010600 0.022700
7 0.410200 0.747400 0.009300 0.021200
7 0.472800 0.443400 0.013700 0.032100
7 0.435500 0.747300 0.009900 0.021100
7 0.296800 0.758700 0.011700 0.020700
7 0.727000 0.726200 0.013100 0.024200
7 0.357800 0.570100 0.013100 0.021600
7 0.731100 0.747900 0.012300 0.023800
7 0.565800 0.756800 0.013600 0.021200
7 0.574100 0.761500 0.011700 0.020800
7 0.725100 0.721200 0.014000 0.024100
7 0.576600 0.735800 0.014600 0.022300
4 0.993200 0.413500 0.013200 0.034100
1 0.914800 0.496500 0.068800 0.072800
0 0.545800 0.628000 0.068500 0.055400
0 0.240000 0.563200 0.064800 0.048400
0 0.047200 0.568200 0.074300 0.049900
0 0.750600 0.529000 0.074700 0.054100
0 0.493100 0.055500 0.029300 0.106300
5 0.720525 0.436830 0.009163 0.036949
5 0.704643 0.439809 0.009163 0.035757
5 0.695785 0.441597 0.006109 0.034565
5 0.688454 0.438021 0.006109 0.032181
5 0.678986 0.441597 0.006720 0.041716
5 0.669517 0.446365 0.007330 0.041716
5 0.659133 0.446961 0.006109 0.038141
5 0.650886 0.443981 0.006720 0.039333
5 0.642028 0.449344 0.010996 0.026222
5 0.610874 0.441001 0.013439 0.021454
5 0.591631 0.425507 0.020159 0.016687
5 0.553757 0.361144 0.010385 0.030989
6 0.177153 0.742551 0.032987 0.033373
6 0.212584 0.740763 0.039096 0.032181
6 0.281002 0.721692 0.040318 0.032181
6 0.368357 0.711561 0.039096 0.045292
6 0.409896 0.716925 0.037874 0.036949
6 0.577276 0.705006 0.039096 0.036949
6 0.623702 0.706794 0.034209 0.033373
6 0.738546 0.698451 0.041539 0.028605
6 0.983812 0.275328 0.026268 0.064362
6 0.924557 0.375447 0.034820 0.064362
7 0.775504 0.405244 0.011607 0.011919
4 0.337508 0.553039 0.027489 0.016687
4 0.547343 0.143027 0.028100 0.028605
4 0.600794 0.403456 0.026268 0.017878
7 0.541234 0.768772 0.010996 0.021454
7 0.555589 0.767580 0.007941 0.021454
7 0.625535 0.727652 0.008552 0.015495
7 0.721442 0.744934 0.013439 0.019070
7 0.426084 0.781287 0.007941 0.017878
7 0.950825 0.641240 0.021381 0.023838
7 0.963958 0.675209 0.015883 0.013111
5 0.459988 0.227652 0.008552 0.045292
7 0.470678 0.029201 0.009163 0.032181
7 0.357361 0.553635 0.010996 0.015495
5 0.330788 0.726460 0.018937 0.013111
3 0.166463 0.574493 0.078803 0.054827
7 0.435858 0.464243 0.009163 0.022646
7 0.358277 0.872467 0.007941 0.011919
7 0.362859 0.887366 0.008552 0.020262
7 0.138057 0.985697 0.013439 0.021454
7 0.100489 0.984505 0.010385 0.019070
1 0.549082 0.235294 0.033520 0.151261
4 0.570630 0.358824 0.017558 0.031933
7 0.143256 0.542857 0.013567 0.013445
7 0.326018 0.788235 0.007183 0.020168
6 0.458101 0.708403 0.044693 0.035294
7 0.487630 0.677311 0.007981 0.013445
7 0.490024 0.689076 0.011173 0.023529
6 0.695930 0.697479 0.043097 0.033613
6 0.684358 0.652101 0.047087 0.036975
6 0.982841 0.677311 0.032721 0.033613
6 0.856744 0.642017 0.048683 0.036975
7 0.778931 0.390756 0.012769 0.018487
