6 0.537510 0.699160 0.029529 0.033613
7 0.979250 0.352941 0.009577 0.023529
7 0.654429 0.525210 0.011173 0.021849
7 0.408619 0.946218 0.007981 0.016807
7 0.416999 0.945378 0.008779 0.021849
7 0.806464 0.636134 0.005587 0.008403
7 0.802873 0.630252 0.009577 0.013445
6 0.469274 0.811765 0.017558 0.060504
6 0.466480 0.900000 0.018356 0.068908
5 0.962490 0.318487 0.007981 0.025210
6 0.736632 0.424370 0.038308 0.035294
6 0.488428 0.374790 0.023943 0.063866
0 0.515962 0.474790 0.050279 0.038655
0 0.397446 0.456303 0.051077 0.042017
