7 0.952300 0.769300 0.022700 0.026100
7 0.324300 0.799600 0.019700 0.031000
7 0.432100 0.884200 0.015200 0.036600
7 0.485000 0.815200 0.013500 0.025900
7 0.253500 0.890100 0.017800 0.034900
7 0.381000 0.810500 0.019400 0.033700
7 0.501200 0.823000 0.012000 0.025400
7 0.271800 0.824500 0.016400 0.030400
7 0.949800 0.736000 0.028500 0.027600
0 0.070200 0.478700 0.108400 0.082200
0 0.452600 0.171300 0.046900 0.201900
5 0.812462 0.348629 0.012217 0.067938
5 0.797801 0.349225 0.012217 0.057211
5 0.783445 0.348033 0.011607 0.064362
5 0.768784 0.368892 0.012828 0.065554
5 0.759010 0.354589 0.010385 0.053635
5 0.739462 0.354589 0.010385 0.060787
5 0.729383 0.349821 0.009774 0.060787
5 0.715333 0.359356 0.017104 0.060787
5 0.667685 0.342074 0.029322 0.035757
5 0.636225 0.316448 0.034820 0.027414
5 0.580635 0.209178 0.015272 0.060787
6 0.684789 0.484505 0.067196 0.089392
6 0.823458 0.482122 0.072083 0.053635
6 0.609041 0.752682 0.063531 0.063170
6 0.677459 0.762217 0.054979 0.053635
6 0.856445 0.761621 0.073305 0.059595
6 0.029627 0.758045 0.056811 0.052443
6 0.169212 0.638856 0.069640 0.061979
5 0.038485 0.389154 0.046426 0.025030
7 0.914478 0.431466 0.030544 0.028605
4 0.818571 0.615018 0.047648 0.045292
7 0.917227 0.753278 0.032376 0.035757
7 0.980452 0.783671 0.030544 0.039333
7 0.954184 0.666865 0.031765 0.036949
7 0.981979 0.626937 0.027489 0.033373
7 0.544594 0.843862 0.011607 0.030989
7 0.565974 0.846841 0.016494 0.041716
7 0.249236 0.811681 0.023213 0.038141
7 0.282834 0.858760 0.013439 0.036949
7 0.303299 0.831943 0.022602 0.021454
7 0.912340 0.839690 0.014050 0.039333
7 0.974038 0.837306 0.014050 0.032181
4 0.185095 0.476162 0.042761 0.025030
4 0.592242 0.233611 0.033598 0.052443
4 0.631338 0.243743 0.037263 0.034565
4 0.649664 0.281883 0.044594 0.036949
7 0.916005 0.808105 0.017715 0.028605
7 0.719872 0.268908 0.017558 0.030252
7 0.916999 0.366387 0.022346 0.036975
5 0.913009 0.349580 0.031923 0.026891
