7 0.566100 0.449000 0.009800 0.014600
0 0.915100 0.526600 0.055700 0.043300
0 0.945600 0.588000 0.053400 0.040700
0 0.525300 0.311100 0.022800 0.098700
0 0.486900 0.162900 0.019200 0.084100
7 0.003591 0.566387 0.007183 0.020168
7 0.025938 0.566387 0.008779 0.020168
7 0.552275 0.348739 0.012769 0.021849
4 0.458101 0.912605 0.020750 0.040336
4 0.458500 0.959664 0.019952 0.033613
4 0.444134 0.256303 0.008779 0.035294
4 0.442937 0.218487 0.007981 0.040336
4 0.446129 0.180672 0.007981 0.048739
0 0.886672 0.584034 0.049481 0.042017
0 0.447326 0.036134 0.023144 0.072269
0 0.515563 0.180672 0.023943 0.095798
0 0.287310 0.553782 0.049481 0.038655
0 0.229050 0.553782 0.051077 0.038655
1 0.065842 0.482353 0.048683 0.040336
1 0.047885 0.543697 0.062251 0.048739
1 0.346768 0.499160 0.055068 0.043697
1 0.666002 0.518487 0.061453 0.042017
4 0.483240 0.257143 0.010375 0.040336
4 0.563049 0.500000 0.026337 0.018487
3 0.519154 0.058824 0.024741 0.117647
3 0.728252 0.571429 0.061453 0.043697
6 0.448125 0.305882 0.016760 0.070588
6 0.485235 0.348739 0.017558 0.055462
6 0.501197 0.489916 0.028731 0.031933
6 0.458500 0.693277 0.016760 0.055462
6 0.451317 0.756303 0.015164 0.057143
6 0.805666 0.509244 0.031125 0.030252
0 0.481245 0.063025 0.022346 0.085714
