4 0.484400 0.372600 0.016200 0.061400
4 0.520000 0.216300 0.013800 0.049800
0 0.516100 0.763100 0.026600 0.110300
0 0.453100 0.484400 0.047300 0.111400
0 0.520000 0.401900 0.028600 0.119900
0 0.482700 0.046600 0.026000 0.093500
5 0.422586 0.181513 0.010375 0.043697
0 0.792498 0.537815 0.075020 0.053782
3 0.881883 0.622689 0.086193 0.055462
4 0.557063 0.810084 0.011173 0.060504
4 0.429370 0.218487 0.009577 0.040336
4 0.042298 0.603361 0.028731 0.040336
5 0.549880 0.421849 0.009577 0.047059
5 0.602155 0.482353 0.026337 0.026891
6 0.432562 0.273109 0.020750 0.082353
6 0.286512 0.610084 0.044693 0.033613
6 0.435754 0.876471 0.020750 0.075630
6 0.466879 0.193277 0.020750 0.067227
6 0.640463 0.514286 0.037510 0.036975
6 0.698324 0.599160 0.038308 0.038655
6 0.651237 0.578992 0.038308 0.048739
7 0.572626 0.327731 0.015164 0.026891
7 0.152434 0.445378 0.015962 0.023529
6 0.697925 0.528571 0.037510 0.042017
0 0.136872 0.601681 0.067837 0.050420
