6 0.593500 0.473900 0.035300 0.035100
6 0.535515 0.702521 0.031923 0.033613
7 0.760974 0.630252 0.015164 0.013445
7 0.971269 0.357983 0.011173 0.020168
7 0.972466 0.713445 0.013567 0.018487
7 0.005188 0.034454 0.010375 0.018487
7 0.407023 0.948739 0.007981 0.018487
7 0.791700 0.940336 0.009577 0.015126
7 0.798484 0.942017 0.008779 0.018487
6 0.468875 0.813445 0.018356 0.060504
6 0.466081 0.900000 0.019154 0.062185
6 0.985235 0.425210 0.027933 0.033613
5 0.953711 0.324370 0.007981 0.030252
4 0.967678 0.596639 0.023144 0.023529
0 0.059856 0.474790 0.054270 0.045378
6 0.896648 0.488235 0.040702 0.031933
