7 0.633500 0.103100 0.028000 0.037100
7 0.375800 0.755700 0.018900 0.038100
7 0.615200 0.153800 0.020100 0.038900
7 0.201000 0.621000 0.019000 0.030700
7 0.181900 0.627100 0.017100 0.033300
6 0.863200 0.566000 0.074200 0.071800
0 0.037500 0.552300 0.075400 0.087500
7 0.353951 0.611765 0.019952 0.040336
7 0.807263 0.636134 0.024741 0.025210
7 0.623703 0.024370 0.023144 0.048739
7 0.713488 0.352941 0.027135 0.030252
7 0.357542 0.236134 0.014366 0.042017
6 0.404230 0.891597 0.040702 0.126050
6 0.426177 0.163866 0.041500 0.126050
6 0.474062 0.221008 0.036712 0.119328
6 0.721868 0.439496 0.074222 0.065546
6 0.756983 0.589076 0.072626 0.065546
1 0.548683 0.385714 0.067837 0.344538
