7 0.424700 0.777700 0.011800 0.022700
7 0.056500 0.810900 0.016200 0.020400
7 0.536800 0.694900 0.013100 0.023700
7 0.653400 0.743300 0.014700 0.027900
7 0.361800 0.786400 0.011000 0.018800
7 0.521700 0.788900 0.010000 0.021800
7 0.108300 0.808400 0.014200 0.018200
7 0.510500 0.782800 0.010400 0.023100
7 0.680100 0.737700 0.011000 0.028600
7 0.769700 0.705300 0.015000 0.020500
6 0.822600 0.534100 0.047100 0.048200
6 0.716900 0.545100 0.046400 0.044400
6 0.560800 0.661900 0.042400 0.046600
6 0.866600 0.459000 0.047100 0.043500
6 0.475400 0.299300 0.020600 0.063200
6 0.505500 0.254500 0.019300 0.066500
3 0.071000 0.742500 0.090700 0.057600
0 0.772500 0.617200 0.064900 0.058200
0 0.236400 0.573900 0.065700 0.048700
0 0.043100 0.577600 0.074200 0.050800
0 0.477400 0.423500 0.028400 0.123200
6 0.172266 0.752086 0.031765 0.030989
6 0.456323 0.719905 0.037874 0.033373
6 0.406536 0.728248 0.036042 0.033373
6 0.576970 0.719309 0.036042 0.032181
6 0.623396 0.719309 0.032376 0.029797
6 0.985339 0.691895 0.028100 0.036949
4 0.569640 0.373063 0.016494 0.040524
4 0.597129 0.417759 0.027489 0.032181
4 0.544288 0.153159 0.030544 0.032181
5 0.646610 0.516091 0.023824 0.019070
5 0.593464 0.440405 0.026268 0.017878
5 0.611179 0.454112 0.017715 0.026222
5 0.648748 0.455304 0.008552 0.042908
5 0.654856 0.455900 0.008552 0.044100
5 0.666768 0.455304 0.007941 0.045292
5 0.675626 0.455900 0.007330 0.048868
5 0.685706 0.446365 0.006720 0.036949
5 0.693036 0.452920 0.006720 0.040524
5 0.702199 0.452920 0.009163 0.042908
5 0.600489 0.522646 0.021991 0.027414
7 0.459988 0.422527 0.008552 0.017878
7 0.445632 0.446961 0.007941 0.016687
7 0.440440 0.477950 0.007330 0.016687
7 0.431582 0.494041 0.009163 0.017878
7 0.567196 0.463647 0.007941 0.011919
7 0.568723 0.478546 0.012217 0.015495
7 0.501527 0.138856 0.008552 0.022646
7 0.506109 0.156138 0.009163 0.021454
7 0.783751 0.717521 0.013439 0.014303
7 0.767868 0.756257 0.010996 0.017878
7 0.668601 0.758045 0.015272 0.016687
7 0.553757 0.779499 0.009163 0.021454
7 0.538790 0.781287 0.009774 0.017878
7 0.367746 0.838498 0.007330 0.020262
7 0.357056 0.856973 0.009163 0.028605
7 0.357666 0.906436 0.007941 0.020262
5 0.328955 0.737783 0.018937 0.016687
6 0.208613 0.750894 0.038485 0.033373
7 0.398595 0.606675 0.010385 0.016687
7 0.766952 0.480334 0.015272 0.019070
7 0.902566 0.716329 0.016494 0.016687
1 0.547343 0.248510 0.029322 0.151371
7 0.668907 0.771752 0.010996 0.013111
4 0.335064 0.566746 0.026268 0.022646
6 0.737324 0.712753 0.040318 0.023838
7 0.820403 0.731824 0.013439 0.014303
5 0.638069 0.460504 0.011971 0.036975
5 0.554270 0.372269 0.011971 0.035294
3 0.162011 0.582353 0.078212 0.055462
4 0.253791 0.736975 0.030327 0.021849
6 0.555866 0.591597 0.045491 0.057143
6 0.677973 0.694958 0.042298 0.042017
