7 0.462300 0.988200 0.015000 0.020300
6 0.509300 0.206900 0.021600 0.069800
1 0.225700 0.587800 0.090300 0.063900
0 0.541800 0.266200 0.028000 0.121800
5 0.569832 0.808403 0.007981 0.047059
7 0.578212 0.805882 0.010375 0.025210
7 0.421788 0.608403 0.010375 0.033613
3 0.898244 0.654622 0.086991 0.062185
4 0.493615 0.768067 0.018356 0.060504
4 0.442139 0.216807 0.009577 0.043697
4 0.075818 0.583193 0.019154 0.026891
4 0.044693 0.584874 0.028731 0.033613
6 0.477255 0.239496 0.027135 0.082353
6 0.446129 0.273109 0.020750 0.085714
6 0.487630 0.333613 0.020750 0.075630
6 0.436951 0.887395 0.019952 0.077311
7 0.584996 0.337815 0.015962 0.026891
0 0.139665 0.589076 0.070231 0.055462
