7 0.048800 0.810200 0.018700 0.022400
7 0.447200 0.592000 0.016200 0.024700
7 0.845000 0.700800 0.016600 0.027700
7 0.159900 0.528000 0.018100 0.024000
7 0.467600 0.732800 0.011200 0.019900
7 0.236700 0.507600 0.016900 0.023700
7 0.458000 0.741800 0.010200 0.019300
7 0.145000 0.808200 0.012700 0.021500
7 0.471100 0.077800 0.012600 0.027300
7 0.157900 0.819700 0.015900 0.023500
7 0.772600 0.709800 0.014100 0.020900
7 0.653700 0.729500 0.013600 0.024700
7 0.622500 0.726700 0.013500 0.021700
7 0.767300 0.735900 0.011300 0.022700
7 0.755200 0.729000 0.014000 0.023300
7 0.539600 0.729300 0.010100 0.017500
7 0.764200 0.483000 0.016100 0.026900
6 0.509400 0.167500 0.021000 0.074200
6 0.579000 0.657500 0.041300 0.052000
4 0.881800 0.585600 0.036200 0.030100
1 0.880200 0.511000 0.079500 0.075000
1 0.959800 0.431300 0.078800 0.102300
0 0.241700 0.561500 0.064600 0.047600
0 0.050700 0.563100 0.072400 0.047800
0 0.479300 0.413000 0.030600 0.123200
5 0.718082 0.442789 0.011607 0.036949
5 0.702199 0.445173 0.007941 0.039333
5 0.693036 0.444577 0.006720 0.035757
5 0.678070 0.445173 0.008552 0.041716
5 0.667990 0.449344 0.007941 0.040524
5 0.686011 0.439213 0.006109 0.034565
5 0.657605 0.447557 0.007941 0.039333
5 0.649969 0.447557 0.006109 0.034565
5 0.641112 0.457688 0.011607 0.030989
5 0.611179 0.445173 0.015272 0.017878
5 0.591936 0.430870 0.021991 0.010727
5 0.554979 0.364720 0.009163 0.033373
6 0.178375 0.736591 0.031765 0.033373
6 0.212584 0.735399 0.037874 0.033373
6 0.281307 0.722288 0.039707 0.035757
6 0.368357 0.709178 0.037874 0.045292
6 0.409591 0.715137 0.037263 0.038141
6 0.459071 0.707390 0.040929 0.034565
6 0.622480 0.707986 0.031765 0.033373
6 0.694869 0.702026 0.039707 0.038141
6 0.903177 0.651371 0.043372 0.056019
6 0.919976 0.389154 0.035431 0.063170
6 0.976481 0.486889 0.043372 0.075089
7 0.792914 0.427294 0.010996 0.017878
4 0.599878 0.408224 0.028100 0.022646
4 0.570861 0.361740 0.017715 0.039333
4 0.546426 0.146603 0.028711 0.030989
4 0.339035 0.550656 0.025657 0.016687
6 0.963653 0.583433 0.054368 0.046484
7 0.533293 0.750298 0.009774 0.017878
7 0.541845 0.755662 0.008552 0.014303
7 0.540012 0.771156 0.009774 0.011919
7 0.554062 0.766985 0.007330 0.022646
7 0.562920 0.762813 0.007941 0.019070
7 0.547648 0.737783 0.009163 0.019070
7 0.494808 0.839094 0.009774 0.021454
7 0.505498 0.862932 0.009163 0.014303
5 0.938913 0.654946 0.029322 0.017878
7 0.956628 0.674613 0.014661 0.014303
7 0.972205 0.656138 0.014050 0.017878
5 0.460293 0.231824 0.006720 0.044100
7 0.465791 0.197855 0.010385 0.016687
5 0.331704 0.724672 0.017104 0.016687
7 0.437996 0.467223 0.007330 0.019070
7 0.440745 0.492849 0.007941 0.017878
7 0.361637 0.889154 0.008552 0.021454
7 0.593464 0.450536 0.007941 0.016687
7 0.138974 0.979142 0.011607 0.022646
7 0.101100 0.981526 0.010385 0.022646
1 0.549082 0.241176 0.031923 0.146218
6 0.333200 0.652941 0.040702 0.042017
6 0.191141 0.677311 0.043895 0.040336
3 0.168396 0.569748 0.076616 0.053782
6 0.403432 0.644538 0.037510 0.042017
7 0.365523 0.727731 0.007981 0.013445
6 0.736233 0.698319 0.040702 0.028571
6 0.634078 0.671429 0.042298 0.035294
6 0.575419 0.705882 0.039904 0.040336
6 0.981644 0.684874 0.035116 0.035294
6 0.983240 0.279832 0.022346 0.058824
6 0.807263 0.555462 0.042298 0.042017
