7 0.082900 0.841800 0.020200 0.026500
7 0.830300 0.488400 0.016500 0.023900
7 0.391900 0.567800 0.012800 0.023200
7 0.807300 0.652300 0.013800 0.022800
7 0.900600 0.431500 0.017700 0.021300
7 0.795500 0.727100 0.015400 0.022400
7 0.467100 0.766500 0.011500 0.024400
7 0.142000 0.798900 0.015800 0.022200
7 0.461000 0.752700 0.010900 0.022600
7 0.908600 0.444700 0.017300 0.025200
7 0.465800 0.245900 0.013500 0.026100
7 0.788900 0.413100 0.012800 0.021500
7 0.886800 0.716200 0.018500 0.023700
7 0.654700 0.756900 0.012800 0.027100
7 0.461900 0.273300 0.014000 0.024500
7 0.624000 0.762300 0.012300 0.022800
7 0.286900 0.760800 0.012300 0.024200
6 0.870800 0.464900 0.049400 0.041700
6 0.897400 0.679200 0.044400 0.048700
5 0.519300 0.092400 0.012700 0.052800
0 0.047000 0.575000 0.075800 0.051400
0 0.240400 0.573700 0.065800 0.049200
0 0.482000 0.424700 0.029500 0.124300
5 0.723863 0.455056 0.011173 0.036918
5 0.708699 0.455859 0.007981 0.041734
5 0.698324 0.457464 0.009577 0.038523
5 0.690742 0.459872 0.008779 0.036918
5 0.681963 0.458266 0.007183 0.040128
5 0.672386 0.458266 0.008779 0.046549
5 0.654030 0.459069 0.008779 0.041734
5 0.644054 0.464687 0.012769 0.030498
5 0.614924 0.455056 0.019952 0.024077
5 0.595371 0.442215 0.023943 0.014446
5 0.557861 0.377207 0.009577 0.038523
6 0.927001 0.395709 0.039707 0.064362
5 0.936164 0.427890 0.025046 0.033373
6 0.626451 0.725268 0.034820 0.034565
6 0.460293 0.722288 0.042150 0.038141
6 0.410202 0.731228 0.040929 0.036949
6 0.368968 0.730036 0.037874 0.063170
6 0.281307 0.735399 0.042150 0.038141
6 0.697618 0.718117 0.041539 0.036949
6 0.983812 0.699046 0.028711 0.041716
6 0.518937 0.718117 0.037263 0.039333
4 0.573916 0.376043 0.016494 0.034565
4 0.602932 0.417163 0.029322 0.026222
7 0.462737 0.182360 0.010385 0.016687
7 0.468235 0.109058 0.007941 0.015495
4 0.548564 0.154946 0.026878 0.026222
4 0.339646 0.564958 0.025657 0.019070
5 0.330788 0.738379 0.021381 0.015495
5 0.410812 0.658522 0.025046 0.020262
7 0.549786 0.758045 0.008552 0.016687
7 0.542761 0.786055 0.009163 0.015495
7 0.557117 0.782479 0.007330 0.022646
7 0.565058 0.774136 0.008552 0.013111
7 0.772755 0.498808 0.018326 0.015495
7 0.467929 0.317044 0.012217 0.016687
7 0.461515 0.402861 0.009163 0.016687
7 0.149053 0.517878 0.013439 0.020262
3 0.166768 0.582837 0.079414 0.059595
7 0.361637 0.901669 0.007330 0.022646
7 0.789249 0.464839 0.010996 0.011919
7 0.798717 0.466627 0.010385 0.013111
7 0.800244 0.576281 0.014661 0.017878
6 0.492817 0.024370 0.021548 0.045378
1 0.551875 0.248739 0.032721 0.147899
0 0.549082 0.044538 0.030327 0.089076
6 0.210694 0.750420 0.039904 0.038655
6 0.175978 0.750420 0.032721 0.031933
7 0.137271 0.991597 0.011173 0.013445
7 0.098962 0.990756 0.011173 0.015126
6 0.742219 0.716807 0.039904 0.028571
6 0.578611 0.721849 0.041500 0.038655
3 0.712291 0.607563 0.079010 0.058824
6 0.647646 0.568908 0.043895 0.045378
