7 0.775000 0.480000 0.018100 0.024000
7 0.195900 0.618400 0.014500 0.027300
7 0.147300 0.512000 0.015800 0.022000
7 0.792700 0.717500 0.016300 0.021700
7 0.466000 0.318300 0.013700 0.024900
7 0.944100 0.399900 0.016100 0.022600
7 0.661700 0.739000 0.013500 0.023800
7 0.447300 0.793400 0.011300 0.018400
7 0.215500 0.611400 0.014000 0.026300
7 0.457100 0.761300 0.009500 0.022600
7 0.302700 0.765700 0.011500 0.019400
7 0.364800 0.900500 0.008900 0.020700
7 0.060000 0.849400 0.015700 0.027200
7 0.718500 0.738600 0.010600 0.023300
7 0.573900 0.754800 0.011300 0.024000
6 0.517100 0.317000 0.029400 0.072200
6 0.900000 0.668000 0.044500 0.047800
6 0.845300 0.671300 0.043100 0.045000
6 0.509400 0.119900 0.020600 0.076400
5 0.923300 0.511700 0.026900 0.033000
4 0.923400 0.511700 0.025400 0.033000
4 0.901600 0.581900 0.031400 0.025700
4 0.015800 0.659200 0.032000 0.024900
0 0.983000 0.406600 0.038900 0.110000
0 0.046200 0.575300 0.076200 0.052400
0 0.239800 0.570000 0.065900 0.050800
0 0.481000 0.418700 0.029800 0.126800
5 0.724262 0.443820 0.010375 0.036918
5 0.709098 0.447833 0.007183 0.038523
5 0.699920 0.445425 0.007981 0.036918
5 0.691939 0.447030 0.006385 0.036918
5 0.682761 0.447030 0.008779 0.040128
5 0.673982 0.450241 0.007183 0.046549
5 0.654030 0.451846 0.007183 0.043339
5 0.646049 0.457464 0.011971 0.032103
5 0.614126 0.447833 0.021548 0.025682
5 0.595770 0.432584 0.024741 0.017657
5 0.557861 0.371589 0.012769 0.046549
6 0.176848 0.750298 0.034820 0.034565
6 0.212279 0.749106 0.042150 0.039333
6 0.281918 0.734207 0.040929 0.033373
6 0.369884 0.727652 0.036042 0.063170
6 0.412645 0.727056 0.038485 0.035757
6 0.463042 0.718713 0.045205 0.038141
6 0.582468 0.716925 0.040929 0.034565
6 0.628283 0.718713 0.034820 0.038141
6 0.913561 0.449940 0.045816 0.039333
6 0.932498 0.382002 0.036042 0.063170
1 0.552230 0.240763 0.032987 0.147795
4 0.574221 0.367104 0.019548 0.042908
4 0.603238 0.412396 0.027489 0.021454
4 0.547954 0.144815 0.028100 0.029797
4 0.340257 0.558999 0.026878 0.019070
7 0.426084 0.525626 0.010385 0.021454
7 0.781002 0.412992 0.012828 0.020262
7 0.544899 0.778308 0.008552 0.019070
7 0.559255 0.777116 0.010385 0.023838
7 0.394013 0.752086 0.010996 0.011919
7 0.382712 0.739571 0.011607 0.015495
7 0.521991 0.802145 0.010385 0.023838
5 0.940745 0.649583 0.028100 0.028605
5 0.330788 0.735995 0.020159 0.013111
7 0.768173 0.676996 0.012828 0.021454
7 0.817349 0.703218 0.015883 0.019070
7 0.813073 0.736591 0.012217 0.019070
7 0.867440 0.692491 0.013439 0.019070
5 0.894930 0.417163 0.024435 0.028605
7 0.094685 0.604887 0.017104 0.015495
3 0.164630 0.578665 0.077581 0.063170
7 0.355223 0.909416 0.011607 0.016687
7 0.988699 0.241359 0.014050 0.022646
7 0.100160 0.991597 0.011971 0.013445
7 0.138468 0.992437 0.010375 0.011765
6 0.520750 0.708403 0.037510 0.038655
6 0.743416 0.705882 0.042298 0.030252
6 0.700718 0.708403 0.043097 0.035294
6 0.735036 0.645378 0.046289 0.043697
6 0.642059 0.530252 0.042298 0.042017
6 0.760575 0.539496 0.043097 0.033613
6 0.552275 0.528571 0.033520 0.068908
