7 0.221800 0.659500 0.016400 0.022700
7 0.882200 0.468600 0.019000 0.026300
7 0.237900 0.510800 0.013900 0.021800
7 0.804700 0.471300 0.014500 0.025700
7 0.167200 0.541000 0.013800 0.022700
7 0.484100 0.519200 0.011700 0.023300
7 0.864800 0.690100 0.016300 0.020900
7 0.606600 0.743000 0.014700 0.023300
7 0.414400 0.774700 0.010500 0.018000
7 0.365100 0.894100 0.009000 0.022700
6 0.587700 0.542900 0.040200 0.048300
6 0.659800 0.500400 0.036600 0.038200
4 0.426200 0.565200 0.028300 0.030800
1 0.467700 0.595700 0.076100 0.062800
0 0.708400 0.582100 0.068200 0.053600
0 0.623100 0.603200 0.068600 0.054200
0 0.051200 0.566700 0.073900 0.050100
0 0.243300 0.562200 0.064200 0.047500
5 0.722666 0.439807 0.011971 0.035313
5 0.706305 0.443820 0.006385 0.040128
5 0.698324 0.441413 0.006385 0.038523
5 0.689944 0.442215 0.008779 0.036918
5 0.681963 0.443820 0.007183 0.040128
5 0.671588 0.444623 0.007183 0.038523
5 0.653232 0.445425 0.005587 0.033708
5 0.643655 0.451043 0.008779 0.025682
5 0.614126 0.444623 0.015164 0.019262
5 0.595371 0.426966 0.020750 0.016051
5 0.557063 0.365971 0.011173 0.041734
5 0.658021 0.469502 0.016760 0.017657
6 0.290165 0.668653 0.040318 0.040524
6 0.180513 0.742551 0.033598 0.035757
6 0.215944 0.740167 0.038485 0.035757
6 0.372022 0.712157 0.039096 0.048868
6 0.412645 0.715733 0.037263 0.039333
6 0.521991 0.702026 0.038485 0.040524
6 0.514661 0.648987 0.034820 0.036949
6 0.556506 0.653754 0.037874 0.032181
6 0.626145 0.710369 0.034209 0.033373
6 0.740073 0.700834 0.040929 0.028605
6 0.844227 0.665077 0.047648 0.035757
6 0.897984 0.663290 0.042761 0.041716
6 0.927001 0.379023 0.033598 0.069130
6 0.608735 0.492253 0.039707 0.040524
6 0.559255 0.592968 0.038485 0.036949
1 0.551924 0.237783 0.031155 0.144219
4 0.342089 0.555423 0.025657 0.016687
4 0.573916 0.361144 0.017715 0.033373
4 0.602932 0.405840 0.026878 0.017878
4 0.548259 0.146007 0.026268 0.032181
7 0.788332 0.468415 0.012828 0.016687
7 0.770922 0.483909 0.013439 0.016687
7 0.805437 0.403456 0.015272 0.015495
7 0.558644 0.768176 0.007941 0.022646
7 0.543372 0.771752 0.011607 0.017878
5 0.936469 0.651371 0.024435 0.015495
7 0.965791 0.631108 0.018326 0.017878
7 0.958766 0.655542 0.012828 0.019070
5 0.466097 0.173421 0.008552 0.048868
5 0.334453 0.726460 0.018937 0.015495
5 0.991142 0.290226 0.015272 0.046484
7 0.483506 0.485101 0.010385 0.019070
7 0.360415 0.542312 0.009774 0.019070
7 0.345449 0.581049 0.009163 0.015495
3 0.169212 0.573302 0.079414 0.054827
7 0.900428 0.703814 0.012217 0.017878
7 0.874160 0.657926 0.013439 0.016687
5 0.857666 0.709774 0.026878 0.034565
7 0.935858 0.718117 0.014661 0.015495
7 0.942883 0.737783 0.014050 0.019070
7 0.440440 0.467819 0.008552 0.022646
7 0.375076 0.781287 0.010996 0.020262
7 0.463348 0.290822 0.010385 0.019070
7 0.811546 0.766985 0.011607 0.015495
7 0.140501 0.983909 0.012217 0.022646
7 0.103849 0.982718 0.012217 0.015495
7 0.483201 0.832539 0.010996 0.020262
0 0.480846 0.412605 0.031125 0.126050
7 0.655626 0.468067 0.008779 0.015126
6 0.284118 0.722689 0.038308 0.040336
7 0.462889 0.731933 0.007981 0.015126
7 0.470072 0.735294 0.007981 0.015126
7 0.365922 0.726050 0.005587 0.010084
6 0.461692 0.709244 0.043895 0.036975
6 0.698723 0.700840 0.042298 0.036975
6 0.579808 0.705882 0.039106 0.040336
6 0.702713 0.506723 0.040702 0.038655
7 0.906624 0.688235 0.012769 0.018487
6 0.983639 0.680672 0.029529 0.036975
7 0.849162 0.428571 0.017558 0.026891
