7 0.359000 0.573200 0.018800 0.039000
7 0.060200 0.637600 0.026900 0.032000
7 0.338300 0.557000 0.021300 0.033900
6 0.766000 0.559500 0.070000 0.059500
6 0.844900 0.528900 0.082700 0.062400
5 0.846500 0.439700 0.038100 0.036900
0 0.039200 0.568200 0.082200 0.088900
7 0.635674 0.123529 0.029529 0.038655
6 0.395451 0.047899 0.037510 0.092437
7 0.989226 0.401681 0.019952 0.026891
6 0.407821 0.910084 0.038308 0.119328
6 0.736233 0.470588 0.071030 0.067227
6 0.687949 0.559664 0.068635 0.060504
1 0.565044 0.496639 0.052674 0.253782
1 0.486034 0.398319 0.070231 0.305882
