7 0.477700 0.787500 0.019700 0.034100
7 0.772700 0.864500 0.018200 0.030700
7 0.933300 0.454300 0.025400 0.025400
7 0.720600 0.886800 0.023100 0.031400
5 0.440700 0.273200 0.018000 0.070800
0 0.491600 0.583200 0.104900 0.113500
0 0.051300 0.542000 0.103400 0.082200
5 0.717166 0.403456 0.009774 0.063170
5 0.802688 0.399285 0.010996 0.061979
5 0.787721 0.401073 0.009163 0.056019
5 0.773671 0.399285 0.007941 0.054827
5 0.756872 0.421931 0.013439 0.057211
5 0.745571 0.402265 0.010385 0.053635
5 0.728772 0.405840 0.008552 0.058403
5 0.702505 0.411800 0.019548 0.051251
5 0.653940 0.393325 0.029933 0.038141
5 0.622786 0.365316 0.034820 0.022646
5 0.565058 0.258641 0.015883 0.059595
6 0.208919 0.782479 0.072083 0.058403
6 0.223274 0.695471 0.069029 0.060787
6 0.410202 0.797974 0.059255 0.063170
6 0.595602 0.811085 0.063531 0.063170
6 0.667379 0.557807 0.062920 0.054827
6 0.841173 0.687723 0.076970 0.059595
6 0.847587 0.821216 0.076359 0.059595
6 0.846060 0.408224 0.063531 0.053635
7 0.945327 0.354589 0.017715 0.017878
7 0.967013 0.358164 0.025657 0.025030
7 0.906842 0.471395 0.031155 0.022646
4 0.577886 0.281287 0.028100 0.050060
4 0.618204 0.292610 0.035431 0.034565
4 0.636225 0.331943 0.047037 0.039333
4 0.163103 0.534565 0.042761 0.027414
4 0.874465 0.596544 0.045816 0.036949
7 0.984423 0.691299 0.029933 0.030989
7 0.835370 0.887962 0.025046 0.033373
7 0.558338 0.881406 0.019548 0.029797
7 0.551619 0.914779 0.014661 0.036949
7 0.529627 0.910012 0.012217 0.032181
7 0.282224 0.576281 0.018326 0.025030
7 0.836897 0.375447 0.017104 0.023838
5 0.016494 0.446961 0.030544 0.016687
7 0.704310 0.315966 0.015164 0.033613
7 0.988827 0.870588 0.019154 0.030252
1 0.561053 0.084874 0.049481 0.169748
6 0.848364 0.757143 0.076616 0.062185
6 0.752594 0.685714 0.073424 0.057143
6 0.617318 0.673950 0.055068 0.063866
6 0.667199 0.821849 0.054270 0.047059
