7 0.820800 0.295600 0.016400 0.027000
7 0.484600 0.903900 0.014300 0.028500
7 0.650500 0.878800 0.017000 0.030100
7 0.668900 0.855500 0.018600 0.033000
7 0.782500 0.842900 0.016900 0.030100
7 0.308000 0.967100 0.017200 0.041700
4 0.917000 0.590300 0.040800 0.036100
4 0.239700 0.532900 0.041700 0.033000
4 0.962900 0.508000 0.048800 0.040900
1 0.201200 0.673400 0.127300 0.092700
0 0.505400 0.210300 0.048700 0.202100
0 0.126100 0.546800 0.103100 0.083900
0 0.630500 0.078800 0.052400 0.158400
6 0.929444 0.727652 0.076359 0.060787
6 0.928222 0.799762 0.077581 0.059595
6 0.745571 0.806913 0.056811 0.054827
6 0.674710 0.799166 0.065363 0.060787
6 0.683873 0.726460 0.071472 0.056019
6 0.730910 0.647199 0.072694 0.059595
6 0.073916 0.832539 0.073305 0.058403
6 0.564142 0.176996 0.034820 0.113230
5 0.082773 0.451728 0.045816 0.028605
5 0.637141 0.240167 0.018326 0.053635
5 0.695785 0.349821 0.035431 0.020262
5 0.727550 0.374851 0.032987 0.036949
5 0.774893 0.389750 0.018937 0.057211
5 0.790470 0.376639 0.010996 0.061979
5 0.801466 0.380810 0.009774 0.060787
5 0.815211 0.383194 0.011607 0.063170
5 0.828955 0.393325 0.015883 0.073897
5 0.845144 0.379023 0.010385 0.064362
5 0.859194 0.374255 0.014050 0.071514
5 0.875687 0.378427 0.014050 0.072706
7 0.979841 0.440405 0.032987 0.025030
7 0.608430 0.893921 0.013439 0.033373
7 0.469151 0.962455 0.019548 0.032181
7 0.631643 0.895709 0.014661 0.041716
7 0.635003 0.862336 0.014050 0.029797
7 0.978314 0.294398 0.027489 0.023838
4 0.650580 0.266389 0.034209 0.051251
4 0.689982 0.278903 0.036042 0.040524
4 0.708919 0.315256 0.043372 0.041716
7 0.445632 0.886174 0.012828 0.032181
7 0.467929 0.891538 0.017104 0.030989
7 0.473732 0.323004 0.015272 0.030989
7 0.475260 0.179380 0.009774 0.025030
7 0.985950 0.873063 0.019548 0.039333
3 0.035515 0.557983 0.069433 0.090756
