7 0.207100 0.811400 0.013400 0.025100
7 0.260400 0.509800 0.018000 0.023300
7 0.169400 0.822000 0.015400 0.018600
7 0.778800 0.512300 0.016800 0.021800
7 0.428300 0.755300 0.010700 0.020600
7 0.757900 0.684300 0.014300 0.024600
7 0.534600 0.400600 0.015900 0.027900
7 0.896300 0.400400 0.021200 0.027600
7 0.524400 0.737400 0.011500 0.020900
7 0.510600 0.720800 0.010800 0.020200
7 0.831800 0.656000 0.014000 0.026600
7 0.762100 0.441400 0.016300 0.025100
6 0.125500 0.667600 0.050100 0.044800
6 0.858900 0.403200 0.042200 0.041900
4 0.093400 0.628400 0.036000 0.022900
4 0.721000 0.566400 0.029600 0.027100
3 0.078700 0.727200 0.090600 0.058400
0 0.239500 0.552400 0.065200 0.049600
0 0.049400 0.566900 0.072600 0.050800
0 0.474000 0.390000 0.027700 0.122800
5 0.696329 0.408507 0.008779 0.036918
5 0.687151 0.410112 0.007981 0.036918
5 0.679170 0.408507 0.006385 0.036918
5 0.671987 0.410112 0.007981 0.040128
5 0.661213 0.414125 0.008779 0.041734
5 0.651636 0.409310 0.007183 0.035313
5 0.644054 0.411717 0.007981 0.036918
5 0.634078 0.422151 0.011971 0.028892
5 0.604150 0.413323 0.017558 0.024077
5 0.585794 0.399679 0.020750 0.016051
5 0.548284 0.336276 0.012769 0.033708
7 0.364692 0.873063 0.007330 0.020262
5 0.334148 0.710369 0.015883 0.016687
7 0.438302 0.446365 0.009163 0.017878
7 0.444716 0.415971 0.007330 0.016687
7 0.404093 0.508939 0.010385 0.011919
4 0.335980 0.537545 0.025657 0.021454
6 0.212584 0.730036 0.037874 0.034565
6 0.180208 0.733611 0.030544 0.032181
6 0.410202 0.694875 0.037263 0.038141
6 0.459988 0.683552 0.041539 0.032181
6 0.516494 0.674017 0.037263 0.039333
6 0.576665 0.676996 0.036652 0.038141
6 0.622786 0.674613 0.032376 0.033373
6 0.683262 0.453516 0.043372 0.048868
6 0.462126 0.240167 0.020159 0.067938
1 0.539401 0.213945 0.031765 0.146603
4 0.534209 0.118594 0.029933 0.029797
4 0.564447 0.338498 0.018326 0.042908
4 0.592853 0.377235 0.027489 0.025030
7 0.486255 0.315852 0.008552 0.016687
4 0.258705 0.711561 0.028711 0.026222
7 0.170434 0.774732 0.014661 0.016687
7 0.174710 0.789631 0.014661 0.015495
7 0.543067 0.740763 0.010996 0.013111
7 0.556811 0.737783 0.007941 0.019070
7 0.567196 0.726460 0.010385 0.015495
7 0.898290 0.620977 0.015272 0.021454
7 0.889432 0.656138 0.018326 0.020262
7 0.800550 0.538737 0.012828 0.016687
7 0.812462 0.535161 0.013439 0.019070
7 0.777947 0.462455 0.015272 0.021454
7 0.826512 0.631108 0.017104 0.029797
7 0.095296 0.476162 0.017104 0.013111
7 0.369884 0.825983 0.007941 0.016687
7 0.966402 0.264601 0.017104 0.021454
3 0.167685 0.565554 0.076359 0.056019
7 0.107819 0.976162 0.011607 0.021454
7 0.145693 0.978546 0.011607 0.023838
7 0.804520 0.718117 0.010996 0.017878
6 0.537510 0.631092 0.039106 0.042017
6 0.514765 0.595798 0.038308 0.045378
6 0.735435 0.659664 0.039106 0.031933
6 0.706305 0.620168 0.041500 0.043697
6 0.650040 0.563025 0.043895 0.036975
6 0.695132 0.512605 0.044693 0.036975
7 0.911014 0.665546 0.016760 0.016807
5 0.903831 0.558824 0.023144 0.038655
6 0.979250 0.626891 0.038308 0.033613
