7 0.417800 0.587000 0.011900 0.016200
4 0.034900 0.492800 0.023100 0.022100
4 0.516000 0.322900 0.010200 0.043300
0 0.277900 0.496400 0.051800 0.040900
0 0.939700 0.587100 0.053900 0.039400
0 0.444900 0.040700 0.022000 0.080900
0 0.507400 0.090600 0.021900 0.076300
7 0.550279 0.897479 0.008779 0.020168
7 0.550678 0.768067 0.007981 0.020168
7 0.551077 0.352101 0.011971 0.018487
7 0.711093 0.600000 0.007981 0.013445
7 0.431764 0.545378 0.009577 0.015126
4 0.458101 0.910924 0.019154 0.036975
4 0.457302 0.955462 0.022346 0.035294
4 0.440543 0.224370 0.007981 0.038655
4 0.442139 0.262185 0.007981 0.036975
6 0.445730 0.310924 0.016760 0.067227
6 0.457302 0.693277 0.015962 0.055462
6 0.450519 0.757143 0.016760 0.055462
6 0.801277 0.496639 0.028731 0.028571
3 0.698324 0.570588 0.057462 0.042017
1 0.511572 0.210924 0.022346 0.102521
1 0.707502 0.515966 0.058260 0.040336
0 0.230247 0.557983 0.048683 0.036975
0 0.288109 0.557983 0.047885 0.040336
0 0.879888 0.582353 0.048683 0.045378
1 0.050678 0.548739 0.061453 0.045378
