7 0.493300 0.809700 0.011000 0.024100
7 0.361100 0.567500 0.014100 0.019300
7 0.793700 0.581700 0.015100 0.025200
7 0.679800 0.745500 0.014200 0.022300
7 0.496400 0.750300 0.011600 0.020700
7 0.457000 0.452700 0.014400 0.019600
7 0.358000 0.550300 0.015200 0.018800
7 0.486500 0.697700 0.010500 0.021200
7 0.141400 0.990300 0.013100 0.015800
7 0.568100 0.753800 0.011100 0.017700
7 0.564600 0.733800 0.010100 0.019200
7 0.456500 0.500400 0.012100 0.020900
7 0.584100 0.736100 0.010600 0.018600
7 0.448600 0.479800 0.013700 0.022400
7 0.803000 0.717600 0.013200 0.025700
6 0.523800 0.384200 0.031300 0.066900
6 0.542900 0.476800 0.032900 0.063700
0 0.295500 0.649100 0.066700 0.057600
0 0.521900 0.525100 0.046700 0.099600
0 0.241400 0.563200 0.063700 0.047700
0 0.049300 0.568200 0.072300 0.048300
5 0.721136 0.437426 0.009163 0.042908
5 0.704643 0.441597 0.007941 0.036949
5 0.695174 0.442193 0.006109 0.035757
5 0.688149 0.440405 0.007941 0.036949
5 0.680513 0.446961 0.006109 0.035757
5 0.669517 0.448153 0.007330 0.042908
5 0.658827 0.446961 0.005498 0.035757
5 0.651497 0.444577 0.005498 0.035757
5 0.643250 0.454112 0.012217 0.030989
5 0.610874 0.442193 0.013439 0.023838
5 0.593158 0.429082 0.021991 0.011919
5 0.555895 0.361740 0.009774 0.034565
6 0.177764 0.741359 0.029322 0.033373
6 0.213806 0.738975 0.042761 0.033373
6 0.370189 0.708582 0.037874 0.044100
6 0.411423 0.715137 0.037263 0.035757
6 0.460293 0.706198 0.044594 0.034565
6 0.578497 0.703814 0.039096 0.036949
6 0.625535 0.708582 0.032987 0.032181
6 0.981979 0.272944 0.023824 0.061979
6 0.923946 0.377235 0.033598 0.065554
6 0.982896 0.675209 0.030544 0.034565
7 0.767257 0.494041 0.014661 0.015495
4 0.601100 0.403456 0.025657 0.025030
4 0.546426 0.143623 0.029933 0.029797
6 0.486561 0.106079 0.021381 0.076281
7 0.459071 0.219905 0.009163 0.020262
5 0.484423 0.526818 0.012217 0.045292
4 0.339340 0.552443 0.025046 0.017878
7 0.481674 0.684744 0.007941 0.013111
7 0.542150 0.769964 0.010385 0.014303
7 0.557422 0.767580 0.009163 0.023838
7 0.559866 0.751490 0.007941 0.015495
7 0.625535 0.721692 0.009774 0.010727
7 0.959682 0.667461 0.014661 0.019070
7 0.895541 0.568534 0.018326 0.023838
7 0.816738 0.718713 0.013439 0.019070
7 0.463653 0.468415 0.009774 0.023838
7 0.371717 0.838498 0.007941 0.015495
5 0.332315 0.726460 0.014661 0.013111
7 0.095296 0.548272 0.012217 0.011919
3 0.167379 0.573302 0.076970 0.054827
7 0.102932 0.985101 0.010385 0.020262
7 0.583001 0.338655 0.011971 0.021849
1 0.549880 0.237815 0.031923 0.146218
4 0.571828 0.363025 0.018356 0.033613
6 0.739824 0.696639 0.038308 0.028571
6 0.729449 0.648739 0.043097 0.036975
6 0.696728 0.698319 0.041500 0.038655
6 0.617717 0.612605 0.043097 0.042017
6 0.668396 0.526891 0.042298 0.045378
6 0.858739 0.657143 0.049481 0.040336
0 0.975658 0.392437 0.045491 0.109244
