7 0.424800 0.973400 0.011900 0.025100
4 0.663700 0.567700 0.038700 0.029000
3 0.900700 0.629400 0.090700 0.056100
1 0.211800 0.614700 0.092600 0.066200
0 0.462200 0.430500 0.039000 0.106500
0 0.124500 0.621400 0.070400 0.054100
7 0.575020 0.329412 0.016760 0.030252
7 0.436153 0.172269 0.011971 0.031933
6 0.436153 0.131933 0.026337 0.085714
6 0.430567 0.278151 0.019952 0.089076
6 0.681165 0.520168 0.040702 0.038655
6 0.436153 0.903361 0.019952 0.082353
4 0.058260 0.621008 0.022346 0.035294
4 0.024741 0.629412 0.031923 0.038655
4 0.426177 0.217647 0.012769 0.045378
1 0.385076 0.551261 0.075818 0.090756
0 0.754589 0.552101 0.069433 0.058824
4 0.626496 0.526891 0.028731 0.028571
4 0.628093 0.571429 0.030327 0.030252
