7 0.372600 0.694000 0.019500 0.032700
6 0.757600 0.592000 0.073500 0.062800
6 0.859500 0.568500 0.073000 0.072600
6 0.950900 0.478400 0.078100 0.063600
4 0.485200 0.443200 0.022400 0.093100
0 0.035100 0.550900 0.070900 0.086200
7 0.630487 0.105042 0.031923 0.042017
7 0.617318 0.948739 0.019952 0.045378
6 0.401836 0.892437 0.039106 0.121008
5 0.463687 0.623529 0.022346 0.067227
1 0.558659 0.668067 0.049481 0.250420
6 0.414206 0.729412 0.049481 0.124370
6 0.722666 0.442857 0.074222 0.065546
6 0.844773 0.460504 0.075818 0.060504
6 0.934956 0.550420 0.072626 0.055462
