4 0.456100 0.310000 0.017100 0.056100
1 0.201500 0.611600 0.093000 0.066400
0 0.308200 0.609900 0.073100 0.055400
0 0.113800 0.618400 0.070400 0.051100
7 0.563847 0.325210 0.016760 0.028571
7 0.399840 0.504202 0.011173 0.026891
7 0.399840 0.620168 0.009577 0.020168
7 0.409816 0.573109 0.011971 0.023529
6 0.822825 0.515126 0.041500 0.038655
6 0.977255 0.641176 0.042298 0.038655
6 0.589385 0.509244 0.040702 0.043697
6 0.426975 0.129412 0.025539 0.087395
6 0.420192 0.273109 0.019952 0.089076
6 0.473663 0.805042 0.024741 0.073950
6 0.424980 0.901681 0.021548 0.078992
4 0.415403 0.214286 0.011971 0.042017
4 0.045491 0.620168 0.022346 0.033613
4 0.014366 0.623529 0.028731 0.040336
3 0.889465 0.626891 0.088587 0.057143
