7 0.634600 0.124600 0.030500 0.039200
7 0.101900 0.641400 0.032900 0.032200
6 0.765100 0.559000 0.069300 0.059800
6 0.842600 0.528300 0.084100 0.062400
5 0.764800 0.421400 0.030700 0.031800
0 0.039500 0.569000 0.083000 0.089900
6 0.394653 0.046218 0.035914 0.092437
7 0.340383 0.464706 0.019952 0.031933
7 0.355946 0.473109 0.015962 0.038655
6 0.408619 0.906723 0.039904 0.119328
0 0.505188 0.247899 0.043097 0.193277
1 0.490024 0.655462 0.071828 0.299160
1 0.564645 0.879832 0.051875 0.233613
6 0.735435 0.473109 0.072626 0.068908
6 0.688348 0.559664 0.067837 0.057143
