1 0.044600 0.549700 0.061600 0.049700
0 0.942600 0.593300 0.053500 0.038400
0 0.737300 0.519000 0.051500 0.040300
0 0.519500 0.716400 0.019700 0.071600
7 0.550279 0.354622 0.013567 0.020168
7 0.579808 0.452941 0.010375 0.018487
7 0.762570 0.263025 0.010375 0.021849
7 0.918994 0.620168 0.011971 0.020168
7 0.160016 0.440336 0.008779 0.016807
7 0.430567 0.129412 0.007183 0.023529
7 0.424980 0.050420 0.010375 0.023529
4 0.455706 0.916807 0.019154 0.038655
4 0.456903 0.963025 0.018356 0.033613
4 0.440942 0.263025 0.010375 0.035294
4 0.440543 0.221849 0.007981 0.040336
6 0.966480 0.547899 0.030327 0.030252
6 0.807662 0.555462 0.030327 0.028571
6 0.677175 0.496639 0.031125 0.031933
6 0.668795 0.564706 0.031923 0.030252
6 0.601756 0.562185 0.031923 0.028571
6 0.445331 0.312605 0.017558 0.070588
6 0.471668 0.416807 0.019154 0.053782
6 0.484038 0.573109 0.018356 0.050420
6 0.455706 0.700840 0.019154 0.060504
6 0.448125 0.761345 0.015164 0.053782
4 0.463288 0.340336 0.008779 0.042017
5 0.830407 0.501681 0.016760 0.018487
1 0.617717 0.509244 0.060654 0.040336
0 0.284916 0.559664 0.047885 0.036975
0 0.443735 0.039496 0.023943 0.078992
0 0.227055 0.558824 0.050279 0.038655
4 0.747007 0.554622 0.023943 0.020168
