7 0.144000 0.819900 0.020200 0.022900
7 0.802800 0.572900 0.020900 0.029000
7 0.447400 0.461500 0.014600 0.024400
7 0.176800 0.522900 0.016100 0.026000
7 0.408000 0.748700 0.012300 0.020000
7 0.530900 0.720100 0.011800 0.022200
7 0.288500 0.735000 0.014900 0.024300
7 0.216700 0.765500 0.013900 0.020900
7 0.824700 0.716400 0.012400 0.026500
7 0.759500 0.709800 0.012900 0.026900
5 0.280300 0.653300 0.028600 0.028800
3 0.693600 0.574300 0.079800 0.065900
0 0.242100 0.548300 0.065800 0.050900
0 0.049700 0.555700 0.074100 0.050900
0 0.479900 0.394600 0.031000 0.124700
5 0.721868 0.415730 0.008779 0.038523
5 0.705507 0.422151 0.007981 0.038523
5 0.695930 0.420546 0.007981 0.035313
5 0.687550 0.422151 0.007183 0.038523
5 0.679170 0.419743 0.006385 0.040128
5 0.669593 0.422953 0.006385 0.043339
5 0.651636 0.420546 0.008779 0.041734
5 0.642458 0.430177 0.011173 0.032103
5 0.612929 0.420546 0.015962 0.022472
5 0.593775 0.406902 0.023943 0.017657
5 0.556265 0.347512 0.009577 0.043339
6 0.923030 0.356377 0.042761 0.069130
6 0.742517 0.676996 0.039707 0.030989
6 0.625840 0.687723 0.034820 0.033373
6 0.463042 0.689511 0.043983 0.036949
6 0.519853 0.681168 0.037874 0.039333
6 0.412034 0.700238 0.038485 0.036949
6 0.370189 0.698451 0.040318 0.059595
6 0.282834 0.707986 0.040318 0.038141
6 0.213500 0.725864 0.038485 0.033373
6 0.179597 0.728248 0.030544 0.033373
4 0.570556 0.343266 0.019548 0.035757
4 0.602627 0.384386 0.027489 0.025030
7 0.476481 0.129321 0.009774 0.020262
7 0.466707 0.092372 0.008552 0.020262
7 0.463958 0.069726 0.006720 0.020262
7 0.458461 0.167461 0.009163 0.017878
7 0.473122 0.221692 0.010385 0.016687
4 0.544288 0.125149 0.029322 0.028605
4 0.340562 0.537545 0.026268 0.019070
5 0.333537 0.710965 0.019548 0.013111
7 0.541539 0.735399 0.011607 0.016687
7 0.543677 0.751490 0.008552 0.015495
7 0.558033 0.748510 0.007941 0.023838
7 0.566585 0.736591 0.009163 0.014303
7 0.599267 0.718117 0.012217 0.017878
7 0.768784 0.460072 0.014050 0.016687
5 0.969151 0.308105 0.020159 0.044100
7 0.150275 0.496424 0.014661 0.015495
7 0.104154 0.972586 0.012828 0.023838
7 0.143250 0.973182 0.011607 0.025030
3 0.169212 0.558403 0.076970 0.053635
7 0.364386 0.869487 0.009163 0.015495
7 0.459988 0.150179 0.009774 0.014303
7 0.900122 0.675209 0.016494 0.017878
7 0.954795 0.333135 0.014661 0.022646
7 0.743433 0.710369 0.015883 0.021454
1 0.548683 0.218487 0.031125 0.144538
7 0.618117 0.721849 0.008779 0.018487
6 0.580607 0.684874 0.037510 0.042017
6 0.698324 0.678992 0.041500 0.036975
6 0.612530 0.529412 0.042298 0.040336
6 0.896249 0.636134 0.043097 0.042017
6 0.986034 0.653782 0.026337 0.036975
6 0.866720 0.421849 0.046289 0.040336
