7 0.426300 0.684900 0.012000 0.026500
5 0.447400 0.394900 0.014100 0.040700
4 0.477300 0.058700 0.013400 0.056800
0 0.476000 0.184600 0.026700 0.107400
0 0.144300 0.594800 0.066100 0.046600
7 0.573025 0.326050 0.014366 0.030252
6 0.582602 0.521008 0.036712 0.036975
6 0.437749 0.868908 0.019952 0.073950
6 0.290902 0.604202 0.045491 0.031933
6 0.436153 0.273950 0.019952 0.087395
4 0.431764 0.216807 0.009577 0.040336
4 0.049082 0.599160 0.029529 0.038655
3 0.513966 0.261345 0.030327 0.132773
3 0.881085 0.619328 0.084597 0.055462
