7 0.340900 0.533000 0.020400 0.028500
7 0.955000 0.369900 0.025300 0.030200
7 0.581200 0.342500 0.017000 0.028700
7 0.247800 0.855700 0.018700 0.030900
7 0.979300 0.688200 0.018800 0.024800
6 0.599000 0.604600 0.053500 0.091600
5 0.630600 0.458000 0.036700 0.034800
0 0.685900 0.594900 0.104800 0.083800
0 0.058300 0.552200 0.112900 0.079500
5 0.798106 0.417163 0.010385 0.064362
5 0.783445 0.414779 0.011607 0.066746
5 0.768479 0.415971 0.010996 0.054827
5 0.752596 0.435638 0.013439 0.065554
5 0.725107 0.422527 0.009774 0.058403
5 0.699756 0.429678 0.016494 0.056019
5 0.653024 0.411204 0.028100 0.035757
5 0.621869 0.383194 0.034209 0.022646
5 0.565974 0.274136 0.016494 0.059595
5 0.718387 0.476162 0.037874 0.029797
6 0.216860 0.711561 0.065974 0.057211
6 0.406536 0.807509 0.060476 0.058403
6 0.594685 0.824195 0.062920 0.058403
6 0.664630 0.834327 0.051313 0.057211
6 0.721442 0.753278 0.072083 0.061979
6 0.777337 0.835518 0.065363 0.059595
6 0.845449 0.833135 0.072083 0.057211
6 0.824679 0.740167 0.073305 0.057211
6 0.806659 0.591776 0.075137 0.065554
6 0.842395 0.429678 0.062309 0.056019
6 0.515577 0.598927 0.057422 0.108462
1 0.560476 0.097735 0.047037 0.195471
7 0.742517 0.336114 0.015272 0.021454
7 0.941051 0.658522 0.017715 0.039333
7 0.941662 0.687723 0.027489 0.016687
7 0.966097 0.687723 0.016494 0.030989
7 0.984728 0.663886 0.023213 0.026222
7 0.981063 0.850417 0.031765 0.034565
7 0.384850 0.522050 0.014661 0.038141
7 0.794746 0.878427 0.015883 0.026222
7 0.811546 0.905244 0.022602 0.034565
7 0.783140 0.907032 0.020770 0.035757
7 0.673794 0.886174 0.019548 0.034565
7 0.623396 0.879619 0.016494 0.038141
7 0.553451 0.915971 0.014661 0.039333
7 0.530544 0.919547 0.012828 0.032181
7 0.333537 0.924911 0.017104 0.028605
7 0.303299 0.904052 0.014050 0.032181
7 0.448381 0.199046 0.017104 0.028605
7 0.591936 0.201430 0.014661 0.035757
7 0.791081 0.786055 0.028100 0.029797
4 0.580024 0.299762 0.033598 0.048868
4 0.617593 0.314660 0.037874 0.035757
4 0.635003 0.350417 0.038485 0.035757
4 0.170434 0.545888 0.043983 0.026222
7 0.894319 0.718117 0.021991 0.025030
7 0.969151 0.787843 0.025046 0.028605
7 0.902871 0.489869 0.028100 0.023838
7 0.099267 0.740167 0.031155 0.040524
7 0.824679 0.398093 0.017104 0.019070
7 0.959988 0.929678 0.012828 0.030989
5 0.021381 0.462455 0.042761 0.023838
7 0.347587 0.494636 0.013439 0.014303
7 0.705906 0.350420 0.016760 0.021849
