7 0.753500 0.783800 0.020100 0.037100
7 0.707000 0.776000 0.019000 0.028800
7 0.363300 0.443000 0.019200 0.037900
0 0.128400 0.441500 0.102200 0.083700
5 0.782224 0.308701 0.009163 0.064362
5 0.863164 0.312277 0.012217 0.073897
5 0.848503 0.309893 0.010996 0.061979
5 0.836286 0.309297 0.009774 0.060787
5 0.820098 0.328963 0.012828 0.066746
5 0.808491 0.313468 0.010385 0.061979
5 0.793525 0.313468 0.009774 0.061979
5 0.767563 0.320620 0.018937 0.057211
5 0.718998 0.300358 0.026878 0.033373
5 0.688149 0.274732 0.032376 0.025030
5 0.632254 0.168653 0.014661 0.058403
6 0.074832 0.718117 0.071472 0.048868
6 0.019853 0.716925 0.038485 0.051251
6 0.573610 0.585816 0.064753 0.060787
6 0.475565 0.694279 0.060476 0.053635
6 0.662798 0.707986 0.067196 0.061979
6 0.811851 0.709178 0.065974 0.061979
6 0.910812 0.718117 0.073305 0.058403
6 0.909285 0.315256 0.061698 0.053635
4 0.643861 0.193683 0.026878 0.048868
4 0.682651 0.200238 0.036042 0.030989
4 0.702199 0.239571 0.042150 0.038141
4 0.237935 0.435638 0.043372 0.032181
7 0.596518 0.804529 0.014050 0.026222
7 0.619120 0.805721 0.012828 0.040524
7 0.945632 0.753874 0.026878 0.029797
7 0.978314 0.719905 0.026268 0.033373
7 0.970373 0.382598 0.031155 0.030989
7 0.968235 0.797378 0.020770 0.050060
7 0.038180 0.823600 0.028711 0.030989
5 0.087355 0.347437 0.045205 0.025030
7 0.411118 0.383790 0.010996 0.016687
7 0.769354 0.231933 0.017558 0.036975
6 0.733839 0.713445 0.051875 0.058824
