6 0.982300 0.410100 0.038800 0.032000
6 0.537510 0.699160 0.031125 0.033613
7 0.973264 0.205042 0.011971 0.023529
7 0.964086 0.344538 0.011173 0.020168
7 0.413009 0.942857 0.010375 0.020168
7 0.422586 0.943697 0.008779 0.021849
6 0.473264 0.812605 0.017558 0.055462
6 0.472466 0.897479 0.017558 0.063866
6 0.822426 0.468908 0.037510 0.026891
6 0.782522 0.590756 0.032721 0.031933
6 0.382283 0.572269 0.031923 0.028571
5 0.764964 0.543697 0.021548 0.015126
5 0.762969 0.522689 0.020750 0.016807
5 0.947326 0.310084 0.007981 0.028571
3 0.365523 0.476471 0.063847 0.045378
1 0.538308 0.478151 0.058260 0.042017
0 0.480048 0.374790 0.027933 0.090756
