5 0.128000 0.468400 0.019500 0.016100
5 0.525800 0.021000 0.012600 0.039800
0 0.627000 0.508600 0.051300 0.039500
0 0.940800 0.585700 0.052700 0.037400
0 0.486700 0.074700 0.019700 0.089000
0 0.499200 0.194900 0.022800 0.095900
7 0.550678 0.350420 0.014366 0.021849
7 0.552275 0.538655 0.011173 0.018487
7 0.584996 0.447899 0.009577 0.018487
7 0.858340 0.606723 0.011971 0.020168
7 0.253392 0.445378 0.008779 0.016807
4 0.457702 0.909244 0.018356 0.036975
4 0.459298 0.953782 0.021548 0.028571
4 0.440942 0.224370 0.008779 0.038655
4 0.441740 0.262185 0.008779 0.036975
6 0.446129 0.310924 0.015962 0.067227
6 0.450918 0.755462 0.015962 0.055462
6 0.457302 0.691597 0.019154 0.055462
4 0.490024 0.881513 0.012769 0.045378
1 0.051077 0.547899 0.062251 0.047059
0 0.230646 0.557143 0.049481 0.038655
0 0.288508 0.557143 0.047087 0.038655
0 0.444134 0.040336 0.023144 0.080672
0 0.880287 0.579832 0.049481 0.047059
1 0.897446 0.527731 0.059856 0.043697
3 0.508380 0.412605 0.027135 0.105882
4 0.596568 0.550420 0.021548 0.018487
