7 0.572700 0.670700 0.019000 0.034900
7 0.555400 0.358400 0.013000 0.025500
7 0.440800 0.980200 0.014600 0.034000
7 0.680700 0.860900 0.014900 0.035500
7 0.500700 0.881200 0.014100 0.028800
4 0.809600 0.699500 0.042400 0.036400
4 0.167600 0.519100 0.040300 0.031500
1 0.055900 0.524900 0.106400 0.084400
0 0.439100 0.206300 0.047600 0.217300
0 0.052600 0.524700 0.109000 0.083300
5 0.804826 0.395113 0.010385 0.065554
5 0.788943 0.400477 0.009163 0.057211
5 0.774282 0.399881 0.010385 0.056019
5 0.759010 0.419547 0.011607 0.061979
5 0.747709 0.404052 0.010996 0.052443
5 0.731216 0.402265 0.009774 0.058403
5 0.718998 0.395709 0.008552 0.059595
5 0.704643 0.408224 0.017715 0.060787
5 0.655773 0.389154 0.028711 0.036949
5 0.626451 0.363528 0.034820 0.026222
5 0.569945 0.253278 0.018326 0.063170
6 0.510996 0.249106 0.042150 0.119190
6 0.595907 0.807509 0.066585 0.060787
6 0.848503 0.818832 0.075748 0.061979
7 0.954184 0.322408 0.026878 0.022646
4 0.580941 0.277712 0.031765 0.047676
4 0.620342 0.289035 0.038485 0.036949
4 0.638363 0.324195 0.042761 0.035757
7 0.500000 0.849821 0.016494 0.028605
7 0.529016 0.898093 0.014661 0.032181
7 0.551924 0.896901 0.012828 0.036949
7 0.969456 0.866508 0.025657 0.033373
7 0.907147 0.476758 0.029322 0.035757
7 0.430055 0.426103 0.014661 0.034565
7 0.565669 0.376639 0.014661 0.030989
5 0.021686 0.430274 0.039707 0.019070
7 0.902260 0.895709 0.017104 0.039333
7 0.709896 0.314286 0.016760 0.030252
6 0.667598 0.815966 0.053472 0.048739
0 0.564645 0.084034 0.050279 0.164706
