7 0.174600 0.815700 0.013400 0.023900
7 0.346300 0.649500 0.010700 0.023800
7 0.846900 0.704300 0.016800 0.023900
7 0.530600 0.743000 0.012400 0.020900
7 0.257900 0.769500 0.013100 0.021800
7 0.766800 0.459100 0.017400 0.020300
7 0.929700 0.668600 0.015900 0.024400
7 0.528600 0.760000 0.011100 0.020100
7 0.598500 0.738400 0.011400 0.025000
7 0.622200 0.757400 0.011300 0.024900
7 0.382300 0.557000 0.016000 0.021600
7 0.722200 0.733700 0.012300 0.027700
7 0.613000 0.752600 0.011900 0.023300
6 0.799000 0.630800 0.047200 0.041200
6 0.853000 0.512700 0.050800 0.045500
6 0.730300 0.603400 0.045700 0.056300
6 0.953000 0.612400 0.052900 0.047600
6 0.966300 0.424200 0.040800 0.062200
1 0.543700 0.591800 0.066700 0.065700
0 0.498000 0.477500 0.052400 0.118100
0 0.239700 0.568300 0.064700 0.048900
0 0.048100 0.573300 0.073900 0.050000
5 0.715944 0.446961 0.009774 0.035757
5 0.700977 0.449344 0.007941 0.040524
5 0.691509 0.449940 0.006109 0.034565
5 0.683568 0.449344 0.006109 0.033373
5 0.676237 0.452324 0.006109 0.039333
5 0.665852 0.454708 0.006109 0.039333
5 0.656384 0.453516 0.005498 0.039333
5 0.647831 0.451728 0.006720 0.038141
5 0.638668 0.459476 0.011607 0.032181
5 0.608430 0.448153 0.014661 0.019070
5 0.589493 0.433254 0.019548 0.015495
5 0.551924 0.372467 0.010385 0.044100
6 0.177153 0.745530 0.030544 0.029797
6 0.212889 0.744934 0.042150 0.033373
6 0.281002 0.727652 0.041539 0.032181
6 0.368051 0.715137 0.036042 0.045292
6 0.408369 0.722288 0.038485 0.038141
6 0.620953 0.715137 0.032376 0.030989
6 0.627673 0.638856 0.044594 0.035757
6 0.691814 0.703814 0.042150 0.036949
6 0.735492 0.703218 0.039096 0.026222
6 0.980147 0.683552 0.037263 0.034565
6 0.976481 0.283075 0.023824 0.063170
6 0.918143 0.387366 0.036652 0.064362
1 0.547037 0.244934 0.029933 0.146603
4 0.338119 0.558999 0.027489 0.014303
4 0.542761 0.153159 0.027489 0.027414
4 0.569029 0.367700 0.017715 0.036949
4 0.597740 0.411800 0.027489 0.027414
7 0.492670 0.681764 0.006720 0.016687
7 0.488699 0.696067 0.007330 0.016687
7 0.506109 0.691895 0.010385 0.022646
7 0.538180 0.777712 0.010996 0.017878
7 0.553451 0.772944 0.008552 0.025030
7 0.561393 0.764005 0.008552 0.016687
7 0.897068 0.707390 0.014050 0.020262
7 0.956628 0.681168 0.015883 0.015495
5 0.457544 0.237783 0.006109 0.044100
7 0.398900 0.551251 0.009774 0.013111
7 0.440440 0.483313 0.006109 0.020262
5 0.330483 0.730632 0.018326 0.014303
3 0.166463 0.579261 0.078803 0.054827
7 0.434637 0.470203 0.010385 0.015495
7 0.063836 0.610846 0.021381 0.020262
7 0.361943 0.857569 0.011607 0.017878
7 0.357666 0.878427 0.010385 0.011919
7 0.357361 0.896901 0.010996 0.020262
7 0.474954 0.034565 0.011607 0.021454
7 0.137447 0.987485 0.010996 0.020262
7 0.100489 0.986293 0.010385 0.015495
7 0.710751 0.679976 0.015272 0.013111
7 0.640195 0.722884 0.007330 0.020262
7 0.621869 0.730036 0.008552 0.010727
7 0.472067 0.354622 0.013567 0.026891
0 0.079010 0.675630 0.076616 0.053782
7 0.142458 0.550420 0.016760 0.015126
6 0.458500 0.712605 0.043895 0.036975
6 0.575020 0.710924 0.039106 0.040336
6 0.629689 0.589076 0.041500 0.042017
6 0.894254 0.617647 0.047087 0.038655
6 0.800878 0.511765 0.047087 0.035294
