7 0.784100 0.438000 0.018700 0.023100
7 0.087200 0.793200 0.016100 0.022400
7 0.439800 0.584500 0.016500 0.022700
7 0.680600 0.719400 0.014900 0.023900
7 0.835500 0.369000 0.016300 0.027200
7 0.476300 0.278200 0.013200 0.029300
7 0.083800 0.769700 0.018200 0.025900
7 0.235000 0.743100 0.013000 0.022500
7 0.841000 0.663900 0.013400 0.023400
7 0.526400 0.810300 0.011400 0.024000
7 0.735000 0.699300 0.013500 0.023500
7 0.547100 0.718200 0.012100 0.022800
7 0.501000 0.102700 0.011000 0.031500
7 0.747700 0.720500 0.012300 0.022600
7 0.759500 0.697800 0.013000 0.024800
7 0.479400 0.719800 0.011300 0.020900
7 0.152900 0.509800 0.012600 0.017700
7 0.488600 0.095900 0.012700 0.022300
7 0.782100 0.679700 0.012000 0.019600
6 0.473600 0.622800 0.039900 0.045100
0 0.662800 0.579000 0.068700 0.063400
0 0.062800 0.532200 0.073500 0.050200
0 0.254300 0.529100 0.064400 0.049100
0 0.741200 0.510100 0.055600 0.049100
0 0.500600 0.335300 0.028000 0.109700
5 0.734575 0.408820 0.009163 0.040524
5 0.719609 0.412396 0.007330 0.038141
5 0.708919 0.413588 0.006720 0.035757
5 0.700977 0.414184 0.007941 0.034565
5 0.693952 0.415375 0.006109 0.036949
5 0.683262 0.417163 0.006720 0.040524
5 0.673183 0.415971 0.007330 0.035757
5 0.665241 0.415971 0.007330 0.038141
5 0.656995 0.422527 0.011607 0.029797
5 0.625840 0.410012 0.012828 0.021454
5 0.606597 0.398093 0.020770 0.014303
5 0.569334 0.330751 0.008552 0.032181
6 0.190898 0.706794 0.032376 0.033373
6 0.227550 0.707986 0.040929 0.030989
6 0.294746 0.689511 0.037263 0.036949
6 0.382101 0.676996 0.038485 0.047676
6 0.424252 0.683552 0.037263 0.036949
6 0.473122 0.677592 0.042150 0.034565
6 0.591326 0.673421 0.039096 0.033373
6 0.636836 0.676400 0.033598 0.032181
6 0.752902 0.669845 0.039707 0.028605
6 0.939524 0.352205 0.036652 0.060787
7 0.813989 0.358760 0.011607 0.016687
4 0.353085 0.519666 0.028100 0.019070
4 0.560476 0.113230 0.028711 0.026222
4 0.585828 0.329559 0.018326 0.039333
4 0.615150 0.375447 0.028100 0.021454
7 0.637752 0.694875 0.009774 0.014303
7 0.581857 0.726460 0.010385 0.013111
7 0.584301 0.712753 0.011607 0.016687
7 0.565363 0.713349 0.010385 0.017878
7 0.570250 0.735995 0.009163 0.022646
7 0.554368 0.740167 0.010385 0.014303
7 0.498778 0.651967 0.006720 0.014303
7 0.499389 0.667461 0.010385 0.016687
7 0.825596 0.685936 0.014050 0.022646
7 0.973427 0.644219 0.018937 0.015495
5 0.476481 0.198451 0.010996 0.044100
7 0.582162 0.382002 0.009774 0.022646
6 0.530849 0.274732 0.020770 0.072706
5 0.343616 0.693087 0.020159 0.015495
3 0.180819 0.539928 0.078192 0.052443
7 0.452046 0.432658 0.008552 0.016687
7 0.375076 0.865912 0.008552 0.015495
7 0.500305 0.073302 0.008552 0.025030
7 0.494502 0.056019 0.010385 0.035757
7 0.478619 0.051847 0.007941 0.022646
7 0.149969 0.951132 0.011607 0.021454
7 0.114233 0.949344 0.010996 0.020262
1 0.564246 0.206723 0.033520 0.147899
7 0.369912 0.521008 0.011971 0.016807
7 0.371109 0.540336 0.012769 0.031933
6 0.585395 0.625210 0.045491 0.040336
6 0.709497 0.668908 0.044693 0.036975
6 0.851955 0.544538 0.048683 0.050420
6 0.871109 0.477311 0.048683 0.047059
