7 0.970600 0.402700 0.019600 0.025700
7 0.070300 0.871900 0.016800 0.022200
7 0.090500 0.508300 0.017800 0.023300
7 0.561100 0.753700 0.013200 0.019900
7 0.566900 0.770900 0.013400 0.020200
7 0.753300 0.734700 0.014100 0.022300
7 0.765000 0.489200 0.018400 0.023100
7 0.499500 0.760300 0.010700 0.022300
7 0.661700 0.409800 0.016600 0.022200
7 0.493400 0.782400 0.012300 0.019600
7 0.435400 0.783600 0.014100 0.022200
7 0.517000 0.677500 0.013900 0.021600
7 0.007400 0.865700 0.014500 0.022000
7 0.682300 0.718000 0.021100 0.022600
6 0.490700 0.528000 0.036400 0.068800
6 0.336700 0.710600 0.043300 0.049600
6 0.504700 0.705500 0.039600 0.057000
6 0.457900 0.726500 0.042500 0.039900
4 0.528800 0.583400 0.032300 0.029100
3 0.070000 0.758200 0.092900 0.059200
0 0.042200 0.593600 0.074600 0.050600
0 0.235500 0.584900 0.065200 0.049500
0 0.475100 0.427100 0.028600 0.122400
5 0.699920 0.456661 0.009577 0.043339
5 0.690742 0.457464 0.008779 0.041734
5 0.682362 0.458266 0.006385 0.040128
5 0.674381 0.456661 0.007981 0.040128
5 0.664804 0.459069 0.007981 0.044944
5 0.654429 0.455056 0.007981 0.040128
5 0.646449 0.456661 0.007981 0.040128
5 0.636073 0.465490 0.015962 0.028892
5 0.607741 0.458266 0.016760 0.027287
5 0.588986 0.444623 0.023943 0.019262
5 0.550279 0.380417 0.011971 0.044944
6 0.172266 0.766985 0.031765 0.032181
6 0.206475 0.765197 0.036652 0.033373
7 0.360415 0.920143 0.009774 0.019070
7 0.476787 0.775924 0.011607 0.016687
7 0.416921 0.529797 0.007941 0.010727
7 0.405925 0.544696 0.007941 0.014303
7 0.459377 0.430274 0.006109 0.011919
7 0.443494 0.454708 0.006109 0.013111
7 0.439524 0.483909 0.006720 0.011919
4 0.335675 0.575089 0.027489 0.022646
6 0.406842 0.736591 0.037874 0.035757
6 0.575443 0.723480 0.040318 0.035757
6 0.622786 0.723480 0.033598 0.035757
6 0.981674 0.684744 0.034209 0.036949
4 0.538485 0.159118 0.028711 0.027414
4 0.567196 0.377235 0.018937 0.041716
4 0.594991 0.421335 0.028100 0.027414
4 0.253818 0.746722 0.028711 0.034565
5 0.328039 0.748510 0.020770 0.019070
7 0.538790 0.787843 0.008552 0.016687
7 0.010996 0.771156 0.015883 0.016687
7 0.553451 0.784863 0.008552 0.025030
5 0.842395 0.712157 0.025657 0.022646
7 0.773060 0.413588 0.014050 0.016687
7 0.768479 0.750298 0.010996 0.020262
7 0.794136 0.404052 0.012217 0.014303
7 0.369578 0.825983 0.009774 0.028605
3 0.161881 0.595948 0.079414 0.057211
7 0.448076 0.238379 0.006720 0.021454
1 0.543895 0.253782 0.031125 0.144538
6 0.384278 0.631933 0.040702 0.036975
6 0.735036 0.557143 0.046289 0.042017
6 0.735834 0.710924 0.041500 0.030252
6 0.622107 0.605042 0.043895 0.036975
6 0.860335 0.457143 0.046289 0.040336
6 0.820830 0.539496 0.042298 0.036975
