7 0.765900 0.466400 0.018200 0.024100
7 0.411600 0.754700 0.015700 0.022500
7 0.679700 0.725600 0.016100 0.022000
7 0.899800 0.666700 0.018000 0.027600
7 0.681700 0.743400 0.014800 0.022200
7 0.590100 0.737500 0.011800 0.025300
7 0.796400 0.699400 0.016000 0.022200
7 0.815800 0.691100 0.017000 0.024100
7 0.352300 0.762000 0.013100 0.021200
6 0.824000 0.649500 0.046400 0.052200
6 0.866200 0.436900 0.048300 0.045200
6 0.455700 0.603900 0.040400 0.046500
4 0.697600 0.560700 0.030700 0.028900
1 0.233900 0.545800 0.063000 0.049200
0 0.768500 0.538700 0.064600 0.052000
0 0.038300 0.545800 0.075800 0.051700
0 0.475100 0.396500 0.029400 0.124900
0 0.233000 0.544900 0.065400 0.051200
5 0.703113 0.430979 0.007981 0.040128
5 0.694334 0.433387 0.007981 0.038523
5 0.684757 0.433387 0.007981 0.035313
5 0.675579 0.433387 0.008779 0.035313
5 0.667199 0.435795 0.009577 0.040128
5 0.648843 0.431782 0.007981 0.038523
5 0.638867 0.439807 0.011971 0.035313
5 0.609737 0.429374 0.017558 0.027287
5 0.590982 0.413323 0.023144 0.020867
5 0.552674 0.352327 0.011971 0.046549
5 0.324068 0.710965 0.015272 0.013111
7 0.358277 0.599523 0.011607 0.019070
7 0.404093 0.508939 0.009163 0.011919
7 0.442883 0.451132 0.007330 0.017878
4 0.334148 0.538737 0.023213 0.019070
6 0.982590 0.676996 0.032376 0.042908
6 0.454490 0.696663 0.042761 0.041716
6 0.404093 0.703218 0.040929 0.038141
6 0.417532 0.662098 0.038485 0.036949
6 0.202199 0.723480 0.039096 0.035757
6 0.167990 0.725268 0.031765 0.036949
6 0.504887 0.188319 0.022602 0.073897
6 0.573305 0.696663 0.039707 0.041716
6 0.023213 0.635876 0.046426 0.034565
4 0.543067 0.125149 0.028100 0.035757
4 0.568112 0.348629 0.019548 0.041716
4 0.598351 0.390346 0.032376 0.025030
7 0.450825 0.305125 0.012217 0.019070
7 0.783140 0.690703 0.012217 0.015495
7 0.936164 0.666269 0.016494 0.016687
7 0.901649 0.700238 0.017104 0.015495
7 0.008858 0.435638 0.016494 0.020262
7 0.536347 0.758641 0.008552 0.020262
7 0.550397 0.758045 0.007330 0.021454
7 0.565669 0.747318 0.010996 0.019070
7 0.797495 0.416567 0.009163 0.015495
7 0.787111 0.420143 0.011607 0.015495
7 0.803910 0.397497 0.012217 0.015495
3 0.158522 0.551847 0.078803 0.061979
5 0.593158 0.463647 0.025657 0.021454
7 0.368662 0.795590 0.007941 0.015495
7 0.088882 0.970799 0.014050 0.020262
7 0.127673 0.972586 0.010996 0.021454
7 0.414172 0.496424 0.007330 0.013111
7 0.353085 0.876043 0.008552 0.021454
7 0.770617 0.725864 0.009163 0.016687
1 0.547087 0.220168 0.032721 0.147899
7 0.082203 0.688235 0.009577 0.018487
3 0.065044 0.714286 0.090184 0.057143
6 0.513966 0.687395 0.036712 0.036975
6 0.353551 0.674790 0.039904 0.042017
6 0.737430 0.689916 0.039904 0.031933
6 0.692737 0.690756 0.043097 0.040336
6 0.620910 0.695798 0.033520 0.033613
6 0.595371 0.618487 0.039904 0.043697
7 0.930966 0.695798 0.013567 0.023529
7 0.948923 0.683193 0.009577 0.015126
