7 0.370100 0.695000 0.020600 0.033400
7 0.640000 0.307700 0.018000 0.035100
6 0.724500 0.441400 0.073300 0.068900
6 0.862500 0.568700 0.075000 0.073400
6 0.850300 0.459600 0.075000 0.064000
6 0.954600 0.476500 0.081600 0.065500
0 0.032900 0.551900 0.066000 0.085200
7 0.632083 0.099160 0.030327 0.047059
7 0.615323 0.773109 0.019154 0.040336
6 0.400638 0.899160 0.039904 0.127731
5 0.455307 0.274790 0.024741 0.058824
6 0.414605 0.705882 0.035914 0.124370
6 0.500399 0.327731 0.041500 0.121008
6 0.759377 0.591597 0.072626 0.063866
6 0.940144 0.551261 0.073424 0.057143
