3 0.723200 0.576100 0.062100 0.038800
0 0.939000 0.593300 0.055200 0.039900
0 0.515300 0.205600 0.021800 0.088800
0 0.516700 0.332100 0.021900 0.091200
0 0.473800 0.358900 0.020400 0.069700
0 0.447600 0.040300 0.022200 0.081400
0 0.517500 0.099400 0.022300 0.090900
7 0.045890 0.567227 0.015164 0.018487
7 0.364326 0.583193 0.008779 0.020168
7 0.696329 0.566387 0.010375 0.020168
7 0.547486 0.658824 0.009577 0.020168
7 0.551476 0.353782 0.012769 0.018487
7 0.433360 0.224370 0.006385 0.018487
4 0.456903 0.909244 0.018356 0.040336
4 0.456903 0.956303 0.019952 0.033613
4 0.443336 0.261345 0.008779 0.035294
4 0.442139 0.222689 0.007981 0.042017
4 0.444533 0.187395 0.009577 0.045378
6 0.478452 0.257983 0.015164 0.055462
6 0.447725 0.310924 0.015962 0.067227
6 0.523144 0.894118 0.016760 0.050420
6 0.456504 0.693277 0.017558 0.052101
6 0.449721 0.755462 0.016760 0.052101
6 0.029928 0.467227 0.037510 0.030252
0 0.879888 0.587395 0.048683 0.042017
0 0.288508 0.554622 0.047087 0.036975
0 0.230646 0.554622 0.049481 0.036975
1 0.051077 0.543697 0.062251 0.045378
