4 0.476600 0.055700 0.012700 0.055600
0 0.475800 0.192100 0.026800 0.112000
7 0.578611 0.753782 0.011173 0.025210
7 0.573424 0.324370 0.015164 0.026891
7 0.231445 0.620168 0.009577 0.013445
0 0.140862 0.594958 0.067837 0.050420
3 0.513567 0.278992 0.031125 0.134454
3 0.880287 0.620168 0.086193 0.057143
4 0.431365 0.215966 0.010375 0.038655
4 0.046289 0.596639 0.030327 0.040336
6 0.120511 0.494118 0.047885 0.040336
6 0.289306 0.605882 0.045491 0.031933
6 0.436951 0.870588 0.019952 0.073950
6 0.435355 0.272269 0.019952 0.080672
5 0.445730 0.394118 0.013567 0.042017
