7 0.046500 0.307100 0.017300 0.028500
6 0.535515 0.701681 0.030327 0.035294
7 0.487630 0.198319 0.012769 0.020168
7 0.413807 0.668908 0.011971 0.016807
7 0.967678 0.363866 0.011971 0.025210
7 0.983240 0.706723 0.014366 0.021849
7 0.994413 0.241176 0.007981 0.015126
7 0.408220 0.945378 0.008779 0.015126
6 0.468875 0.812605 0.018356 0.058824
6 0.466879 0.897479 0.017558 0.063866
6 0.982442 0.426050 0.031923 0.031933
5 0.949721 0.322689 0.007981 0.030252
6 0.782522 0.600840 0.032721 0.031933
5 0.525140 0.471429 0.014366 0.021849
6 0.510375 0.660504 0.024741 0.060504
