7 0.435300 0.612000 0.008800 0.020700
4 0.242700 0.511300 0.024400 0.021300
3 0.503900 0.313000 0.024500 0.106800
1 0.045100 0.548800 0.060800 0.048400
1 0.043800 0.479200 0.063100 0.044600
0 0.581300 0.510800 0.050900 0.039000
0 0.496800 0.119000 0.021800 0.095500
7 0.549082 0.352101 0.012769 0.021849
7 0.583400 0.449580 0.009577 0.018487
7 0.040303 0.435294 0.010375 0.016807
7 0.425379 0.027731 0.007981 0.021849
7 0.430168 0.282353 0.006385 0.016807
4 0.454509 0.911765 0.019952 0.038655
4 0.455706 0.955462 0.022346 0.031933
4 0.438947 0.221008 0.009577 0.038655
4 0.439745 0.260504 0.007981 0.033613
0 0.940543 0.589916 0.051875 0.036975
0 0.285315 0.556303 0.048683 0.040336
5 0.734637 0.489076 0.016760 0.020168
6 0.771349 0.527731 0.029529 0.030252
6 0.675579 0.556303 0.031125 0.030252
6 0.595371 0.557983 0.030327 0.030252
6 0.443735 0.309244 0.017558 0.067227
6 0.429769 0.499160 0.031125 0.033613
6 0.455706 0.642017 0.027135 0.050420
6 0.454110 0.699160 0.020750 0.063866
6 0.447725 0.757983 0.015962 0.053782
6 0.521149 0.602521 0.027135 0.055462
6 0.501995 0.859664 0.015962 0.055462
6 0.490822 0.972269 0.019154 0.052101
4 0.715882 0.516807 0.022346 0.021849
0 0.442538 0.039496 0.023144 0.075630
0 0.227055 0.557143 0.050279 0.038655
