7 0.932000 0.871700 0.028100 0.033600
4 0.448900 0.627000 0.043900 0.039700
0 0.690800 0.598300 0.105000 0.083800
5 0.719609 0.462455 0.015883 0.061979
5 0.743739 0.428486 0.012828 0.065554
5 0.804520 0.418355 0.009774 0.059595
5 0.789249 0.417759 0.009774 0.063170
5 0.774588 0.417163 0.009774 0.059595
5 0.759010 0.438021 0.014050 0.063170
5 0.730605 0.423123 0.008552 0.059595
5 0.702810 0.427294 0.017715 0.048868
5 0.654551 0.410012 0.027489 0.033373
5 0.624924 0.383790 0.035431 0.021454
5 0.566280 0.272944 0.017104 0.061979
6 0.402566 0.815852 0.063531 0.065554
6 0.580941 0.758641 0.068418 0.063170
6 0.596213 0.836710 0.067196 0.061979
6 0.667685 0.842670 0.056200 0.054827
6 0.665241 0.764005 0.067196 0.061979
6 0.749542 0.765793 0.072083 0.065554
6 0.782529 0.846841 0.070861 0.060787
6 0.816738 0.591776 0.079414 0.063170
6 0.823458 0.683552 0.074527 0.051251
6 0.834148 0.753874 0.076359 0.056019
6 0.852169 0.843862 0.072083 0.061979
6 0.850947 0.427294 0.063531 0.053635
7 0.749847 0.334923 0.014050 0.023838
7 0.469456 0.563766 0.016494 0.030989
7 0.278864 0.915971 0.018937 0.029797
7 0.460293 0.907032 0.015272 0.035757
7 0.530238 0.930870 0.010996 0.030989
7 0.552535 0.930870 0.014050 0.033373
7 0.556506 0.896901 0.010996 0.041716
7 0.892181 0.921931 0.021381 0.044100
7 0.966402 0.569726 0.025657 0.026222
7 0.936164 0.508939 0.025046 0.023838
7 0.912951 0.496424 0.029933 0.032181
7 0.939829 0.427294 0.023824 0.032181
7 0.937691 0.394517 0.018326 0.035757
7 0.962431 0.339690 0.022602 0.021454
7 0.918143 0.346246 0.020770 0.022646
7 0.833842 0.374255 0.014661 0.028605
7 0.821319 0.793206 0.028711 0.029797
7 0.323458 0.550656 0.021381 0.026222
4 0.160049 0.551251 0.042761 0.025030
4 0.579414 0.293206 0.029933 0.066746
4 0.620342 0.311681 0.038485 0.039333
4 0.638057 0.346841 0.043372 0.038141
7 0.423030 0.124553 0.016494 0.044100
7 0.409285 0.182956 0.015883 0.039333
7 0.339035 0.499404 0.012217 0.019070
0 0.051924 0.561383 0.101405 0.076281
7 0.706305 0.344538 0.014366 0.030252
7 0.964086 0.902521 0.014366 0.033613
1 0.561852 0.094118 0.052674 0.184874
