6 0.781600 0.605100 0.036200 0.033500
6 0.534717 0.700000 0.030327 0.035294
7 0.962091 0.367227 0.011971 0.015126
7 0.486433 0.103361 0.010375 0.025210
7 0.967678 0.366387 0.013567 0.020168
7 0.945331 0.943697 0.013567 0.021849
7 0.462091 0.930252 0.009577 0.018487
7 0.413807 0.940336 0.008779 0.018487
6 0.467678 0.810084 0.017558 0.057143
6 0.464485 0.895798 0.017558 0.060504
6 0.984038 0.434454 0.028731 0.031933
4 0.672785 0.552941 0.025539 0.020168
5 0.954509 0.328571 0.011173 0.038655
7 0.941740 0.940336 0.007981 0.015126
