7 0.916900 0.354400 0.020100 0.027200
7 0.210300 0.808800 0.012200 0.023100
7 0.191600 0.808100 0.013200 0.020900
7 0.786500 0.450400 0.015100 0.027200
7 0.397000 0.742000 0.011900 0.019600
7 0.799800 0.644000 0.017300 0.032300
7 0.852600 0.648700 0.016500 0.025900
7 0.991200 0.265700 0.017000 0.023800
7 0.188600 0.777800 0.013800 0.019900
7 0.545000 0.705500 0.013000 0.023700
7 0.534700 0.712800 0.012800 0.021700
6 0.857800 0.397100 0.046200 0.043200
6 0.563100 0.582000 0.040000 0.041700
6 0.524300 0.626900 0.040000 0.042200
4 0.198900 0.610600 0.034100 0.024900
4 0.720700 0.563400 0.030000 0.026600
0 0.234700 0.548500 0.065600 0.050100
0 0.042800 0.563300 0.073900 0.050600
0 0.470900 0.385300 0.028400 0.126200
5 0.695930 0.402889 0.007981 0.038523
5 0.686353 0.404494 0.007981 0.032103
5 0.678771 0.405297 0.007183 0.036918
5 0.669992 0.404494 0.007183 0.035313
5 0.660016 0.410112 0.007981 0.036918
5 0.650040 0.406902 0.008779 0.033708
5 0.642059 0.408507 0.007183 0.036918
5 0.634078 0.415730 0.011971 0.025682
5 0.602953 0.407705 0.016760 0.022472
5 0.583400 0.394061 0.022346 0.017657
5 0.545092 0.331461 0.011173 0.036918
7 0.361026 0.872467 0.007330 0.019070
5 0.327428 0.706198 0.017104 0.015495
7 0.435247 0.441001 0.009163 0.016687
7 0.441051 0.408820 0.007330 0.016687
7 0.400733 0.502980 0.009774 0.011919
7 0.412951 0.487485 0.007330 0.014303
4 0.333537 0.534565 0.025657 0.020262
6 0.982285 0.623361 0.034209 0.038141
6 0.620648 0.672229 0.034209 0.035757
6 0.573916 0.673421 0.038485 0.042908
6 0.514356 0.670441 0.035431 0.039333
6 0.456933 0.682360 0.042761 0.036949
6 0.407147 0.693683 0.039707 0.038141
6 0.208002 0.727652 0.039707 0.034565
6 0.174710 0.730036 0.029322 0.036949
6 0.458766 0.232420 0.021991 0.066746
6 0.680819 0.449940 0.042150 0.051251
1 0.537874 0.206198 0.031155 0.145411
4 0.532071 0.113230 0.026878 0.026222
7 0.552535 0.370679 0.010385 0.021454
4 0.561087 0.330751 0.017715 0.034565
4 0.590409 0.374255 0.026268 0.023838
7 0.505803 0.328367 0.008552 0.017878
7 0.186011 0.764601 0.014050 0.015495
7 0.567196 0.721692 0.009163 0.017878
7 0.554368 0.733015 0.007941 0.021454
7 0.539401 0.737187 0.008552 0.015495
7 0.877825 0.639452 0.014661 0.020262
7 0.885461 0.617402 0.015272 0.023838
7 0.809407 0.576877 0.013439 0.016687
7 0.824068 0.572706 0.014661 0.015495
7 0.809102 0.684744 0.012828 0.020262
7 0.773977 0.427294 0.012217 0.017878
7 0.760232 0.434446 0.016494 0.013111
7 0.088882 0.472586 0.014050 0.013111
3 0.160965 0.562574 0.078803 0.054827
7 0.139890 0.976162 0.013439 0.021454
7 0.102321 0.976758 0.012828 0.022646
6 0.202713 0.659664 0.046289 0.038655
3 0.072626 0.726050 0.089385 0.057143
4 0.254589 0.707563 0.028731 0.026891
6 0.735834 0.654622 0.036712 0.025210
6 0.705108 0.615126 0.043895 0.043697
6 0.670790 0.559664 0.043895 0.033613
6 0.694733 0.506723 0.043895 0.035294
7 0.936951 0.682353 0.015962 0.023529
5 0.938947 0.459664 0.023144 0.048739
