6 0.535116 0.700000 0.031125 0.035294
7 0.968476 0.400840 0.011971 0.021849
7 0.961692 0.352941 0.009577 0.023529
7 0.938148 0.918487 0.008779 0.015126
7 0.944932 0.920168 0.011173 0.021849
7 0.031923 0.171429 0.011173 0.016807
7 0.409018 0.938655 0.008779 0.025210
7 0.418196 0.946218 0.007981 0.016807
6 0.470471 0.812605 0.018356 0.058824
6 0.469274 0.896639 0.017558 0.065546
6 0.980447 0.418487 0.035914 0.033613
1 0.095770 0.489076 0.059058 0.040336
5 0.944533 0.315126 0.008779 0.038655
6 0.654828 0.500000 0.035914 0.035294
6 0.779330 0.595798 0.032721 0.035294
