7 0.426500 0.680800 0.010900 0.022600
4 0.477400 0.058100 0.013800 0.055400
0 0.477100 0.228200 0.026200 0.111800
7 0.578611 0.755462 0.009577 0.028571
7 0.572227 0.327731 0.015962 0.030252
7 0.426576 0.984874 0.008779 0.026891
7 0.183958 0.624370 0.011971 0.021849
0 0.142857 0.596639 0.067039 0.047059
3 0.515563 0.384034 0.031923 0.132773
3 0.880287 0.621008 0.084597 0.055462
4 0.812051 0.536134 0.034318 0.030252
4 0.048683 0.596639 0.028731 0.040336
4 0.430966 0.218487 0.009577 0.036975
5 0.446528 0.394118 0.013567 0.045378
6 0.437749 0.869748 0.021548 0.075630
6 0.435754 0.273109 0.020750 0.082353
6 0.291301 0.605042 0.046289 0.033613
