6 0.538308 0.700840 0.031125 0.033613
7 0.985634 0.387395 0.009577 0.018487
7 0.751796 0.499160 0.011173 0.020168
7 0.978452 0.364706 0.011173 0.020168
7 0.407023 0.944538 0.009577 0.016807
7 0.417398 0.949580 0.007981 0.020168
7 0.804070 0.630252 0.008779 0.013445
7 0.800080 0.636975 0.010375 0.020168
6 0.470471 0.812605 0.018356 0.062185
6 0.468875 0.899160 0.016760 0.067227
5 0.963687 0.326050 0.010375 0.026891
6 0.034318 0.465546 0.035116 0.033613
6 0.352354 0.462185 0.032721 0.033613
4 0.693136 0.492437 0.023144 0.020168
3 0.453711 0.489916 0.061453 0.045378
5 0.988428 0.464706 0.021548 0.021849
