4 0.515100 0.319100 0.010800 0.040700
0 0.444400 0.040000 0.021400 0.079800
0 0.938800 0.587600 0.053700 0.040000
0 0.507100 0.090200 0.019700 0.074900
7 0.544693 0.236134 0.008779 0.018487
7 0.549880 0.351261 0.011173 0.020168
7 0.553472 0.599160 0.007183 0.018487
7 0.546688 0.638655 0.009577 0.016807
7 0.610934 0.452101 0.011971 0.013445
7 0.798484 0.595798 0.008779 0.015126
7 0.445730 0.978151 0.005587 0.020168
7 0.442139 0.807563 0.007981 0.018487
4 0.456105 0.909244 0.018356 0.040336
4 0.456504 0.956303 0.020750 0.033613
4 0.440144 0.223529 0.008779 0.036975
4 0.441341 0.262185 0.007981 0.033613
0 0.879090 0.582353 0.048683 0.042017
0 0.287310 0.557143 0.047885 0.038655
0 0.228651 0.556303 0.048683 0.036975
1 0.049082 0.546218 0.063049 0.047059
1 0.267358 0.500000 0.057462 0.042017
1 0.510774 0.209244 0.022346 0.102521
1 0.813248 0.529412 0.049481 0.036975
1 0.922586 0.526891 0.059058 0.045378
3 0.723464 0.572269 0.058260 0.042017
4 0.504789 0.016807 0.011971 0.033613
6 0.731045 0.534454 0.030327 0.030252
6 0.674381 0.533613 0.028731 0.031933
6 0.632083 0.491597 0.030327 0.025210
6 0.444932 0.309244 0.016760 0.067227
6 0.464086 0.379832 0.018356 0.057143
6 0.455706 0.693277 0.017558 0.055462
6 0.449721 0.757143 0.015164 0.055462
