7 0.236100 0.937900 0.022600 0.037400
7 0.451500 0.729700 0.016800 0.040600
7 0.361400 0.898800 0.016100 0.044600
4 0.591700 0.581300 0.041900 0.044900
0 0.694600 0.578800 0.101800 0.081400
0 0.049800 0.533600 0.101100 0.083600
5 0.718693 0.400477 0.010385 0.064362
5 0.748320 0.402265 0.010996 0.063170
5 0.805131 0.398093 0.009774 0.061979
5 0.788943 0.399285 0.010385 0.057211
5 0.776420 0.398093 0.008552 0.059595
5 0.758705 0.418355 0.013439 0.069130
5 0.731216 0.400477 0.010996 0.064362
5 0.704337 0.407032 0.020770 0.058403
5 0.655467 0.390942 0.029322 0.030989
5 0.625840 0.361144 0.034820 0.021454
5 0.567807 0.251490 0.016494 0.057211
6 0.401955 0.795590 0.061087 0.060787
6 0.151191 0.673421 0.072694 0.061979
6 0.580024 0.737187 0.069029 0.063170
6 0.596518 0.814660 0.067807 0.065554
6 0.666768 0.823600 0.055589 0.054827
6 0.664020 0.743743 0.067196 0.064362
6 0.748320 0.743147 0.072083 0.060787
6 0.784056 0.825983 0.066585 0.064362
6 0.854307 0.822408 0.069029 0.057211
6 0.833842 0.730036 0.074527 0.048868
6 0.823458 0.663290 0.075748 0.053635
6 0.816432 0.574493 0.077581 0.069130
6 0.850336 0.405840 0.061087 0.051251
7 0.748931 0.314660 0.013439 0.023838
7 0.965486 0.536353 0.028711 0.038141
7 0.950519 0.441001 0.029322 0.030989
7 0.911118 0.474374 0.032376 0.028605
7 0.813684 0.324195 0.026878 0.028605
7 0.921503 0.665673 0.033598 0.029797
7 0.962431 0.689511 0.027489 0.034565
7 0.905925 0.895709 0.019548 0.046484
7 0.395846 0.153754 0.009774 0.023838
7 0.420586 0.329559 0.018937 0.046484
7 0.493891 0.917163 0.018937 0.041716
7 0.530238 0.910012 0.014661 0.036949
7 0.554062 0.908224 0.013439 0.040524
4 0.577581 0.280691 0.029933 0.051251
4 0.620037 0.288439 0.036652 0.042908
4 0.639585 0.327771 0.045205 0.035757
4 0.162492 0.528010 0.045205 0.033373
0 0.563531 0.083433 0.045816 0.162098
7 0.988428 0.894118 0.019952 0.036975
7 0.706704 0.324370 0.016760 0.033613
