7 0.339100 0.580600 0.014400 0.024400
7 0.777600 0.486600 0.017700 0.022100
7 0.814700 0.615800 0.016100 0.024300
7 0.404700 0.554100 0.012100 0.021700
7 0.235300 0.511900 0.014800 0.024700
7 0.256700 0.526300 0.014800 0.023600
7 0.452400 0.766400 0.010300 0.016300
7 0.576200 0.490000 0.012600 0.022700
7 0.146000 0.540500 0.012600 0.019400
7 0.822500 0.743400 0.013800 0.025900
7 0.733200 0.737500 0.015100 0.028000
7 0.825200 0.664100 0.014700 0.021600
7 0.970600 0.639800 0.022600 0.027100
7 0.812000 0.681200 0.017200 0.025300
6 0.537900 0.595900 0.040400 0.038800
6 0.534100 0.475500 0.036900 0.069100
4 0.180500 0.656700 0.035400 0.023000
0 0.045800 0.568900 0.075500 0.048500
0 0.240900 0.565500 0.066700 0.050800
0 0.712300 0.585100 0.069500 0.055800
0 0.625700 0.608800 0.071100 0.057000
0 0.483100 0.414300 0.029500 0.131400
5 0.728252 0.439807 0.010375 0.041734
5 0.711093 0.443820 0.007981 0.043339
5 0.700718 0.443018 0.007981 0.038523
5 0.693935 0.443018 0.007183 0.041734
5 0.685954 0.444623 0.008779 0.044944
5 0.675579 0.444623 0.007183 0.044944
5 0.656026 0.443820 0.007981 0.043339
5 0.648444 0.455859 0.013567 0.032103
5 0.560654 0.369181 0.008779 0.048154
5 0.598563 0.430177 0.020750 0.016051
5 0.618516 0.445425 0.015962 0.017657
6 0.212889 0.743743 0.040929 0.033373
6 0.282224 0.728248 0.040318 0.038141
6 0.413256 0.722884 0.037263 0.034565
6 0.462431 0.713349 0.043983 0.036949
6 0.521991 0.707986 0.037263 0.038141
6 0.581552 0.714541 0.037874 0.036949
6 0.630422 0.715733 0.034209 0.034565
6 0.746793 0.704410 0.039707 0.028605
6 0.860415 0.669845 0.042150 0.047676
6 0.903177 0.668653 0.040929 0.045292
6 0.935858 0.381406 0.034209 0.064362
6 0.544899 0.410012 0.034209 0.064362
4 0.341784 0.556615 0.025046 0.016687
4 0.551313 0.141240 0.028711 0.029797
7 0.537569 0.065554 0.012217 0.026222
7 0.471289 0.117998 0.009163 0.021454
7 0.731521 0.467223 0.011607 0.014303
4 0.576054 0.364124 0.020770 0.036949
4 0.606903 0.409416 0.031155 0.025030
7 0.545816 0.777116 0.009163 0.016687
7 0.560782 0.775924 0.009774 0.023838
5 0.945021 0.657926 0.030544 0.021454
7 0.972816 0.672229 0.011607 0.019070
5 0.334453 0.730036 0.018937 0.015495
7 0.771228 0.393325 0.006720 0.014303
5 0.905620 0.434446 0.026268 0.027414
7 0.587355 0.436830 0.009163 0.015495
7 0.364081 0.903456 0.008552 0.023838
5 0.862553 0.713349 0.021991 0.029797
7 0.441051 0.469607 0.008552 0.021454
7 0.696396 0.759833 0.014661 0.017878
7 0.136530 0.991061 0.011607 0.015495
7 0.099878 0.989869 0.011607 0.015495
6 0.606292 0.542312 0.039707 0.050060
1 0.554669 0.236134 0.031923 0.149580
1 0.305666 0.631933 0.076616 0.057143
3 0.166800 0.574790 0.079808 0.053782
7 0.560255 0.520168 0.014366 0.015126
5 0.559058 0.526891 0.023144 0.018487
6 0.177175 0.745378 0.031923 0.028571
7 0.366321 0.731092 0.006385 0.013445
7 0.463288 0.739496 0.008779 0.016807
7 0.471668 0.742857 0.007981 0.016807
6 0.371508 0.715126 0.039106 0.048739
6 0.702713 0.707563 0.042298 0.036975
6 0.558260 0.657143 0.039106 0.036975
6 0.515164 0.652101 0.034318 0.036975
6 0.679968 0.515126 0.046289 0.038655
