7 0.109100 0.805600 0.018700 0.021500
7 0.211800 0.810100 0.016400 0.022100
7 0.787000 0.528700 0.015100 0.021700
7 0.979600 0.621200 0.023000 0.023600
7 0.367000 0.772300 0.011700 0.023500
7 0.861200 0.685600 0.018000 0.020200
7 0.760800 0.466000 0.018000 0.023600
7 0.447200 0.770700 0.010900 0.021000
7 0.493900 0.734800 0.012200 0.023400
7 0.679800 0.710300 0.013900 0.022200
7 0.541800 0.730300 0.012900 0.020600
7 0.511800 0.729500 0.015400 0.021400
7 0.862000 0.670300 0.014500 0.019300
6 0.532700 0.430200 0.034100 0.069600
6 0.857500 0.435700 0.044900 0.042000
6 0.357600 0.669600 0.043600 0.044900
6 0.483500 0.584600 0.040700 0.044100
4 0.511200 0.539200 0.032100 0.023300
4 0.251200 0.708100 0.030200 0.033900
3 0.071700 0.710300 0.089700 0.057900
0 0.044600 0.547200 0.073700 0.050500
0 0.235600 0.544700 0.064800 0.050300
0 0.472500 0.398100 0.029500 0.120300
5 0.548683 0.355538 0.010375 0.046549
5 0.695531 0.428571 0.008779 0.038523
5 0.686353 0.428571 0.007981 0.035313
5 0.677574 0.429374 0.007981 0.036918
5 0.669992 0.432584 0.007183 0.040128
5 0.660016 0.434992 0.006385 0.038523
5 0.642059 0.431782 0.007183 0.035313
5 0.632881 0.439807 0.009577 0.028892
5 0.604150 0.427769 0.017558 0.027287
5 0.584996 0.412520 0.022346 0.019262
5 0.649641 0.455859 0.020750 0.019262
5 0.325290 0.708582 0.018937 0.015495
6 0.156078 0.634088 0.043372 0.035757
6 0.205559 0.719905 0.036042 0.033373
6 0.171961 0.719905 0.029933 0.030989
6 0.497251 0.300358 0.024435 0.066746
6 0.431582 0.649583 0.037263 0.038141
6 0.452657 0.691299 0.040318 0.035757
6 0.402566 0.700834 0.039096 0.033373
6 0.570250 0.690107 0.038485 0.035757
6 0.615761 0.691895 0.032987 0.036949
7 0.441967 0.420739 0.006720 0.016687
7 0.436775 0.452920 0.009774 0.016687
7 0.413561 0.497020 0.007330 0.011919
7 0.402566 0.508939 0.008552 0.011919
4 0.333537 0.537545 0.028100 0.019070
1 0.542761 0.224076 0.031155 0.145411
4 0.540012 0.131704 0.026878 0.027414
4 0.563836 0.351013 0.018326 0.036949
4 0.592853 0.392729 0.029933 0.022646
7 0.446854 0.758045 0.010385 0.016687
7 0.534209 0.755066 0.010385 0.017878
7 0.547954 0.752682 0.008552 0.020262
7 0.756567 0.730632 0.009163 0.023838
7 0.697923 0.722288 0.011607 0.021454
7 0.685400 0.731824 0.009774 0.019070
7 0.799328 0.733015 0.011607 0.019070
7 0.892486 0.694875 0.014661 0.019070
7 0.113317 0.464839 0.017715 0.016687
4 0.902871 0.377235 0.025657 0.039333
3 0.162492 0.553635 0.078192 0.056019
7 0.132865 0.965435 0.010385 0.021454
7 0.094991 0.963647 0.014050 0.017878
7 0.461820 0.249106 0.008552 0.026222
6 0.511301 0.684148 0.037874 0.038141
7 0.558338 0.739571 0.007330 0.017878
6 0.573025 0.636134 0.039904 0.045378
6 0.728651 0.684874 0.041500 0.028571
7 0.932562 0.673109 0.010375 0.021849
6 0.974860 0.666387 0.048683 0.038655
6 0.842378 0.640336 0.047087 0.033613
