7 0.100900 0.851600 0.026000 0.031600
7 0.677300 0.871700 0.015700 0.034200
7 0.427100 0.881300 0.013300 0.034100
7 0.092700 0.822800 0.018400 0.024400
7 0.395700 0.833600 0.015400 0.033600
4 0.958000 0.523400 0.039400 0.037100
4 0.048200 0.633800 0.055200 0.037200
4 0.175000 0.525400 0.037600 0.032400
0 0.312300 0.633000 0.105400 0.093900
0 0.061000 0.533100 0.113600 0.085300
5 0.718387 0.398093 0.009774 0.064362
5 0.802688 0.394517 0.008552 0.064362
5 0.787721 0.400477 0.010385 0.052443
5 0.772755 0.395709 0.009774 0.059595
5 0.757178 0.414779 0.010385 0.064362
5 0.745877 0.401073 0.010996 0.053635
5 0.729688 0.405840 0.009163 0.058403
5 0.704643 0.410012 0.017715 0.052443
5 0.656689 0.391538 0.028100 0.032181
5 0.626756 0.365912 0.034209 0.023838
5 0.569945 0.256257 0.018326 0.057211
6 0.087355 0.786055 0.073305 0.060787
6 0.410202 0.786651 0.058033 0.059595
6 0.531155 0.713945 0.064142 0.069130
6 0.599878 0.803933 0.065974 0.060787
6 0.704948 0.728248 0.070861 0.061979
6 0.779475 0.813468 0.072083 0.063170
6 0.849420 0.812872 0.070250 0.057211
6 0.921197 0.755066 0.075748 0.060787
6 0.862553 0.666865 0.075748 0.053635
6 0.845754 0.406436 0.061698 0.050060
7 0.744960 0.314064 0.012828 0.022646
7 0.126145 0.823600 0.021381 0.023838
7 0.534209 0.899285 0.012828 0.034565
7 0.554062 0.896901 0.013439 0.036949
7 0.964264 0.870679 0.023824 0.036949
7 0.900122 0.886174 0.021381 0.041716
6 0.654246 0.563170 0.072083 0.058403
4 0.583079 0.275328 0.029933 0.061979
4 0.620648 0.293206 0.036652 0.038141
4 0.639890 0.328963 0.039707 0.033373
7 0.403482 0.162098 0.012828 0.021454
7 0.346976 0.476162 0.013439 0.017878
7 0.904704 0.470203 0.032987 0.022646
7 0.800550 0.464839 0.023824 0.030989
7 0.828650 0.374851 0.015272 0.029797
5 0.022297 0.441597 0.038485 0.020262
0 0.564753 0.088796 0.042150 0.165673
7 0.558644 0.829559 0.012828 0.042908
6 0.669194 0.812605 0.051875 0.052101
7 0.713887 0.315126 0.018356 0.025210
