5 0.939800 0.519000 0.020900 0.015500
4 0.479700 0.373300 0.012500 0.042500
4 0.490000 0.976100 0.012700 0.042300
1 0.043800 0.547900 0.063700 0.046700
0 0.035200 0.489200 0.053800 0.043200
0 0.739600 0.523000 0.049700 0.040600
0 0.500700 0.451200 0.022900 0.088400
0 0.943800 0.599500 0.054300 0.038800
0 0.513200 0.230800 0.022600 0.089500
0 0.445900 0.039800 0.021800 0.080600
7 0.551077 0.355462 0.011971 0.025210
7 0.581405 0.455462 0.008779 0.020168
7 0.771748 0.266387 0.007981 0.015126
7 0.241421 0.447059 0.007183 0.016807
7 0.432163 0.288235 0.007183 0.015126
7 0.423783 0.010084 0.006385 0.020168
4 0.454110 0.918487 0.020750 0.035294
4 0.454509 0.964706 0.019952 0.033613
4 0.441740 0.263025 0.008779 0.035294
4 0.440942 0.222689 0.008779 0.035294
0 0.226257 0.559664 0.050279 0.040336
0 0.284916 0.560504 0.049481 0.038655
6 0.954509 0.559664 0.028731 0.033613
6 0.677973 0.500840 0.031125 0.033613
6 0.445331 0.311765 0.017558 0.065546
6 0.454110 0.703361 0.020750 0.065546
6 0.447725 0.761345 0.015962 0.057143
1 0.618117 0.512605 0.061453 0.043697
0 0.520750 0.785714 0.024741 0.095798
