7 0.413000 0.211000 0.012600 0.027900
0 0.472700 0.189100 0.028400 0.113300
0 0.471900 0.042600 0.023700 0.088100
5 0.419393 0.165546 0.010375 0.045378
7 0.567039 0.314286 0.016760 0.026891
6 0.712690 0.505042 0.041500 0.042017
6 0.638867 0.505042 0.040702 0.042017
6 0.428970 0.259664 0.019952 0.082353
6 0.132482 0.520168 0.049481 0.042017
6 0.472067 0.750420 0.021548 0.068908
6 0.468077 0.895798 0.019952 0.073950
6 0.430966 0.857143 0.020750 0.073950
4 0.630088 0.555462 0.027933 0.025210
4 0.424980 0.201681 0.010375 0.036975
4 0.449721 0.623529 0.011971 0.060504
4 0.038308 0.587395 0.030327 0.042017
3 0.877095 0.608403 0.086193 0.053782
2 0.521149 0.215966 0.049481 0.287395
0 0.133280 0.584874 0.067039 0.047059
7 0.570630 0.952941 0.012769 0.033613
7 0.575020 0.979832 0.008779 0.026891
