0 0.503500 0.872800 0.030500 0.130000
0 0.526100 0.038000 0.024800 0.075500
5 0.419792 0.169748 0.007981 0.047059
0 0.482043 0.624370 0.031923 0.136134
0 0.132482 0.584874 0.068635 0.050420
1 0.131684 0.520168 0.086193 0.062185
4 0.425379 0.202521 0.009577 0.038655
4 0.631684 0.555462 0.027933 0.025210
6 0.430966 0.861345 0.020750 0.075630
6 0.429769 0.256303 0.019952 0.078992
6 0.467279 0.201681 0.021548 0.063866
6 0.463288 0.312605 0.018356 0.063866
6 0.487630 0.389076 0.020750 0.068908
7 0.567438 0.311765 0.012769 0.028571
3 0.879489 0.608403 0.086193 0.057143
6 0.640862 0.504202 0.038308 0.040336
4 0.037909 0.587395 0.029529 0.038655
