7 0.608600 0.063500 0.019800 0.043000
7 0.371200 0.730800 0.019000 0.034200
7 0.926200 0.709700 0.029100 0.031800
6 0.851400 0.464300 0.077400 0.062900
6 0.726000 0.446400 0.074500 0.065400
6 0.761900 0.598000 0.074700 0.064800
6 0.943700 0.556800 0.074100 0.061100
6 0.865100 0.574100 0.074700 0.073900
6 0.957100 0.481500 0.081000 0.062000
0 0.033400 0.557400 0.065500 0.084400
7 0.635674 0.102521 0.031125 0.047059
7 0.357143 0.839496 0.008779 0.042017
6 0.401836 0.904202 0.040702 0.124370
1 0.546289 0.538655 0.047087 0.267227
