0 0.628600 0.506700 0.052700 0.040200
0 0.331600 0.501800 0.054500 0.046900
0 0.444600 0.034500 0.021900 0.068500
7 0.545890 0.594118 0.011173 0.018487
7 0.545890 0.197479 0.007981 0.018487
7 0.551077 0.346218 0.011971 0.023529
7 0.553073 0.855462 0.009577 0.023529
7 0.585395 0.447899 0.008779 0.015126
7 0.652035 0.595798 0.007981 0.015126
7 0.885475 0.605882 0.008779 0.018487
7 0.442139 0.831092 0.006385 0.025210
4 0.456105 0.913445 0.019952 0.038655
4 0.458500 0.959664 0.018356 0.030252
4 0.441341 0.254622 0.007981 0.035294
4 0.440543 0.216807 0.007981 0.040336
4 0.596169 0.548739 0.025539 0.025210
0 0.946528 0.586555 0.054270 0.040336
0 0.886273 0.581513 0.048683 0.043697
1 0.710295 0.513445 0.060654 0.042017
3 0.873903 0.530252 0.063847 0.048739
1 0.043496 0.545378 0.063049 0.045378
4 0.023144 0.483193 0.022346 0.021849
0 0.226257 0.555462 0.048683 0.038655
0 0.284916 0.555462 0.047885 0.038655
4 0.534318 0.973109 0.008779 0.047059
5 0.477654 0.926050 0.011971 0.040336
6 0.808859 0.493277 0.029529 0.028571
6 0.445331 0.304202 0.017558 0.067227
6 0.477654 0.470588 0.016760 0.050420
6 0.456504 0.692437 0.019154 0.053782
6 0.450120 0.757143 0.015962 0.055462
