7 0.090100 0.831900 0.017500 0.024400
7 0.786300 0.456400 0.018200 0.027100
7 0.219300 0.835400 0.013900 0.018900
7 0.765800 0.468100 0.017700 0.022500
7 0.478500 0.816600 0.011900 0.022600
7 0.698000 0.744800 0.013600 0.025400
7 0.117000 0.797400 0.017900 0.021000
7 0.931700 0.671400 0.016100 0.026300
7 0.386500 0.573000 0.012600 0.024300
7 0.816200 0.712600 0.017100 0.028900
7 0.462900 0.291500 0.013000 0.029700
7 0.251000 0.788700 0.012600 0.016100
7 0.402600 0.558300 0.014200 0.027600
7 0.187100 0.824600 0.016900 0.024500
7 0.166500 0.805100 0.016300 0.020000
7 0.529600 0.761700 0.011800 0.020800
7 0.434800 0.543000 0.014500 0.027000
7 0.626400 0.745200 0.013700 0.023800
7 0.362200 0.574300 0.011500 0.021900
7 0.583700 0.751200 0.012000 0.024200
7 0.622600 0.730500 0.012400 0.019800
7 0.358700 0.560400 0.014200 0.023700
5 0.704800 0.657100 0.032800 0.023500
0 0.878900 0.559000 0.064200 0.055700
0 0.243000 0.575700 0.064200 0.049100
0 0.751600 0.604900 0.064700 0.054900
0 0.051100 0.584600 0.071900 0.047800
5 0.718998 0.441597 0.008552 0.036949
5 0.703421 0.445769 0.005498 0.035757
5 0.693647 0.445769 0.005498 0.033373
5 0.686622 0.446961 0.004887 0.038141
5 0.677764 0.446365 0.005498 0.039333
5 0.668296 0.451132 0.006109 0.036949
5 0.657911 0.452920 0.004887 0.033373
5 0.649969 0.449344 0.006109 0.035757
5 0.641417 0.456496 0.010996 0.030989
5 0.610874 0.446365 0.013439 0.017878
5 0.591631 0.433254 0.021381 0.010727
5 0.553757 0.367700 0.009163 0.032181
6 0.030849 0.749702 0.049481 0.038141
6 0.181124 0.752682 0.031155 0.029797
6 0.217166 0.753278 0.040929 0.030989
6 0.371717 0.719309 0.038485 0.046484
6 0.413256 0.724672 0.036042 0.033373
6 0.461210 0.713945 0.045205 0.038141
6 0.578803 0.712157 0.040929 0.034565
6 0.624924 0.711561 0.032987 0.030989
6 0.738852 0.699642 0.038485 0.028605
6 0.922419 0.377831 0.032987 0.064362
6 0.469456 0.424315 0.022602 0.076281
4 0.571472 0.367700 0.017715 0.034565
4 0.600489 0.410608 0.028100 0.025030
5 0.507330 0.716329 0.011607 0.052443
7 0.567807 0.744338 0.010385 0.022646
7 0.485034 0.695471 0.007330 0.013111
7 0.490531 0.702026 0.008552 0.019070
7 0.543677 0.775924 0.009774 0.019070
7 0.558033 0.772348 0.009163 0.026222
7 0.865913 0.684744 0.015272 0.017878
7 0.966402 0.294994 0.010996 0.015495
5 0.335064 0.735399 0.016494 0.016687
3 0.169212 0.590584 0.078192 0.056019
7 0.099878 0.569726 0.014050 0.016687
7 0.184484 0.806913 0.019548 0.016687
7 0.364997 0.900477 0.010385 0.020262
4 0.542761 0.148987 0.032376 0.023838
4 0.341173 0.563766 0.023824 0.019070
1 0.547885 0.242857 0.031125 0.146218
7 0.107741 0.992437 0.011173 0.011765
6 0.642458 0.545378 0.041500 0.062185
6 0.596169 0.500840 0.038308 0.036975
6 0.696329 0.702521 0.040702 0.036975
6 0.981245 0.674790 0.034318 0.035294
6 0.931764 0.638655 0.051875 0.036975
