0 0.515200 0.328900 0.022000 0.090000
0 0.648400 0.516700 0.042300 0.037700
0 0.936500 0.588500 0.052600 0.040500
0 0.445400 0.039200 0.021200 0.079500
7 0.080607 0.553782 0.014366 0.021849
7 0.544294 0.632773 0.011173 0.021849
7 0.543496 0.239496 0.009577 0.021849
7 0.549880 0.351261 0.011173 0.020168
7 0.703512 0.592437 0.008779 0.015126
4 0.455706 0.905882 0.019154 0.040336
4 0.455706 0.951261 0.019154 0.036975
4 0.441740 0.259664 0.008779 0.035294
4 0.440543 0.222689 0.007981 0.038655
4 0.443336 0.189076 0.008779 0.045378
6 0.445730 0.308403 0.016760 0.065546
6 0.701117 0.528571 0.029529 0.028571
4 0.594174 0.557983 0.021548 0.016807
0 0.585395 0.512605 0.053472 0.043697
0 0.746608 0.520168 0.048683 0.038655
0 0.877494 0.582353 0.047087 0.042017
0 0.474860 0.300840 0.020750 0.073950
4 0.481644 0.800840 0.008779 0.042017
6 0.865523 0.542017 0.027933 0.028571
6 0.827614 0.535294 0.030327 0.028571
6 0.793296 0.502521 0.030327 0.026891
6 0.520351 0.758824 0.015962 0.058824
6 0.454908 0.689916 0.017558 0.055462
6 0.449322 0.751261 0.015962 0.053782
3 0.722666 0.572269 0.058260 0.042017
0 0.229848 0.552101 0.049481 0.038655
0 0.287709 0.552101 0.047087 0.038655
1 0.051077 0.542017 0.062251 0.042017
6 0.483240 0.905042 0.016760 0.065546
