5 0.517900 0.193600 0.014800 0.061200
4 0.519200 0.197700 0.014600 0.064400
1 0.227500 0.596300 0.089700 0.064400
7 0.230646 0.453782 0.009577 0.020168
7 0.254589 0.453782 0.012769 0.023529
7 0.401038 0.449580 0.011971 0.018487
7 0.584198 0.341176 0.015962 0.026891
6 0.444932 0.282353 0.019952 0.087395
6 0.485634 0.543697 0.019952 0.068908
6 0.439745 0.888235 0.019154 0.075630
6 0.628492 0.524370 0.039106 0.043697
4 0.440543 0.220168 0.011173 0.040336
4 0.079409 0.594118 0.016760 0.031933
4 0.047885 0.596639 0.027135 0.036975
3 0.895451 0.649580 0.084597 0.058824
0 0.142458 0.598319 0.069433 0.053782
7 0.426975 0.864706 0.006385 0.018487
