7 0.761100 0.327200 0.015900 0.026500
7 0.306800 0.905400 0.017800 0.030800
7 0.492300 0.823300 0.016400 0.038900
5 0.820098 0.414184 0.010385 0.067938
5 0.803299 0.415971 0.010996 0.059595
5 0.788027 0.414184 0.010996 0.058403
5 0.770617 0.432658 0.015272 0.071514
5 0.741295 0.417759 0.011607 0.060787
5 0.715333 0.427890 0.015883 0.057211
5 0.664020 0.407032 0.029322 0.034565
5 0.631338 0.377235 0.036042 0.022646
5 0.570861 0.260429 0.017715 0.056019
6 0.093464 0.790822 0.084301 0.070322
6 0.203115 0.723480 0.073916 0.069130
6 0.439524 0.716329 0.065363 0.057211
6 0.401344 0.836114 0.069640 0.063170
6 0.605070 0.853993 0.070250 0.065554
6 0.677153 0.862932 0.059255 0.054827
6 0.796885 0.860548 0.076359 0.061979
6 0.873549 0.859952 0.073305 0.063170
6 0.954184 0.780095 0.086744 0.060787
6 0.923030 0.682360 0.086744 0.058403
6 0.861332 0.424911 0.069640 0.048868
7 0.546121 0.891538 0.014661 0.042908
7 0.535736 0.955900 0.017104 0.038141
7 0.557422 0.958284 0.014050 0.033373
7 0.562004 0.935042 0.013439 0.032181
7 0.571472 0.918355 0.022602 0.032181
7 0.602016 0.930870 0.017715 0.033373
7 0.596823 0.900477 0.015883 0.025030
7 0.851252 0.920739 0.021381 0.036949
7 0.873244 0.934446 0.018937 0.033373
7 0.818265 0.787247 0.029933 0.032181
7 0.837202 0.786055 0.014050 0.025030
7 0.939218 0.471990 0.036042 0.021454
7 0.337508 0.510131 0.018937 0.026222
7 0.317654 0.516091 0.012217 0.021454
4 0.582773 0.292014 0.030544 0.050060
4 0.624007 0.303337 0.032376 0.034565
4 0.645388 0.338498 0.045816 0.038141
4 0.145082 0.557807 0.043372 0.026222
7 0.350031 0.534565 0.019548 0.020262
7 0.331093 0.967223 0.018326 0.029797
7 0.906536 0.938617 0.017104 0.039333
0 0.042761 0.571514 0.083079 0.079857
7 0.716680 0.333613 0.017558 0.028571
0 0.564645 0.088235 0.051875 0.169748
