7 0.722800 0.422600 0.014400 0.024500
7 0.949000 0.833600 0.015400 0.027700
7 0.560300 0.290600 0.015700 0.023100
7 0.561300 0.281600 0.014700 0.022100
7 0.894300 0.955800 0.016500 0.026600
6 0.790900 0.840600 0.065700 0.065700
5 0.578700 0.577500 0.039200 0.032700
4 0.952500 0.575800 0.047400 0.042100
4 0.147500 0.630400 0.040000 0.031500
0 0.615500 0.738500 0.088900 0.081900
0 0.381300 0.755000 0.112400 0.087800
0 0.042400 0.640900 0.085000 0.078100
5 0.775199 0.492849 0.009774 0.056019
5 0.759010 0.499404 0.009163 0.052443
5 0.746182 0.493445 0.007941 0.050060
5 0.730605 0.515495 0.013439 0.056019
5 0.701894 0.497020 0.010996 0.059595
5 0.676542 0.504768 0.017715 0.053635
5 0.628894 0.488081 0.029933 0.034565
5 0.598045 0.463051 0.032987 0.017878
5 0.540623 0.353397 0.014661 0.051251
6 0.258094 0.870083 0.066585 0.061979
6 0.379047 0.897497 0.061698 0.059595
6 0.575443 0.841478 0.068418 0.061979
6 0.572999 0.912396 0.061087 0.065554
6 0.643555 0.919547 0.056811 0.056019
6 0.757483 0.917759 0.069640 0.059595
6 0.830483 0.917163 0.070250 0.065554
6 0.653329 0.612634 0.070250 0.061979
6 0.417532 0.308701 0.034820 0.109654
5 0.747709 0.577473 0.035431 0.025030
1 0.534514 0.161502 0.046426 0.230036
7 0.954490 0.445769 0.028711 0.026222
4 0.552535 0.383790 0.031155 0.045292
4 0.593464 0.392729 0.036042 0.027414
4 0.612095 0.430274 0.043983 0.026222
7 0.876909 0.943981 0.020159 0.026222
7 0.091631 0.967223 0.028100 0.025030
4 0.533598 0.023242 0.040929 0.046484
0 0.801161 0.653159 0.110568 0.078665
7 0.878436 0.525030 0.029322 0.025030
7 0.384850 0.115614 0.008552 0.026222
