7 0.678300 0.516500 0.019000 0.031100
7 0.501000 0.506900 0.012800 0.034700
7 0.513600 0.506100 0.014000 0.031000
7 0.310700 0.531700 0.020700 0.034200
7 0.936500 0.845300 0.018300 0.028800
4 0.121500 0.663800 0.052100 0.043700
4 0.175900 0.515600 0.041400 0.032800
0 0.568800 0.082600 0.052800 0.163700
0 0.443500 0.203200 0.048400 0.213600
0 0.060100 0.516100 0.112200 0.081500
5 0.806353 0.395113 0.010996 0.070322
5 0.791081 0.395113 0.012217 0.065554
5 0.776115 0.394517 0.010385 0.064362
5 0.759010 0.412396 0.017715 0.071514
5 0.733048 0.398093 0.008552 0.061979
5 0.723274 0.395113 0.009774 0.060787
5 0.707392 0.405840 0.018326 0.056019
5 0.659438 0.386174 0.026268 0.028605
5 0.629505 0.361144 0.033598 0.023838
5 0.572389 0.250894 0.017104 0.058403
6 0.600183 0.798570 0.065363 0.059595
6 0.668907 0.812277 0.053757 0.046484
6 0.849420 0.815852 0.071472 0.058403
6 0.851558 0.688915 0.073305 0.054827
6 0.863470 0.609654 0.077581 0.056019
6 0.935553 0.537545 0.076359 0.050060
6 0.882101 0.427294 0.072083 0.046484
7 0.588577 0.862336 0.016494 0.039333
7 0.556506 0.894517 0.015883 0.041716
7 0.532987 0.895113 0.012828 0.030989
7 0.481979 0.967819 0.010996 0.040524
7 0.349725 0.869487 0.025046 0.036949
4 0.584911 0.275924 0.028711 0.051251
4 0.623702 0.291418 0.035431 0.041716
4 0.642639 0.328367 0.043983 0.036949
7 0.905925 0.479142 0.031765 0.023838
7 0.953268 0.321216 0.022602 0.027414
7 0.805131 0.856973 0.021991 0.026222
7 0.809407 0.884386 0.025657 0.035757
5 0.024130 0.427294 0.045816 0.022646
7 0.905620 0.890942 0.015272 0.039333
7 0.711093 0.315966 0.019154 0.033613
