6 0.537909 0.701681 0.030327 0.031933
7 0.942937 0.286555 0.013567 0.015126
7 0.963288 0.363866 0.017558 0.021849
7 0.964884 0.346218 0.009577 0.020168
7 0.912211 0.700840 0.012769 0.020168
7 0.412610 0.948739 0.009577 0.018487
7 0.421788 0.953782 0.010375 0.018487
7 0.790104 0.807563 0.011173 0.018487
7 0.796089 0.813445 0.008779 0.016807
6 0.472865 0.815966 0.016760 0.058824
6 0.471668 0.900840 0.017558 0.067227
6 0.983240 0.411765 0.030327 0.030252
6 0.940942 0.601681 0.035116 0.050420
6 0.782921 0.593277 0.033520 0.033613
5 0.947725 0.305882 0.007183 0.033613
