4 0.039400 0.590600 0.028900 0.036700
0 0.133000 0.585300 0.068000 0.046700
0 0.473200 0.192900 0.027500 0.111400
0 0.472900 0.049900 0.025800 0.096200
0 0.508600 0.034000 0.024200 0.067800
5 0.420192 0.165546 0.011971 0.042017
7 0.568635 0.314286 0.013567 0.026891
3 0.879888 0.611765 0.086991 0.053782
4 0.535116 0.054622 0.011971 0.052101
4 0.425379 0.204202 0.009577 0.042017
6 0.429769 0.263025 0.019952 0.082353
6 0.197127 0.484034 0.046289 0.043697
6 0.430966 0.863866 0.020750 0.077311
2 0.523144 0.245378 0.050279 0.285714
7 0.417398 0.568067 0.012769 0.026891
7 0.579409 0.578151 0.011173 0.023529
7 0.577414 0.606723 0.010375 0.020168
7 0.415004 0.656303 0.009577 0.018487
