6 0.984900 0.436600 0.033100 0.033400
6 0.534717 0.701681 0.028731 0.031933
7 0.517957 0.183193 0.009577 0.020168
7 0.967279 0.369748 0.011173 0.023529
7 0.946528 0.945378 0.012769 0.018487
7 0.441341 0.911765 0.011173 0.025210
6 0.467678 0.810924 0.017558 0.055462
6 0.466081 0.894958 0.015962 0.065546
6 0.911413 0.297479 0.017558 0.060504
6 0.781325 0.606723 0.033520 0.030252
5 0.954110 0.332773 0.013567 0.036975
4 0.410615 0.555462 0.024741 0.025210
0 0.105746 0.463866 0.047087 0.036975
7 0.941341 0.943697 0.007183 0.015126
