7 0.507500 0.743800 0.014600 0.025500
7 0.322700 0.765400 0.015700 0.033000
6 0.656400 0.478900 0.065000 0.065500
4 0.234200 0.352500 0.042400 0.033600
4 0.667800 0.403200 0.038500 0.041400
0 0.777100 0.401000 0.104000 0.083000
5 0.777642 0.228844 0.010996 0.061979
5 0.804826 0.229440 0.012828 0.065554
5 0.861332 0.228844 0.009774 0.064362
5 0.846060 0.230632 0.012217 0.058403
5 0.832315 0.230036 0.010385 0.054827
5 0.814600 0.246126 0.012828 0.063170
5 0.789859 0.230632 0.008552 0.060787
5 0.763592 0.237187 0.018326 0.054827
5 0.714417 0.220501 0.027489 0.035757
5 0.685400 0.193683 0.032987 0.022646
5 0.627978 0.084029 0.017104 0.060787
6 0.066891 0.636472 0.076359 0.050060
6 0.148748 0.606079 0.073916 0.063170
6 0.137447 0.525626 0.079414 0.066746
6 0.470678 0.612634 0.060476 0.057211
6 0.658522 0.629321 0.068418 0.057211
6 0.642639 0.553635 0.065974 0.056019
6 0.744044 0.560191 0.067196 0.059595
6 0.729383 0.638856 0.057422 0.054827
6 0.838424 0.637664 0.075137 0.054827
6 0.843616 0.554231 0.076970 0.069130
6 0.910812 0.636472 0.069640 0.059595
6 0.945021 0.477354 0.078192 0.048868
6 0.949297 0.382002 0.084301 0.058403
6 0.905620 0.230632 0.065363 0.048868
7 0.805131 0.144815 0.014661 0.022646
7 0.473122 0.758045 0.015272 0.028605
7 0.432193 0.694875 0.018937 0.035757
7 0.291387 0.828367 0.021991 0.035757
7 0.023824 0.700238 0.030544 0.034565
7 0.593464 0.726460 0.014050 0.032181
7 0.615455 0.724076 0.012828 0.034565
7 0.550397 0.895113 0.014661 0.038141
7 0.964569 0.299166 0.034209 0.028605
7 0.887294 0.197855 0.017715 0.026222
7 0.406842 0.296186 0.014661 0.017878
7 0.614844 0.612038 0.017715 0.036949
4 0.641112 0.105483 0.027489 0.063170
4 0.678070 0.120977 0.037874 0.032181
4 0.696701 0.157926 0.047037 0.039333
7 0.985950 0.137664 0.025657 0.027414
0 0.118509 0.366508 0.105070 0.079857
5 0.081246 0.267580 0.042761 0.027414
7 0.768156 0.156303 0.018356 0.033613
