4 0.827100 0.533900 0.036000 0.026000
3 0.882100 0.630200 0.088400 0.057100
1 0.207800 0.618400 0.090900 0.064100
7 0.414605 0.689916 0.015164 0.021849
7 0.562650 0.339496 0.015962 0.030252
6 0.461692 0.138655 0.018356 0.068908
6 0.428571 0.145378 0.027135 0.082353
6 0.422187 0.287395 0.020750 0.090756
6 0.426975 0.901681 0.020750 0.075630
6 0.458101 0.339496 0.022346 0.070588
4 0.463288 0.246218 0.011971 0.055462
4 0.416999 0.226050 0.008779 0.038655
4 0.055866 0.626891 0.019154 0.033613
4 0.021947 0.631092 0.032721 0.042017
7 0.141261 0.658824 0.009577 0.023529
0 0.121708 0.626050 0.069433 0.052101
