1 0.044400 0.550600 0.061800 0.050800
0 0.943300 0.595600 0.054300 0.037800
0 0.738700 0.521200 0.051300 0.041300
0 0.528200 0.962700 0.022600 0.074300
0 0.515400 0.500400 0.020200 0.073400
7 0.550279 0.355462 0.013567 0.021849
7 0.580208 0.454622 0.011173 0.015126
7 0.769753 0.263025 0.008779 0.018487
7 0.943336 0.626050 0.012769 0.018487
7 0.175579 0.442017 0.012769 0.020168
7 0.423384 0.021008 0.008779 0.018487
7 0.432163 0.160504 0.008779 0.021849
4 0.455706 0.916807 0.019154 0.038655
4 0.456105 0.963025 0.018356 0.033613
4 0.440144 0.222689 0.007183 0.038655
4 0.441341 0.262185 0.009577 0.036975
6 0.873903 0.554622 0.031923 0.033613
6 0.715084 0.564706 0.030327 0.030252
6 0.677574 0.498319 0.030327 0.035294
6 0.631684 0.566387 0.031125 0.033613
6 0.477654 0.293277 0.018356 0.055462
6 0.444932 0.311765 0.016760 0.068908
6 0.481644 0.429412 0.018356 0.048739
6 0.454509 0.701681 0.019952 0.062185
6 0.449322 0.763025 0.015962 0.053782
5 0.850359 0.505042 0.016760 0.018487
4 0.468077 0.183193 0.011971 0.047059
4 0.486433 0.851261 0.010375 0.038655
0 0.225858 0.559664 0.051077 0.040336
0 0.285315 0.560504 0.047087 0.038655
0 0.443735 0.040336 0.023943 0.080672
1 0.618117 0.510084 0.059856 0.045378
4 0.812450 0.550420 0.023943 0.021849
