4 0.454200 0.287100 0.016100 0.053700
0 0.470900 0.060700 0.028200 0.111200
0 0.540300 0.939500 0.027600 0.121100
5 0.419393 0.163866 0.010375 0.045378
0 0.133679 0.585714 0.067837 0.048739
3 0.877893 0.607563 0.086193 0.052101
4 0.425379 0.204202 0.011173 0.038655
4 0.632083 0.555462 0.030327 0.025210
4 0.037909 0.589076 0.031125 0.035294
6 0.429370 0.258824 0.020750 0.084034
6 0.640064 0.505042 0.038308 0.042017
6 0.779729 0.509244 0.041500 0.040336
6 0.431365 0.859664 0.019952 0.075630
6 0.477255 0.818487 0.022346 0.067227
6 0.464086 0.689916 0.018356 0.065546
6 0.471668 0.453782 0.022346 0.070588
6 0.359138 0.547059 0.041500 0.048739
7 0.567438 0.311765 0.015962 0.031933
