0 0.940500 0.585800 0.054500 0.040900
0 0.286800 0.550800 0.049300 0.036700
0 0.650600 0.514200 0.041800 0.038500
0 0.586800 0.510700 0.052600 0.041600
0 0.522600 0.335300 0.021300 0.095600
0 0.484100 0.167300 0.020200 0.085200
7 0.039904 0.558824 0.015962 0.018487
7 0.546289 0.070588 0.008779 0.016807
7 0.537510 0.032773 0.007183 0.025210
7 0.549880 0.345378 0.012769 0.021849
7 0.708300 0.588235 0.008779 0.013445
7 0.250200 0.439496 0.010375 0.015126
4 0.456903 0.904202 0.016760 0.036975
4 0.455307 0.952941 0.023144 0.033613
4 0.442139 0.253782 0.007981 0.036975
4 0.440942 0.215966 0.008779 0.038655
4 0.442937 0.183193 0.009577 0.047059
6 0.930966 0.531933 0.031125 0.031933
6 0.445730 0.302521 0.016760 0.067227
6 0.481245 0.455462 0.015962 0.057143
6 0.455706 0.689076 0.017558 0.053782
6 0.448923 0.751261 0.015164 0.053782
4 0.479649 0.293277 0.009577 0.042017
4 0.594972 0.552941 0.023144 0.020168
3 0.516760 0.059664 0.024741 0.115966
3 0.723464 0.569748 0.061453 0.043697
1 0.047486 0.539496 0.063049 0.047059
0 0.880686 0.579832 0.048683 0.047059
0 0.228252 0.550420 0.049481 0.038655
0 0.444932 0.036134 0.021548 0.072269
0 0.478851 0.061345 0.022346 0.085714
0 0.512370 0.181513 0.022346 0.090756
