7 0.320300 0.806700 0.018600 0.039200
7 0.272000 0.590000 0.019400 0.026300
7 0.456200 0.952100 0.016100 0.035800
7 0.609900 0.778800 0.022700 0.030200
7 0.346800 0.925100 0.018000 0.038600
6 0.501400 0.256400 0.034700 0.101300
5 0.617100 0.449200 0.034900 0.049200
0 0.347400 0.638800 0.110300 0.093500
0 0.058500 0.552400 0.111600 0.080800
5 0.796274 0.417759 0.010385 0.065554
5 0.781613 0.418951 0.010385 0.060787
5 0.766341 0.413588 0.009163 0.059595
5 0.750458 0.436234 0.015272 0.064362
5 0.724496 0.418951 0.009774 0.063170
5 0.698534 0.429678 0.017715 0.056019
5 0.651497 0.408224 0.027489 0.032181
5 0.623091 0.380810 0.034209 0.020262
5 0.565974 0.277116 0.017715 0.060787
6 0.422114 0.727652 0.063531 0.065554
6 0.406231 0.809297 0.061087 0.054827
6 0.593158 0.654946 0.067196 0.065554
6 0.594380 0.820620 0.067196 0.056019
6 0.663714 0.829559 0.054368 0.047676
6 0.772450 0.832539 0.069029 0.056019
6 0.842089 0.831943 0.071472 0.052443
6 0.840867 0.427890 0.061698 0.057211
6 0.733659 0.729440 0.067196 0.066746
1 0.560171 0.095948 0.046426 0.189511
7 0.741906 0.337306 0.011607 0.021454
7 0.896457 0.803337 0.028711 0.030989
7 0.904398 0.477950 0.032376 0.023838
7 0.919976 0.429678 0.018326 0.027414
7 0.936164 0.424911 0.017715 0.025030
7 0.951741 0.413588 0.019548 0.023838
7 0.345144 0.494041 0.014661 0.015495
4 0.578497 0.296186 0.032987 0.058403
4 0.616982 0.311681 0.035431 0.039333
4 0.636225 0.348033 0.043372 0.035757
4 0.170739 0.548868 0.039707 0.027414
5 0.512217 0.036949 0.014050 0.066746
7 0.411729 0.409416 0.017104 0.029797
7 0.530544 0.917759 0.012828 0.033373
7 0.552230 0.915375 0.013439 0.040524
7 0.468845 0.886770 0.018937 0.028605
7 0.660049 0.904648 0.016494 0.030989
7 0.673183 0.876639 0.015883 0.029797
7 0.686316 0.901073 0.021381 0.033373
7 0.740379 0.904052 0.026878 0.029797
7 0.759316 0.876043 0.021991 0.038141
7 0.953879 0.889750 0.021381 0.029797
7 0.845449 0.451728 0.015883 0.026222
7 0.877214 0.905840 0.018326 0.042908
5 0.020464 0.463051 0.038485 0.020262
7 0.703113 0.344538 0.014366 0.023529
