7 0.401200 0.784000 0.014100 0.023400
7 0.090100 0.504800 0.017100 0.022200
7 0.659300 0.765700 0.012600 0.022500
7 0.683500 0.734900 0.015400 0.022000
7 0.574100 0.752700 0.012500 0.022900
7 0.695100 0.484000 0.014000 0.031700
7 0.567100 0.763700 0.013000 0.021400
6 0.491200 0.526500 0.036400 0.069800
4 0.142600 0.652400 0.033600 0.026400
4 0.333500 0.572600 0.030300 0.027400
3 0.068800 0.756900 0.093400 0.059200
0 0.040600 0.592000 0.076200 0.053100
0 0.234800 0.583600 0.066300 0.051800
0 0.475000 0.426800 0.028400 0.122900
5 0.699920 0.455056 0.007981 0.040128
5 0.691540 0.454254 0.007183 0.038523
5 0.683160 0.451043 0.007981 0.041734
5 0.674781 0.451846 0.007183 0.036918
5 0.664804 0.458266 0.007981 0.043339
5 0.655626 0.458266 0.007183 0.046549
5 0.646049 0.455859 0.008779 0.041734
5 0.637271 0.465490 0.011971 0.028892
5 0.608540 0.457464 0.016760 0.022472
5 0.589785 0.443018 0.022346 0.019262
5 0.550678 0.378010 0.012769 0.046549
6 0.171655 0.764601 0.031765 0.029797
6 0.208002 0.762813 0.039707 0.030989
7 0.360110 0.919547 0.009163 0.020262
7 0.520159 0.783671 0.009163 0.020262
7 0.553757 0.784863 0.007941 0.022646
7 0.416310 0.529201 0.006720 0.011919
7 0.405315 0.540524 0.006720 0.013111
7 0.459071 0.431466 0.006720 0.011919
7 0.443494 0.452920 0.007330 0.016687
7 0.438302 0.484505 0.007941 0.015495
4 0.538790 0.159118 0.026878 0.032181
4 0.566280 0.376043 0.019548 0.039333
4 0.596823 0.420143 0.026878 0.020262
4 0.252596 0.745530 0.028711 0.032181
5 0.325901 0.749106 0.020159 0.017878
7 0.976481 0.469607 0.014050 0.014303
7 0.984117 0.486293 0.021991 0.016687
7 0.538790 0.786055 0.009774 0.020262
7 0.512828 0.724076 0.010385 0.022646
5 0.843005 0.713349 0.026878 0.022646
7 0.765730 0.488081 0.014050 0.015495
7 0.771839 0.423123 0.010385 0.014303
7 0.825596 0.427890 0.017715 0.019070
6 0.740073 0.631108 0.048259 0.039333
6 0.737935 0.712753 0.041539 0.030989
7 0.779780 0.401669 0.010385 0.014303
3 0.159133 0.596544 0.081246 0.053635
7 0.376604 0.782479 0.012828 0.015495
7 0.362248 0.743743 0.010996 0.016687
7 0.448687 0.235399 0.006720 0.020262
1 0.545092 0.250420 0.028731 0.144538
6 0.285714 0.659664 0.041500 0.045378
6 0.297686 0.724370 0.041500 0.040336
7 0.033520 0.870588 0.019154 0.023529
6 0.457302 0.727731 0.041500 0.036975
6 0.419393 0.676471 0.039106 0.042017
6 0.377893 0.622689 0.037510 0.038655
6 0.405826 0.736975 0.039106 0.042017
6 0.574621 0.722689 0.038308 0.036975
6 0.731045 0.552101 0.039904 0.035294
6 0.859936 0.657143 0.047087 0.040336
6 0.877893 0.597479 0.049481 0.035294
6 0.622506 0.723529 0.033520 0.031933
6 0.980846 0.688235 0.033520 0.035294
6 0.861931 0.456303 0.047885 0.038655
