7 0.083300 0.675500 0.018100 0.020200
7 0.766800 0.463200 0.018000 0.022500
7 0.111600 0.444100 0.018800 0.026400
7 0.802300 0.693000 0.016800 0.028600
7 0.549600 0.725600 0.014900 0.021800
7 0.689800 0.727100 0.014400 0.025400
7 0.484500 0.730600 0.010000 0.025400
7 0.565200 0.739000 0.015400 0.026400
7 0.755700 0.718400 0.013400 0.027000
6 0.519700 0.470700 0.025600 0.068700
6 0.862600 0.433300 0.049400 0.043600
4 0.458300 0.614800 0.033700 0.022900
4 0.884600 0.622300 0.032900 0.029200
3 0.071500 0.707100 0.091600 0.061500
0 0.044800 0.542400 0.074600 0.051500
0 0.481300 0.561100 0.060300 0.051700
0 0.237000 0.541800 0.065400 0.049900
0 0.476400 0.395000 0.029600 0.122800
5 0.637670 0.466292 0.020750 0.020867
5 0.701516 0.426164 0.009577 0.046549
5 0.692737 0.426164 0.007981 0.043339
5 0.684358 0.429374 0.007183 0.036918
5 0.675579 0.427769 0.008779 0.040128
5 0.666401 0.430177 0.009577 0.044944
5 0.648045 0.428571 0.009577 0.044944
5 0.638069 0.434189 0.011971 0.036918
5 0.607741 0.425361 0.018356 0.025682
5 0.590982 0.412520 0.021548 0.019262
5 0.552275 0.351525 0.011173 0.051364
5 0.326817 0.706198 0.019548 0.020262
6 0.206170 0.716329 0.037263 0.033373
6 0.173183 0.716925 0.031155 0.032181
6 0.406842 0.699046 0.037874 0.039333
6 0.456017 0.688915 0.039707 0.035757
6 0.419976 0.655542 0.039707 0.038141
6 0.514661 0.680572 0.038485 0.038141
6 0.573610 0.689511 0.037874 0.036949
6 0.620648 0.692491 0.031765 0.033373
6 0.981674 0.668057 0.035431 0.039333
7 0.406536 0.504172 0.007941 0.011919
7 0.444105 0.467223 0.009774 0.019070
7 0.445021 0.421335 0.009163 0.015495
4 0.334453 0.533969 0.026268 0.019070
4 0.543677 0.126341 0.026878 0.030989
4 0.567807 0.344458 0.017715 0.035757
4 0.598656 0.389750 0.030544 0.028605
7 0.742211 0.715733 0.010996 0.017878
7 0.552535 0.750894 0.009163 0.021454
7 0.537569 0.749702 0.007330 0.019070
7 0.370800 0.786651 0.007330 0.021454
7 0.376604 0.764005 0.007941 0.016687
7 0.888210 0.681764 0.015883 0.021454
7 0.931888 0.659714 0.016494 0.017878
7 0.895235 0.696067 0.015272 0.014303
3 0.163103 0.547676 0.078192 0.056019
7 0.132560 0.964243 0.010996 0.023838
7 0.094380 0.961859 0.014050 0.019070
7 0.458155 0.293802 0.009774 0.017878
7 0.413256 0.495232 0.007941 0.010727
7 0.901038 0.452324 0.013439 0.022646
1 0.547486 0.218487 0.031923 0.144538
7 0.584996 0.310084 0.009577 0.018487
6 0.116520 0.631933 0.044693 0.036975
6 0.357542 0.666387 0.039904 0.038655
6 0.771748 0.593277 0.046289 0.040336
6 0.753791 0.529412 0.043895 0.036975
6 0.603352 0.594118 0.039904 0.045378
6 0.735834 0.683193 0.039904 0.028571
6 0.691939 0.684034 0.043097 0.040336
7 0.942538 0.675630 0.011173 0.020168
6 0.907023 0.578151 0.048683 0.036975
