1 0.226500 0.599500 0.088800 0.062400
0 0.140862 0.604202 0.067837 0.052101
3 0.894254 0.643697 0.085395 0.057143
4 0.438547 0.224370 0.010375 0.045378
4 0.078212 0.601681 0.017558 0.030252
4 0.047486 0.602521 0.029529 0.038655
4 0.524342 0.563025 0.014366 0.067227
6 0.626895 0.520168 0.042298 0.045378
6 0.482442 0.055462 0.023144 0.073950
6 0.442139 0.280672 0.020750 0.080672
6 0.490423 0.810084 0.019952 0.070588
6 0.440144 0.889076 0.021548 0.077311
7 0.563049 0.040336 0.010375 0.023529
7 0.207901 0.456303 0.011971 0.021849
7 0.226257 0.459664 0.013567 0.021849
7 0.581006 0.337815 0.015962 0.033613
7 0.429370 0.826050 0.011173 0.021849
7 0.410215 0.447059 0.007981 0.016807
