7 0.400600 0.589800 0.009100 0.015600
6 0.483000 0.229500 0.015800 0.052200
1 0.050900 0.539400 0.063500 0.046800
0 0.289000 0.556900 0.050300 0.037500
0 0.510200 0.155700 0.021100 0.085500
0 0.941800 0.610600 0.054700 0.039500
0 0.512700 0.291700 0.023000 0.085300
0 0.231100 0.555400 0.051900 0.041600
7 0.718276 0.281513 0.009577 0.015126
7 0.552275 0.426050 0.007981 0.018487
7 0.555068 0.361345 0.013567 0.026891
7 0.216281 0.441176 0.009577 0.015126
7 0.224262 0.442857 0.007981 0.015126
6 0.449322 0.760504 0.014366 0.055462
7 0.434557 0.088235 0.008779 0.021849
6 0.450120 0.315126 0.015962 0.068908
6 0.485235 0.142857 0.015962 0.057143
6 0.477654 0.321008 0.015164 0.057143
4 0.445730 0.227731 0.007183 0.038655
4 0.446129 0.267227 0.007981 0.036975
4 0.454509 0.916807 0.016760 0.042017
4 0.454908 0.961345 0.019154 0.033613
4 0.480447 0.448739 0.009577 0.036975
0 0.451317 0.040336 0.023144 0.080672
6 0.902634 0.565546 0.033520 0.028571
