7 0.777700 0.425500 0.018400 0.023000
7 0.813900 0.502400 0.016500 0.026800
7 0.926300 0.581400 0.020200 0.027100
7 0.768600 0.679800 0.012900 0.022200
7 0.083200 0.808600 0.017800 0.019900
7 0.778100 0.659000 0.014500 0.020600
7 0.186700 0.479500 0.018000 0.024400
7 0.114600 0.453500 0.016600 0.023200
7 0.880200 0.609800 0.019500 0.019100
7 0.707900 0.698400 0.013200 0.022200
7 0.843100 0.500700 0.019300 0.020900
7 0.471300 0.292300 0.011300 0.022900
7 0.493400 0.293800 0.015600 0.021300
7 0.814600 0.346600 0.016300 0.024800
7 0.188900 0.799200 0.011300 0.019500
7 0.364300 0.754900 0.012000 0.019900
7 0.473800 0.010400 0.011900 0.021300
7 0.801900 0.551200 0.017200 0.030500
6 0.875600 0.390000 0.046200 0.046300
6 0.663400 0.462100 0.043700 0.057400
4 0.735600 0.551300 0.027600 0.029000
4 0.349500 0.516200 0.031000 0.024800
3 0.084300 0.703900 0.091200 0.057800
0 0.247800 0.529000 0.066800 0.051600
0 0.054800 0.540900 0.074600 0.048400
0 0.486600 0.369600 0.028600 0.126200
5 0.712291 0.392456 0.008779 0.036918
5 0.703113 0.394864 0.006385 0.035313
5 0.695531 0.392456 0.007183 0.033708
5 0.687151 0.395666 0.007981 0.036918
5 0.677574 0.398876 0.007981 0.036918
5 0.666800 0.397271 0.008779 0.040128
5 0.659218 0.396469 0.007981 0.038523
5 0.649242 0.403692 0.011971 0.030498
5 0.620112 0.395666 0.015962 0.024077
5 0.600559 0.382022 0.021548 0.016051
5 0.561852 0.313804 0.011173 0.036918
7 0.374160 0.856973 0.009163 0.019070
5 0.341173 0.691895 0.015272 0.015495
7 0.455101 0.395113 0.008552 0.017878
7 0.450214 0.426103 0.008552 0.015495
7 0.481368 0.461859 0.012217 0.017878
7 0.427611 0.474374 0.008552 0.014303
7 0.415699 0.487485 0.009163 0.014303
6 0.471594 0.668057 0.042761 0.036949
6 0.421197 0.678188 0.039707 0.038141
6 0.441051 0.633492 0.039096 0.039333
6 0.543372 0.616806 0.040929 0.039333
6 0.590409 0.659118 0.039707 0.040524
6 0.636836 0.659118 0.034820 0.035757
6 0.220525 0.708582 0.037874 0.034565
6 0.186622 0.710965 0.032376 0.034565
6 0.492059 0.039928 0.023824 0.077473
4 0.549481 0.097139 0.027489 0.025030
4 0.578497 0.315256 0.018326 0.039333
4 0.608430 0.361144 0.026878 0.023838
4 0.266341 0.687723 0.028100 0.026222
7 0.114844 0.782479 0.018326 0.013111
7 0.117288 0.796186 0.013439 0.016687
7 0.580024 0.712157 0.007941 0.015495
7 0.567196 0.723480 0.007941 0.021454
7 0.554368 0.724672 0.009163 0.014303
5 0.861637 0.644815 0.027489 0.026222
7 0.747098 0.694279 0.013439 0.017878
7 0.960599 0.594756 0.018937 0.023838
7 0.912645 0.647795 0.018326 0.017878
7 0.801161 0.361740 0.009163 0.017878
7 0.791692 0.358164 0.014661 0.013111
7 0.394319 0.730036 0.009163 0.015495
3 0.174710 0.542312 0.076970 0.059595
7 0.150580 0.959476 0.010385 0.023838
7 0.112706 0.956496 0.010385 0.017878
1 0.554270 0.190756 0.031125 0.146218
6 0.428571 0.569748 0.039904 0.043697
6 0.529529 0.656303 0.037510 0.038655
6 0.750200 0.646218 0.039904 0.028571
6 0.721868 0.605042 0.043895 0.043697
6 0.710295 0.496639 0.046289 0.042017
