1 0.043800 0.544100 0.064400 0.048500
1 0.799900 0.525400 0.055600 0.045400
0 0.943800 0.594800 0.054100 0.039000
0 0.519800 0.966000 0.020600 0.068400
0 0.445700 0.038100 0.022800 0.076500
7 0.551476 0.352941 0.012769 0.023529
7 0.350359 0.584034 0.006385 0.018487
7 0.675180 0.510924 0.011173 0.016807
7 0.623703 0.467227 0.010375 0.016807
7 0.722267 0.556303 0.011173 0.013445
7 0.964485 0.630252 0.010375 0.020168
4 0.454908 0.916807 0.019154 0.038655
4 0.455706 0.962185 0.019154 0.035294
4 0.441740 0.184034 0.008779 0.045378
4 0.440543 0.222689 0.007981 0.035294
4 0.442139 0.258824 0.007981 0.036975
4 0.915403 0.516807 0.025539 0.015126
0 0.226656 0.556303 0.049481 0.040336
0 0.285315 0.555462 0.048683 0.038655
0 0.883879 0.588235 0.048683 0.043697
1 0.516760 0.340336 0.034318 0.223529
4 0.520750 0.664706 0.010375 0.042017
6 0.445730 0.308403 0.016760 0.068908
6 0.455706 0.694958 0.017558 0.055462
6 0.448923 0.759664 0.015164 0.057143
6 0.862729 0.510084 0.028731 0.031933
6 0.628492 0.547899 0.029529 0.030252
6 0.594573 0.552101 0.031923 0.035294
6 0.593376 0.494958 0.029529 0.028571
1 0.647646 0.519328 0.048683 0.040336
1 0.721868 0.516807 0.058260 0.042017
3 0.725459 0.577311 0.060654 0.045378
0 0.476856 0.321008 0.021548 0.094118
