7 0.698400 0.768800 0.018400 0.032300
7 0.444200 0.292200 0.018100 0.035700
7 0.782400 0.779600 0.018200 0.032000
7 0.512900 0.710000 0.014600 0.026600
7 0.907300 0.358900 0.030900 0.030500
7 0.923000 0.291500 0.025100 0.033600
7 0.583400 0.816500 0.015000 0.023100
6 0.474600 0.597000 0.059200 0.066400
6 0.306100 0.615400 0.059600 0.066800
4 0.192100 0.450500 0.041500 0.029100
0 0.448100 0.136300 0.045800 0.204600
5 0.804826 0.296782 0.010385 0.069130
5 0.790470 0.303933 0.009774 0.059595
5 0.776420 0.297378 0.008552 0.058403
5 0.761148 0.321216 0.010996 0.053635
5 0.749236 0.304529 0.011607 0.053635
5 0.733659 0.302741 0.009774 0.059595
5 0.723580 0.301549 0.010385 0.064362
5 0.708308 0.311681 0.017715 0.051251
5 0.662492 0.297378 0.026268 0.032181
5 0.632254 0.273540 0.030544 0.017878
5 0.575748 0.165077 0.017715 0.053635
6 0.033598 0.738975 0.067196 0.054827
6 0.505498 0.676400 0.060476 0.058403
6 0.611790 0.703218 0.060476 0.054827
6 0.679902 0.709178 0.052535 0.052443
6 0.857666 0.699046 0.068418 0.056019
6 0.816738 0.440405 0.070861 0.063170
0 0.079414 0.466031 0.109957 0.073897
7 0.744349 0.669249 0.017715 0.025030
7 0.739157 0.693087 0.015883 0.020262
7 0.934026 0.295590 0.014661 0.028605
5 0.040318 0.371275 0.043983 0.025030
7 0.943494 0.484505 0.032376 0.027414
7 0.970678 0.461263 0.023213 0.033373
7 0.929444 0.204410 0.022602 0.022646
7 0.682651 0.339690 0.021381 0.033373
7 0.570556 0.796186 0.013439 0.035757
7 0.585522 0.780095 0.014050 0.025030
7 0.549175 0.796782 0.014661 0.025030
7 0.852169 0.774732 0.026878 0.030989
7 0.817654 0.744338 0.025046 0.025030
7 0.903787 0.732420 0.025046 0.032181
7 0.978314 0.735995 0.029933 0.025030
7 0.988088 0.785459 0.022602 0.028605
7 0.912034 0.776520 0.014661 0.036949
4 0.586744 0.188319 0.029933 0.059595
4 0.626451 0.204410 0.037263 0.032181
4 0.645082 0.236591 0.043983 0.039333
7 0.537874 0.679976 0.009163 0.029797
7 0.710295 0.224370 0.014366 0.021849
