7 0.221100 0.324500 0.021100 0.028600
6 0.693800 0.566700 0.070800 0.064200
6 0.771900 0.565600 0.074700 0.062800
6 0.861100 0.534400 0.084100 0.062600
6 0.476900 0.371400 0.040500 0.117500
0 0.034200 0.575900 0.070400 0.087900
0 0.558800 0.556500 0.049800 0.212000
7 0.636872 0.121849 0.030327 0.042017
6 0.393855 0.043697 0.037510 0.084034
7 0.341580 0.650420 0.019154 0.026891
7 0.356345 0.657983 0.019952 0.028571
7 0.922586 0.407563 0.038308 0.028571
6 0.405427 0.924370 0.039904 0.124370
1 0.495211 0.884874 0.058260 0.226891
6 0.741820 0.475630 0.074222 0.070588
