7 0.310200 0.515800 0.014100 0.017100
3 0.504500 0.311200 0.023100 0.109400
0 0.771600 0.512400 0.051700 0.041000
0 0.881100 0.582100 0.050100 0.042800
0 0.940700 0.586900 0.054400 0.038400
0 0.498200 0.163800 0.022400 0.093500
7 0.549082 0.350420 0.012769 0.021849
7 0.547486 0.698319 0.011173 0.025210
7 0.541101 0.744538 0.009577 0.026891
7 0.583400 0.447899 0.009577 0.018487
7 0.983240 0.620168 0.009577 0.013445
7 0.439745 0.701681 0.006385 0.015126
4 0.456105 0.910924 0.018356 0.040336
4 0.456504 0.957143 0.020750 0.031933
4 0.441740 0.257983 0.008779 0.035294
4 0.440144 0.219328 0.007183 0.038655
0 0.444134 0.038655 0.023144 0.077311
0 0.485634 0.047899 0.023144 0.092437
0 0.129290 0.482353 0.052674 0.040336
0 0.229050 0.555462 0.049481 0.038655
0 0.286512 0.555462 0.047885 0.038655
1 0.048284 0.546218 0.063049 0.047059
4 0.982442 0.520168 0.025539 0.021849
5 0.419393 0.480672 0.016760 0.023529
6 0.455307 0.692437 0.018356 0.053782
6 0.448923 0.755462 0.015164 0.055462
6 0.445331 0.308403 0.015962 0.068908
4 0.472067 0.342857 0.010375 0.047059
