7 0.391600 0.557400 0.015200 0.030800
6 0.506000 0.711400 0.032600 0.071400
1 0.201300 0.611600 0.092700 0.067400
0 0.113800 0.617800 0.070500 0.051700
6 0.424581 0.900000 0.020750 0.078992
6 0.420192 0.271429 0.021548 0.085714
4 0.415802 0.212605 0.012769 0.042017
6 0.426975 0.128571 0.025539 0.089076
6 0.456504 0.187395 0.022346 0.078992
3 0.890263 0.627731 0.086991 0.055462
4 0.046688 0.619328 0.019952 0.031933
4 0.015164 0.623529 0.028731 0.040336
7 0.572626 0.908403 0.013567 0.021849
7 0.565044 0.327731 0.014366 0.033613
4 0.462091 0.109244 0.012769 0.047059
0 0.302474 0.610084 0.070231 0.053782
