1 0.202800 0.612400 0.092000 0.066800
0 0.665900 0.551500 0.069900 0.053200
0 0.302400 0.609000 0.071600 0.056000
0 0.115200 0.619100 0.071100 0.052900
7 0.414605 0.881513 0.010375 0.025210
6 0.984038 0.640336 0.028731 0.043697
7 0.564645 0.326891 0.016760 0.028571
6 0.745810 0.584034 0.047087 0.045378
6 0.565044 0.513445 0.038308 0.038655
7 0.403033 0.301681 0.009577 0.028571
6 0.420591 0.277311 0.020750 0.087395
6 0.428172 0.131092 0.023144 0.084034
6 0.426177 0.900840 0.019154 0.080672
6 0.426177 0.516807 0.043097 0.042017
4 0.416201 0.215966 0.010375 0.038655
4 0.048284 0.618487 0.023144 0.033613
4 0.015563 0.626050 0.031125 0.045378
3 0.889066 0.627731 0.087789 0.055462
