7 0.360800 0.827800 0.011300 0.035700
6 0.700000 0.558600 0.071400 0.063600
6 0.773400 0.553100 0.070900 0.061200
6 0.972600 0.508700 0.056400 0.070000
5 0.628100 0.390700 0.040000 0.044300
0 0.033200 0.568400 0.066300 0.085400
7 0.636872 0.107563 0.027135 0.036975
7 0.165603 0.641176 0.023144 0.042017
7 0.072227 0.638655 0.037510 0.036975
6 0.404230 0.915126 0.040702 0.129412
6 0.742219 0.467227 0.073424 0.067227
6 0.855547 0.522689 0.084597 0.057143
6 0.463687 0.452941 0.035116 0.132773
1 0.543496 0.788235 0.055866 0.275630
