7 0.288800 0.642000 0.017500 0.024000
7 0.795200 0.563300 0.015500 0.023200
7 0.769900 0.497700 0.018900 0.027400
7 0.860600 0.672100 0.017300 0.022800
7 0.865400 0.711000 0.020100 0.020700
7 0.427900 0.777900 0.012000 0.021100
7 0.315800 0.598800 0.013200 0.025000
7 0.412600 0.765100 0.011000 0.023600
7 0.358000 0.561400 0.014300 0.018800
7 0.288000 0.621500 0.013200 0.022900
7 0.374400 0.802000 0.011600 0.018500
7 0.359800 0.578000 0.013800 0.017900
7 0.876100 0.692400 0.014500 0.022600
7 0.361700 0.806000 0.011500 0.018400
7 0.523700 0.788000 0.011200 0.022000
7 0.335500 0.800200 0.012800 0.021500
7 0.491400 0.367300 0.012100 0.019400
7 0.303100 0.613700 0.012700 0.022600
7 0.573700 0.760700 0.010700 0.022100
7 0.817900 0.770200 0.014700 0.029000
6 0.534700 0.433000 0.033800 0.066100
6 0.726600 0.607500 0.047300 0.042900
6 0.701600 0.524800 0.046100 0.042200
6 0.911500 0.653700 0.053700 0.049500
6 0.733700 0.656700 0.043000 0.040800
6 0.555900 0.511100 0.038700 0.064300
5 0.486600 0.547400 0.016800 0.040600
5 0.264500 0.703300 0.028100 0.022200
0 0.555100 0.611100 0.065600 0.059000
0 0.656500 0.601600 0.061600 0.052700
0 0.479100 0.640300 0.065100 0.055000
0 0.240000 0.577000 0.065300 0.051400
0 0.046800 0.584500 0.074500 0.049400
5 0.722053 0.445769 0.008552 0.042908
5 0.706170 0.449344 0.007330 0.038141
5 0.695785 0.447557 0.007330 0.039333
5 0.688454 0.449940 0.007330 0.036949
5 0.680513 0.451728 0.006109 0.042908
5 0.670739 0.452324 0.007330 0.036949
5 0.660049 0.453516 0.006720 0.036949
5 0.652413 0.449940 0.006109 0.036949
5 0.644166 0.461263 0.012828 0.038141
5 0.612401 0.451132 0.014050 0.022646
5 0.592853 0.437426 0.020159 0.011919
5 0.555589 0.366508 0.010385 0.034565
6 0.177153 0.758045 0.032987 0.030989
6 0.213806 0.755066 0.039096 0.036949
6 0.369273 0.723480 0.038485 0.047676
6 0.412645 0.731228 0.038485 0.036949
6 0.459682 0.719309 0.040929 0.036949
6 0.580330 0.717521 0.039096 0.038141
6 0.626756 0.718117 0.032987 0.032181
6 0.927001 0.383194 0.036042 0.063170
4 0.339035 0.567342 0.025657 0.019070
4 0.545510 0.148987 0.028100 0.033373
4 0.602016 0.411800 0.027489 0.025030
7 0.525351 0.063170 0.009774 0.028605
7 0.522602 0.147795 0.010385 0.028605
7 0.454184 0.471990 0.007941 0.014303
7 0.455712 0.422527 0.009774 0.017878
7 0.441967 0.489273 0.007941 0.017878
7 0.544288 0.783075 0.009774 0.016687
7 0.559255 0.781883 0.006720 0.019070
7 0.554673 0.762813 0.007330 0.019070
7 0.562920 0.762217 0.009163 0.017878
7 0.480757 0.697259 0.006109 0.014303
7 0.621564 0.737783 0.009163 0.014303
7 0.962431 0.675805 0.017715 0.021454
5 0.332315 0.740763 0.021991 0.015495
7 0.095602 0.567938 0.012828 0.013111
3 0.166158 0.587604 0.080635 0.052443
1 0.549082 0.245378 0.031923 0.147899
4 0.571828 0.368067 0.019952 0.036975
6 0.468476 0.421008 0.019154 0.075630
7 0.488029 0.705882 0.008779 0.023529
6 0.741421 0.705882 0.041500 0.030252
6 0.697925 0.707563 0.043895 0.036975
