7 0.072100 0.831700 0.019600 0.025000
7 0.268500 0.602100 0.013800 0.027600
7 0.771700 0.477900 0.020300 0.020800
7 0.150500 0.512100 0.015200 0.023600
7 0.152600 0.534100 0.014300 0.020800
7 0.686700 0.750500 0.018200 0.023200
7 0.775800 0.695200 0.016300 0.028100
7 0.404200 0.771300 0.011400 0.021800
7 0.401000 0.685600 0.011600 0.020700
7 0.864700 0.692900 0.016100 0.023100
7 0.287000 0.593500 0.015400 0.026600
7 0.394800 0.753100 0.010900 0.018400
7 0.009900 0.609500 0.018000 0.021200
7 0.145900 0.828800 0.015700 0.021400
7 0.725400 0.734300 0.016500 0.027900
7 0.623500 0.752700 0.010900 0.027100
6 0.946900 0.533600 0.049600 0.063700
6 0.743300 0.656100 0.046100 0.041800
6 0.504100 0.183800 0.021800 0.088000
6 0.939800 0.451200 0.044200 0.060600
6 0.867900 0.449400 0.045500 0.039000
6 0.533900 0.423700 0.036100 0.070100
5 0.894400 0.596900 0.026800 0.033100
4 0.689400 0.563600 0.028800 0.026300
0 0.806900 0.550600 0.064000 0.057100
0 0.049000 0.574700 0.073700 0.050400
0 0.241000 0.569000 0.064400 0.048700
0 0.480600 0.419000 0.029300 0.126400
5 0.722267 0.442215 0.009577 0.040128
5 0.706305 0.447833 0.009577 0.038523
5 0.696728 0.447030 0.006385 0.033708
5 0.689545 0.448636 0.006385 0.036918
5 0.681564 0.448636 0.007981 0.033708
5 0.671588 0.451846 0.007183 0.036918
5 0.652434 0.451846 0.008779 0.036918
5 0.642857 0.458266 0.010375 0.030498
5 0.612131 0.449438 0.015962 0.022472
5 0.595371 0.432584 0.023943 0.017657
5 0.557462 0.371589 0.011971 0.043339
6 0.178375 0.748510 0.034209 0.035757
6 0.212889 0.747318 0.039707 0.035757
6 0.284362 0.731228 0.042150 0.034565
6 0.370800 0.723480 0.037874 0.059595
6 0.412034 0.727056 0.040929 0.038141
6 0.461210 0.713945 0.045205 0.035757
6 0.579414 0.715137 0.038485 0.038141
6 0.739768 0.706794 0.042761 0.030989
6 0.896762 0.666865 0.045205 0.044100
6 0.926390 0.384386 0.032376 0.063170
4 0.572999 0.368296 0.018326 0.040524
4 0.601710 0.410608 0.026878 0.022646
4 0.546732 0.149583 0.029322 0.027414
4 0.340867 0.560787 0.026878 0.020262
7 0.470373 0.181168 0.012217 0.019070
7 0.457544 0.446365 0.012217 0.025030
7 0.558033 0.774136 0.009163 0.025030
7 0.543067 0.777712 0.009774 0.017878
5 0.905620 0.624553 0.026268 0.014303
5 0.333232 0.733611 0.021381 0.010727
7 0.779780 0.404648 0.011607 0.020262
5 0.890654 0.418355 0.025657 0.023838
3 0.167379 0.578665 0.079414 0.053635
7 0.102627 0.989869 0.013439 0.015495
7 0.140806 0.990465 0.012828 0.014303
7 0.328039 0.954112 0.010996 0.015495
7 0.341784 0.982718 0.009163 0.020262
7 0.231827 0.781287 0.016494 0.020262
7 0.363470 0.895709 0.009774 0.017878
7 0.983812 0.091776 0.017715 0.016687
7 0.992059 0.112634 0.014661 0.029797
7 0.888821 0.704410 0.017104 0.021454
1 0.549880 0.242857 0.031923 0.146218
6 0.521149 0.705882 0.035116 0.036975
4 0.725459 0.580672 0.033520 0.025210
6 0.614525 0.526050 0.038308 0.040336
6 0.697127 0.705882 0.042298 0.036975
6 0.666800 0.646218 0.045491 0.038655
6 0.625698 0.714286 0.033520 0.033613
6 0.981644 0.683193 0.033520 0.035294
