7 0.483800 0.936100 0.015500 0.033700
7 0.328100 0.851600 0.018100 0.043600
7 0.426500 0.905900 0.014400 0.029900
7 0.456900 0.817500 0.014900 0.036600
7 0.501000 0.932700 0.012300 0.028000
7 0.264100 0.877400 0.017100 0.029500
4 0.175200 0.480700 0.043100 0.032800
4 0.016500 0.862500 0.028100 0.033100
4 0.717500 0.630700 0.042200 0.043400
0 0.447800 0.160900 0.046700 0.219900
0 0.058300 0.489900 0.108100 0.085800
5 0.819792 0.351609 0.010996 0.078665
5 0.803604 0.355185 0.012828 0.061979
5 0.789859 0.355185 0.012217 0.066746
5 0.775199 0.378427 0.010996 0.060787
5 0.763897 0.359356 0.011607 0.058403
5 0.746487 0.356973 0.010996 0.060787
5 0.733965 0.354589 0.012828 0.060787
5 0.718693 0.362932 0.017715 0.060787
5 0.670739 0.345650 0.030544 0.045292
5 0.638974 0.318236 0.034209 0.028605
5 0.581857 0.203218 0.018937 0.060787
6 0.609652 0.771156 0.065974 0.057211
6 0.681429 0.780095 0.056811 0.053635
6 0.864692 0.780095 0.078803 0.060787
6 0.830483 0.489273 0.075137 0.060787
6 0.520770 0.095352 0.040929 0.131108
5 0.020770 0.393325 0.039096 0.023838
7 0.929139 0.439809 0.040318 0.021454
7 0.837508 0.840882 0.031765 0.036949
7 0.974954 0.784267 0.035431 0.030989
7 0.948076 0.655542 0.029322 0.026222
7 0.962431 0.672825 0.026268 0.025030
7 0.968845 0.600715 0.031765 0.038141
7 0.984728 0.553039 0.028100 0.033373
4 0.594685 0.227056 0.033598 0.067938
4 0.634087 0.240763 0.041539 0.042908
4 0.652413 0.280691 0.045205 0.036949
7 0.542150 0.870083 0.012828 0.033373
7 0.564447 0.864720 0.014661 0.039333
7 0.200367 0.855781 0.020770 0.030989
7 0.167685 0.827175 0.023824 0.028605
7 0.924863 0.859952 0.014661 0.044100
7 0.926084 0.826579 0.013439 0.027414
7 0.725060 0.268908 0.015164 0.030252
