1 0.045400 0.533800 0.062300 0.050400
0 0.855500 0.538600 0.056800 0.044000
0 0.722900 0.530500 0.048700 0.042400
0 0.520500 0.325900 0.019500 0.079300
0 0.943600 0.608400 0.056000 0.040600
0 0.484400 0.234200 0.023700 0.091700
0 0.606400 0.520700 0.044300 0.039300
7 0.566241 0.449580 0.008779 0.021849
7 0.553472 0.354622 0.013567 0.026891
7 0.437350 0.640336 0.006385 0.020168
7 0.434956 0.548739 0.007981 0.018487
7 0.433759 0.152101 0.005587 0.018487
7 0.434158 0.138655 0.004789 0.015126
4 0.452514 0.915126 0.019154 0.035294
4 0.452913 0.960504 0.019952 0.035294
4 0.444533 0.259664 0.007981 0.038655
4 0.443735 0.221008 0.007981 0.038655
4 0.486034 0.373109 0.009577 0.043697
4 0.649242 0.500840 0.021548 0.020168
6 0.768156 0.540336 0.031125 0.031933
6 0.664006 0.526891 0.030327 0.035294
6 0.558659 0.574790 0.030327 0.040336
6 0.446927 0.758824 0.015962 0.055462
6 0.447725 0.310924 0.015962 0.067227
6 0.470870 0.352101 0.015962 0.052101
6 0.477654 0.100840 0.016760 0.057143
0 0.450120 0.037815 0.023943 0.075630
0 0.285714 0.550420 0.049481 0.038655
0 0.227055 0.549580 0.050279 0.040336
