6 0.537510 0.700000 0.031125 0.035294
7 0.608140 0.368908 0.011173 0.021849
7 0.972865 0.386555 0.011173 0.020168
7 0.961293 0.364706 0.015164 0.016807
7 0.963687 0.343697 0.011971 0.021849
7 0.962490 0.573950 0.012769 0.018487
7 0.412610 0.946218 0.009577 0.020168
7 0.421788 0.948739 0.008779 0.018487
7 0.788508 0.946218 0.006385 0.013445
7 0.791700 0.953782 0.009577 0.021849
6 0.473264 0.813445 0.017558 0.057143
6 0.471668 0.897479 0.017558 0.063866
6 0.982442 0.410084 0.031923 0.030252
6 0.782522 0.589916 0.032721 0.033613
5 0.946528 0.309244 0.007981 0.030252
4 0.489226 0.763025 0.009577 0.043697
