7 0.395500 0.864300 0.017100 0.038800
7 0.404900 0.893900 0.011100 0.028700
7 0.680200 0.877300 0.017200 0.033800
7 0.993200 0.323100 0.013900 0.025700
7 0.372600 0.913900 0.015800 0.033900
7 0.697300 0.805200 0.014000 0.022900
6 0.566700 0.459000 0.051900 0.117600
5 0.166600 0.771100 0.039900 0.034400
4 0.197100 0.546100 0.035900 0.031800
1 0.486900 0.653300 0.136600 0.089100
0 0.599800 0.078900 0.052200 0.158500
0 0.079700 0.558000 0.114800 0.085100
0 0.471800 0.209900 0.050500 0.208700
6 0.064753 0.770560 0.079414 0.070322
6 0.033293 0.849821 0.065363 0.066746
6 0.234575 0.641836 0.072083 0.063170
6 0.644777 0.818832 0.070250 0.059595
6 0.715944 0.830751 0.061087 0.052443
6 0.801161 0.769964 0.077581 0.057211
6 0.907147 0.823004 0.078192 0.058403
6 0.907453 0.632300 0.083690 0.072706
7 0.704948 0.901073 0.020770 0.030989
7 0.617288 0.904648 0.014050 0.026222
7 0.601405 0.896305 0.011607 0.035757
7 0.600489 0.923123 0.014661 0.036949
7 0.577276 0.920143 0.017104 0.030989
7 0.438302 0.327771 0.017715 0.026222
7 0.439829 0.182360 0.013439 0.026222
5 0.035736 0.460667 0.047037 0.022646
5 0.607208 0.244338 0.018326 0.050060
5 0.668296 0.358164 0.037874 0.017878
5 0.700061 0.382002 0.034209 0.041716
5 0.748015 0.399285 0.022602 0.066746
5 0.765119 0.388558 0.012828 0.069130
5 0.777337 0.392729 0.010385 0.072706
5 0.789249 0.392729 0.014661 0.063170
5 0.805742 0.405840 0.017104 0.072706
5 0.820403 0.384982 0.012217 0.066746
5 0.836286 0.386770 0.013439 0.072706
5 0.852779 0.385578 0.013439 0.070322
7 0.962431 0.451132 0.031155 0.029797
4 0.622480 0.274136 0.035431 0.054827
4 0.662187 0.282479 0.039096 0.040524
4 0.681735 0.322408 0.046426 0.044100
4 0.546732 0.270560 0.026878 0.090584
7 0.966097 0.895113 0.020159 0.040524
7 0.789705 0.297479 0.021548 0.020168
