1 0.076200 0.504800 0.090700 0.069500
0 0.485700 0.041100 0.026200 0.082100
0 0.468500 0.967600 0.030700 0.065300
0 0.485300 0.152100 0.025100 0.099400
5 0.421389 0.170588 0.011173 0.038655
7 0.415802 0.655462 0.009577 0.016807
7 0.340383 0.434454 0.007183 0.018487
7 0.569433 0.316807 0.015164 0.025210
7 0.559856 0.354622 0.008779 0.030252
6 0.431365 0.263866 0.021548 0.087395
6 0.466081 0.324370 0.019154 0.070588
6 0.496409 0.296639 0.020750 0.075630
6 0.431764 0.866387 0.020750 0.075630
4 0.504789 0.115966 0.011971 0.047059
4 0.038308 0.591597 0.030327 0.036975
4 0.069433 0.585714 0.019154 0.035294
4 0.426576 0.206723 0.008779 0.040336
0 0.134876 0.588235 0.067039 0.050420
1 0.529130 0.226891 0.028731 0.144538
7 0.570630 0.794958 0.012769 0.020168
3 0.879888 0.615966 0.085395 0.055462
