6 0.451000 0.448200 0.033800 0.078300
0 0.262900 0.542800 0.069000 0.051000
0 0.479800 0.290600 0.028700 0.117400
0 0.792800 0.540900 0.076700 0.059500
0 0.534100 0.956500 0.034000 0.083000
5 0.424182 0.181513 0.010375 0.043697
7 0.106145 0.445378 0.017558 0.023529
0 0.138468 0.601681 0.067837 0.050420
1 0.520750 0.142857 0.042298 0.188235
3 0.882682 0.622689 0.086193 0.055462
4 0.487630 0.929412 0.012769 0.053782
4 0.043496 0.607563 0.031125 0.038655
4 0.527933 0.709244 0.013567 0.057143
4 0.429769 0.219328 0.010375 0.038655
5 0.603751 0.483193 0.027933 0.021849
5 0.558260 0.714286 0.011971 0.050420
5 0.460495 0.099160 0.011173 0.047059
6 0.436153 0.875630 0.019952 0.077311
6 0.288109 0.609244 0.044693 0.035294
6 0.434158 0.274790 0.019154 0.085714
6 0.637271 0.515126 0.037510 0.045378
6 0.698324 0.529412 0.038308 0.043697
6 0.697925 0.600840 0.039106 0.045378
6 0.651237 0.580672 0.038308 0.045378
7 0.571828 0.329412 0.013567 0.030252
