7 0.368100 0.979200 0.016300 0.040000
7 0.311900 0.957200 0.017200 0.031300
7 0.725700 0.959200 0.019900 0.031400
7 0.330900 0.985000 0.017600 0.030100
7 0.943300 0.880600 0.030000 0.033800
7 0.543700 0.959800 0.016500 0.030600
0 0.956100 0.686000 0.086600 0.085900
5 0.800855 0.472586 0.009774 0.060787
5 0.785889 0.472586 0.010385 0.063170
5 0.771533 0.470203 0.009774 0.063170
5 0.755956 0.494636 0.016494 0.064362
5 0.729078 0.478546 0.011607 0.060787
5 0.704948 0.491061 0.018326 0.057211
5 0.655773 0.473182 0.027489 0.038141
5 0.626756 0.449940 0.035431 0.017878
5 0.568112 0.348033 0.017104 0.054827
6 0.203726 0.851013 0.066585 0.092968
6 0.332010 0.675805 0.058033 0.071514
6 0.419976 0.889750 0.059255 0.058403
6 0.610874 0.893325 0.062309 0.065554
6 0.679597 0.899881 0.053146 0.052443
6 0.791692 0.893921 0.068418 0.057211
6 0.861637 0.886174 0.069029 0.056019
6 0.857666 0.783075 0.078192 0.064362
4 0.554062 0.020858 0.046426 0.039333
4 0.580330 0.376043 0.026878 0.051251
4 0.620037 0.382002 0.034209 0.034565
4 0.638974 0.417759 0.040318 0.032181
4 0.178986 0.638260 0.042761 0.027414
7 0.976787 0.416567 0.021991 0.027414
7 0.302993 0.646603 0.020770 0.039333
7 0.279475 0.912992 0.018937 0.023838
7 0.299023 0.905244 0.020159 0.027414
7 0.899511 0.542908 0.027489 0.032181
7 0.779169 0.946365 0.015272 0.023838
7 0.117899 0.978546 0.029322 0.028605
7 0.108125 0.705602 0.026878 0.028605
7 0.744044 0.401669 0.013439 0.021454
0 0.067196 0.659714 0.107514 0.065554
5 0.027795 0.565554 0.044594 0.027414
1 0.558659 0.155462 0.046289 0.226891
6 0.569433 0.815966 0.064645 0.058824
