7 0.634700 0.117900 0.029400 0.044000
7 0.377400 0.766500 0.015100 0.043300
7 0.367800 0.700200 0.020700 0.036400
6 0.041200 0.452500 0.080900 0.071200
6 0.532300 0.825500 0.051400 0.120400
6 0.395100 0.045800 0.040300 0.087800
5 0.412500 0.383200 0.044100 0.039500
5 0.975700 0.451000 0.043700 0.026400
0 0.038700 0.563500 0.079400 0.086400
7 0.016361 0.631092 0.032721 0.028571
7 0.613727 0.874790 0.017558 0.042017
6 0.406624 0.905042 0.039106 0.122689
6 0.171588 0.400840 0.076616 0.072269
6 0.628891 0.560504 0.070231 0.102521
6 0.742219 0.499160 0.059058 0.067227
6 0.865922 0.456303 0.068635 0.058824
