7 0.529200 0.898200 0.018500 0.035200
7 0.489900 0.834800 0.013200 0.028100
7 0.450500 0.726200 0.019200 0.029800
6 0.877700 0.523800 0.063600 0.053600
6 0.573700 0.529000 0.056600 0.063200
4 0.630200 0.453000 0.041300 0.041900
0 0.731400 0.448700 0.101500 0.078700
5 0.754734 0.274136 0.010385 0.059595
5 0.781613 0.275924 0.010385 0.056019
5 0.838424 0.274732 0.009163 0.063170
5 0.824068 0.274136 0.010996 0.061979
5 0.810324 0.274732 0.010385 0.058403
5 0.794136 0.296186 0.014661 0.063170
5 0.766952 0.278308 0.011607 0.063170
5 0.741295 0.285459 0.017715 0.058403
5 0.692731 0.267580 0.024435 0.036949
5 0.663103 0.241955 0.033598 0.023838
5 0.607208 0.135280 0.017104 0.060787
6 0.047037 0.682360 0.072083 0.051251
6 0.114539 0.644815 0.075137 0.083433
6 0.621869 0.599523 0.065974 0.061979
6 0.638974 0.672825 0.059866 0.056019
6 0.708308 0.683552 0.053146 0.048868
6 0.704032 0.607271 0.064142 0.063170
6 0.788332 0.606079 0.072694 0.056019
6 0.817960 0.687128 0.067196 0.058403
6 0.887905 0.682956 0.067807 0.057211
6 0.864692 0.435042 0.077581 0.054827
6 0.882101 0.280095 0.061087 0.054827
6 0.886683 0.591776 0.078803 0.051251
7 0.781307 0.191895 0.014661 0.026222
4 0.619426 0.154946 0.026878 0.057211
4 0.657605 0.169845 0.037263 0.036949
4 0.676237 0.205602 0.042761 0.034565
4 0.213500 0.399881 0.047037 0.029797
7 0.278864 0.828963 0.018937 0.032181
7 0.572389 0.772348 0.013439 0.035757
7 0.594380 0.769368 0.014661 0.034565
7 0.964875 0.699642 0.031155 0.033373
7 0.942883 0.344458 0.032376 0.030989
7 0.965791 0.219309 0.028100 0.028605
7 0.866219 0.243743 0.020770 0.025030
7 0.387294 0.343266 0.010996 0.016687
7 0.464875 0.836710 0.013439 0.033373
0 0.103238 0.410608 0.106292 0.072706
5 0.063531 0.312872 0.042761 0.025030
7 0.442883 0.033373 0.008552 0.021454
7 0.747007 0.201681 0.019154 0.030252
6 0.450120 0.657983 0.057462 0.052101
