7 0.980900 0.359600 0.022800 0.031200
7 0.909400 0.605700 0.021600 0.023800
7 0.852600 0.586600 0.016700 0.027600
7 0.420900 0.737000 0.014300 0.024500
7 0.535200 0.361200 0.010500 0.023800
7 0.525900 0.709600 0.012700 0.020300
7 0.516700 0.728900 0.011500 0.019300
6 0.864200 0.417700 0.047900 0.042100
6 0.889400 0.635500 0.044700 0.050400
6 0.733900 0.594600 0.038700 0.039600
3 0.064600 0.684300 0.092300 0.056500
1 0.546200 0.200700 0.033600 0.148800
0 0.038400 0.519500 0.075100 0.052000
0 0.533800 0.424200 0.039400 0.104900
0 0.474500 0.372800 0.028600 0.124200
0 0.233100 0.519700 0.065200 0.051800
5 0.701117 0.411717 0.007183 0.040128
5 0.691141 0.412520 0.007981 0.035313
5 0.682761 0.411717 0.005587 0.033708
5 0.675579 0.409310 0.007183 0.038523
5 0.665603 0.414928 0.007981 0.040128
5 0.646449 0.411717 0.007981 0.040128
5 0.638069 0.418138 0.011971 0.030498
5 0.608540 0.408507 0.018356 0.024077
5 0.588188 0.391653 0.022346 0.016051
5 0.551077 0.326645 0.011971 0.040128
6 0.166768 0.697855 0.031765 0.034565
6 0.200977 0.696663 0.036652 0.034565
7 0.133170 0.774732 0.017104 0.016687
7 0.450214 0.396305 0.009774 0.017878
6 0.405315 0.641240 0.039707 0.042908
6 0.401955 0.679380 0.039096 0.033373
6 0.451436 0.672825 0.040318 0.039333
6 0.510996 0.666865 0.037263 0.041716
6 0.571472 0.672825 0.038485 0.036949
4 0.544288 0.108462 0.026878 0.030989
4 0.566891 0.326579 0.019548 0.038141
4 0.594685 0.372467 0.023824 0.022646
7 0.450519 0.286055 0.009163 0.019070
7 0.467013 0.182360 0.011607 0.021454
4 0.332010 0.514899 0.025046 0.019070
5 0.323152 0.687128 0.019548 0.017878
7 0.896457 0.681764 0.016494 0.016687
7 0.505192 0.715137 0.008552 0.019070
7 0.533598 0.734803 0.009163 0.015495
7 0.548259 0.734207 0.006720 0.023838
7 0.558644 0.723480 0.010385 0.014303
5 0.484728 0.659714 0.010385 0.060787
7 0.455101 0.125149 0.009774 0.019070
7 0.789859 0.361740 0.012217 0.015495
7 0.798412 0.398093 0.012217 0.023838
7 0.762370 0.436830 0.017104 0.015495
7 0.326817 0.829559 0.007330 0.021454
7 0.064753 0.936830 0.014661 0.019070
7 0.086744 0.940405 0.013439 0.016687
7 0.126145 0.944577 0.011607 0.022646
7 0.314600 0.617402 0.013439 0.014303
7 0.663103 0.700834 0.010385 0.021454
7 0.351252 0.849225 0.007330 0.020262
7 0.453268 0.362932 0.010996 0.017878
7 0.809407 0.711561 0.013439 0.016687
7 0.797801 0.692491 0.012217 0.021454
7 0.825901 0.646603 0.013439 0.017878
7 0.835675 0.674613 0.017104 0.019070
7 0.989310 0.218713 0.016494 0.022646
3 0.158021 0.527731 0.078212 0.057143
7 0.041500 0.563025 0.017558 0.023529
6 0.149242 0.622689 0.044693 0.038655
6 0.347167 0.646218 0.039904 0.048739
6 0.733440 0.669748 0.039904 0.031933
6 0.690343 0.668908 0.041500 0.040336
6 0.618117 0.673950 0.032721 0.033613
6 0.660016 0.575630 0.044693 0.038655
6 0.614924 0.584874 0.039106 0.036975
6 0.588986 0.541176 0.041500 0.040336
6 0.750998 0.490756 0.043097 0.043697
6 0.685156 0.486555 0.042298 0.038655
6 0.981245 0.654622 0.034318 0.035294
