7 0.056500 0.435800 0.014700 0.020500
7 0.070200 0.447500 0.020000 0.023500
7 0.565700 0.266500 0.012700 0.021800
6 0.180100 0.511700 0.043000 0.039700
1 0.239500 0.593700 0.090600 0.065100
0 0.132482 0.600000 0.068635 0.053782
3 0.897845 0.624370 0.089385 0.055462
4 0.432562 0.206723 0.009577 0.040336
4 0.067438 0.596639 0.021548 0.030252
4 0.033121 0.602521 0.029529 0.038655
6 0.436552 0.265546 0.020750 0.090756
6 0.503192 0.290756 0.019952 0.077311
6 0.614525 0.504202 0.041500 0.043697
6 0.438947 0.883193 0.020750 0.078992
7 0.578611 0.321008 0.015962 0.026891
7 0.416999 0.126050 0.007183 0.026891
6 0.472466 0.324370 0.019154 0.070588
