7 0.780100 0.886000 0.014900 0.024800
7 0.641000 0.895400 0.015300 0.032500
7 0.340200 0.511600 0.020400 0.031600
0 0.045000 0.563000 0.089300 0.082600
5 0.815211 0.408224 0.010385 0.065554
5 0.799328 0.410012 0.010385 0.064362
5 0.784973 0.407032 0.009774 0.056019
5 0.767563 0.430274 0.015272 0.066746
5 0.738241 0.412992 0.009163 0.060787
5 0.713195 0.423123 0.016494 0.054827
5 0.660660 0.404648 0.026268 0.032181
5 0.629505 0.374851 0.034820 0.022646
5 0.570250 0.260429 0.018937 0.060787
6 0.857666 0.427890 0.068418 0.078665
6 0.084301 0.710369 0.076970 0.057211
6 0.278864 0.719309 0.070250 0.051251
6 0.404093 0.824791 0.066585 0.052443
6 0.604459 0.843266 0.066585 0.058403
6 0.677459 0.852801 0.057422 0.053635
6 0.793525 0.851609 0.070861 0.058403
6 0.865608 0.851609 0.078192 0.058403
6 0.888516 0.770560 0.082468 0.060787
6 0.931888 0.613230 0.084911 0.065554
6 0.807880 0.691299 0.077581 0.069130
7 0.757178 0.325387 0.015272 0.021454
4 0.584301 0.289035 0.032376 0.048868
4 0.624924 0.299762 0.037874 0.034565
4 0.642944 0.337902 0.047037 0.039333
4 0.151191 0.554231 0.044594 0.028605
7 0.377214 0.474970 0.016494 0.029797
7 0.321014 0.513707 0.015272 0.023838
7 0.308186 0.891538 0.020159 0.035757
7 0.335370 0.952920 0.014661 0.032181
7 0.473732 0.864720 0.017715 0.044100
7 0.531155 0.921335 0.014050 0.035757
7 0.536347 0.951728 0.018326 0.027414
7 0.558033 0.941597 0.014050 0.045292
7 0.541845 0.898689 0.015883 0.030989
7 0.588577 0.910608 0.017715 0.028605
7 0.578497 0.882002 0.020770 0.026222
7 0.931888 0.467819 0.036042 0.020262
7 0.858888 0.457092 0.019548 0.025030
7 0.870800 0.904052 0.022602 0.039333
7 0.895541 0.898689 0.025657 0.033373
7 0.915699 0.921335 0.021991 0.033373
7 0.973732 0.833135 0.028100 0.038141
7 0.773977 0.773540 0.026878 0.028605
7 0.793830 0.773540 0.015272 0.023838
7 0.714685 0.329412 0.019952 0.026891
0 0.563448 0.089076 0.049481 0.171429
