7 0.425600 0.073000 0.009000 0.022800
6 0.482900 0.122900 0.017300 0.052700
1 0.042900 0.548800 0.062000 0.045700
1 0.618500 0.512800 0.061100 0.044700
0 0.225800 0.560100 0.051800 0.040300
0 0.739300 0.521500 0.051300 0.040600
0 0.944100 0.596900 0.054900 0.039300
0 0.445100 0.038600 0.022100 0.077500
7 0.551476 0.354622 0.012769 0.023529
7 0.581006 0.454622 0.011173 0.018487
7 0.772147 0.263025 0.007183 0.018487
7 0.994014 0.633613 0.010375 0.020168
7 0.208699 0.443697 0.010375 0.016807
7 0.431365 0.221849 0.007183 0.020168
4 0.453711 0.918487 0.019952 0.038655
4 0.455706 0.965546 0.019154 0.035294
4 0.440942 0.223529 0.008779 0.040336
4 0.441341 0.263025 0.007981 0.035294
0 0.284517 0.559664 0.047087 0.040336
0 0.521548 0.642857 0.023144 0.089076
0 0.499601 0.778151 0.020750 0.090756
4 0.485235 0.423529 0.011173 0.043697
6 0.444932 0.314286 0.016760 0.067227
6 0.448125 0.763025 0.015164 0.053782
6 0.678372 0.499160 0.031923 0.033613
6 0.756983 0.568908 0.031125 0.031933
6 0.871109 0.559664 0.029529 0.030252
4 0.971269 0.544538 0.022346 0.023529
4 0.479649 0.873109 0.009577 0.048739
6 0.454110 0.701681 0.019154 0.062185
5 0.899441 0.511765 0.017558 0.021849
