6 0.535116 0.700000 0.029529 0.031933
7 0.960096 0.349580 0.012769 0.023529
7 0.942139 0.815966 0.010375 0.018487
7 0.948923 0.818487 0.012769 0.016807
7 0.986832 0.729412 0.008779 0.016807
7 0.409018 0.942017 0.010375 0.021849
7 0.418595 0.947059 0.008779 0.015126
6 0.470870 0.811765 0.017558 0.060504
6 0.469274 0.895798 0.017558 0.060504
6 0.981245 0.412605 0.035914 0.031933
6 0.923783 0.677311 0.026337 0.060504
6 0.778532 0.592437 0.032721 0.031933
5 0.942139 0.314286 0.008779 0.026891
5 0.365922 0.568067 0.019952 0.016807
5 0.369513 0.621849 0.019154 0.020168
1 0.885874 0.677311 0.038308 0.107563
