7 0.483900 0.622500 0.013000 0.028300
7 0.472300 0.627800 0.013900 0.030800
7 0.686000 0.851600 0.016300 0.029100
7 0.273100 0.852200 0.020700 0.032500
7 0.427600 0.127900 0.015500 0.036500
0 0.069900 0.492500 0.111700 0.086800
0 0.579300 0.066500 0.051300 0.131400
0 0.457200 0.067800 0.054600 0.135800
5 0.733659 0.362336 0.008552 0.059595
5 0.817349 0.361144 0.009774 0.061979
5 0.802688 0.364124 0.009774 0.056019
5 0.788638 0.362932 0.010996 0.058403
5 0.771533 0.383790 0.012217 0.064362
5 0.761148 0.365912 0.010996 0.054827
5 0.744044 0.366508 0.009774 0.058403
5 0.718387 0.375447 0.017104 0.054827
5 0.670128 0.351609 0.030544 0.033373
5 0.639585 0.327175 0.032987 0.022646
5 0.582773 0.216925 0.017104 0.057211
6 0.802382 0.498212 0.073916 0.064362
6 0.846976 0.407628 0.067807 0.054827
6 0.843005 0.571514 0.079414 0.060787
6 0.862859 0.653159 0.072694 0.054827
6 0.860721 0.779499 0.072083 0.054827
6 0.680208 0.776520 0.055589 0.048868
6 0.610568 0.767580 0.066585 0.061979
7 0.974649 0.602503 0.016494 0.020262
7 0.989921 0.601907 0.017715 0.026222
7 0.944411 0.511919 0.030544 0.029797
7 0.978314 0.498808 0.031155 0.025030
7 0.918754 0.441597 0.031765 0.032181
4 0.596213 0.246126 0.032987 0.051251
4 0.635614 0.254470 0.036042 0.039333
4 0.653024 0.292014 0.047648 0.038141
4 0.185095 0.486293 0.040318 0.030989
7 0.175626 0.541120 0.026268 0.035757
7 0.406231 0.872467 0.018326 0.035757
7 0.961515 0.637664 0.025657 0.035757
7 0.939218 0.793206 0.032376 0.027414
7 0.697923 0.823004 0.017715 0.036949
7 0.574832 0.805125 0.020770 0.027414
7 0.567502 0.862932 0.014661 0.038141
7 0.546426 0.861740 0.014050 0.030989
7 0.493891 0.933850 0.012828 0.041716
5 0.033598 0.399285 0.043983 0.021454
7 0.917227 0.857569 0.017715 0.039333
7 0.720271 0.284874 0.013567 0.031933
