7 0.634700 0.134000 0.025700 0.043300
7 0.149000 0.632800 0.024100 0.032100
7 0.368900 0.708000 0.017900 0.027900
6 0.396700 0.051500 0.037200 0.100400
5 0.807900 0.448200 0.033700 0.031100
0 0.041300 0.575100 0.084200 0.088300
7 0.147247 0.662185 0.027933 0.023529
6 0.407422 0.911765 0.043895 0.126050
0 0.731045 0.524370 0.110136 0.077311
1 0.556265 0.784874 0.044693 0.201681
1 0.508380 0.228571 0.067039 0.393277
4 0.567837 0.043697 0.021548 0.087395
6 0.082602 0.456303 0.083799 0.065546
6 0.573823 0.299160 0.036712 0.121008
