7 0.634800 0.115900 0.026900 0.044500
7 0.266300 0.649300 0.019400 0.035400
7 0.360200 0.245200 0.015100 0.044200
6 0.692000 0.553400 0.070900 0.060000
6 0.764400 0.550300 0.071200 0.057400
6 0.844000 0.519900 0.080800 0.057500
6 0.963500 0.504500 0.070300 0.065300
5 0.623900 0.390400 0.045000 0.044200
4 0.444000 0.899200 0.016900 0.076500
0 0.038400 0.565300 0.078900 0.089300
0 0.563400 0.684700 0.050400 0.216900
6 0.393456 0.042857 0.038308 0.085714
7 0.366720 0.189916 0.019952 0.036975
6 0.406624 0.903361 0.039106 0.126050
0 0.464086 0.143697 0.048683 0.210084
0 0.503990 0.928571 0.043895 0.136134
6 0.735435 0.463025 0.072626 0.068908
6 0.442538 0.412605 0.029529 0.105882
