7 0.795000 0.508500 0.017300 0.031700
7 0.361600 0.569600 0.012800 0.018200
7 0.711400 0.739800 0.012500 0.025800
7 0.461700 0.762900 0.012000 0.021200
7 0.512200 0.782900 0.011400 0.021300
7 0.358400 0.550600 0.014600 0.020400
7 0.534300 0.741700 0.013000 0.021200
7 0.579200 0.319800 0.012000 0.027300
7 0.487400 0.698400 0.011400 0.024200
6 0.524400 0.387700 0.031400 0.066700
6 0.542400 0.477300 0.033600 0.063000
1 0.549300 0.238100 0.033100 0.150000
0 0.400700 0.628800 0.065800 0.056700
0 0.592500 0.590800 0.060900 0.065500
0 0.241900 0.563800 0.063400 0.047800
0 0.050000 0.569500 0.072300 0.048700
5 0.719609 0.437426 0.007330 0.033373
5 0.704032 0.442193 0.005498 0.035757
5 0.694563 0.442193 0.006109 0.030989
5 0.687538 0.442789 0.006720 0.034565
5 0.679291 0.446365 0.007330 0.036949
5 0.667990 0.447557 0.006720 0.039333
5 0.657911 0.446961 0.004887 0.035757
5 0.650886 0.443981 0.005498 0.034565
5 0.643555 0.451728 0.012828 0.033373
5 0.592547 0.429678 0.020770 0.013111
5 0.554368 0.359356 0.011607 0.032181
6 0.214417 0.740763 0.040318 0.034565
6 0.370189 0.710369 0.039096 0.040524
6 0.411423 0.716329 0.036042 0.035757
6 0.459682 0.705602 0.043372 0.033373
6 0.578192 0.705006 0.039707 0.036949
6 0.624924 0.707390 0.032987 0.032181
6 0.923030 0.377235 0.034209 0.060787
6 0.981979 0.674613 0.033598 0.035757
6 0.474343 0.281287 0.021381 0.073897
7 0.767563 0.494636 0.014050 0.019070
5 0.484728 0.533373 0.012828 0.044100
4 0.544899 0.143623 0.028100 0.029797
4 0.571472 0.359952 0.016494 0.033373
4 0.600794 0.404052 0.025046 0.021454
4 0.339951 0.553635 0.023824 0.020262
7 0.423946 0.525626 0.010996 0.016687
7 0.428833 0.544696 0.012217 0.019070
7 0.444105 0.517282 0.013439 0.016687
7 0.439829 0.497616 0.010996 0.017878
7 0.541845 0.768772 0.009774 0.014303
7 0.557728 0.766985 0.008552 0.020262
7 0.560476 0.752682 0.009163 0.013111
7 0.568112 0.754470 0.008552 0.019070
7 0.553146 0.731824 0.010385 0.016687
7 0.624007 0.724076 0.009163 0.013111
7 0.482285 0.685340 0.009163 0.014303
7 0.785583 0.685340 0.017104 0.016687
7 0.778253 0.699046 0.015883 0.017878
7 0.811546 0.730632 0.015272 0.019070
7 0.959988 0.668057 0.015272 0.017878
7 0.918754 0.612038 0.019548 0.020262
5 0.334148 0.727056 0.018326 0.011919
7 0.096823 0.552443 0.012828 0.015495
7 0.103543 0.983909 0.010385 0.020262
7 0.968235 0.292014 0.009774 0.023838
5 0.612131 0.444538 0.019154 0.021849
7 0.588986 0.357983 0.011173 0.026891
3 0.168396 0.574790 0.076616 0.050420
6 0.179170 0.740336 0.031125 0.031933
6 0.697127 0.698319 0.042298 0.031933
6 0.739824 0.696639 0.038308 0.028571
6 0.728651 0.648739 0.043097 0.040336
6 0.697127 0.598319 0.047087 0.040336
6 0.696728 0.517647 0.044693 0.040336
6 0.865922 0.656303 0.047885 0.038655
6 0.982043 0.271429 0.024741 0.058824
