0 0.286700 0.551400 0.049400 0.037800
0 0.836400 0.537000 0.056200 0.046400
0 0.721200 0.530300 0.048400 0.040600
0 0.941900 0.608100 0.055600 0.039800
0 0.572300 0.525400 0.050400 0.041500
0 0.484300 0.238100 0.023300 0.089800
0 0.520500 0.346300 0.019300 0.077400
0 0.519200 0.086400 0.022000 0.092100
7 0.565842 0.451261 0.007981 0.021849
7 0.552275 0.355462 0.014366 0.025210
7 0.679968 0.614286 0.007981 0.018487
7 0.429370 0.504202 0.007981 0.020168
7 0.439346 0.678151 0.007183 0.025210
7 0.434158 0.131933 0.004789 0.011765
7 0.434158 0.122689 0.004789 0.013445
4 0.452514 0.913445 0.019154 0.038655
4 0.453312 0.959664 0.019154 0.033613
4 0.444533 0.220168 0.009577 0.040336
4 0.444932 0.260504 0.008779 0.036975
6 0.447725 0.757983 0.015962 0.053782
6 0.523943 0.603361 0.029529 0.053782
6 0.644852 0.528571 0.030327 0.031933
6 0.766560 0.540336 0.031125 0.031933
6 0.448125 0.310084 0.015164 0.068908
6 0.470471 0.352941 0.016760 0.053782
4 0.623304 0.500840 0.022346 0.023529
4 0.486433 0.371429 0.008779 0.047059
0 0.450120 0.040336 0.023943 0.077311
6 0.477255 0.128571 0.017558 0.055462
1 0.047486 0.532773 0.061453 0.047059
0 0.228651 0.548739 0.050279 0.042017
