0 0.365000 0.457200 0.051200 0.045200
6 0.537510 0.699160 0.031125 0.036975
7 0.979649 0.354622 0.010375 0.023529
7 0.641261 0.564706 0.008779 0.020168
7 0.407422 0.947059 0.008779 0.015126
7 0.416999 0.945378 0.008779 0.021849
7 0.800080 0.631092 0.011971 0.015126
7 0.804469 0.629412 0.007981 0.011765
6 0.469274 0.810924 0.017558 0.058824
6 0.467279 0.898319 0.019952 0.065546
5 0.962091 0.317647 0.007183 0.026891
6 0.737031 0.424370 0.037510 0.035294
0 0.452514 0.470588 0.051077 0.040336
6 0.480846 0.402521 0.026337 0.058824
