7 0.761200 0.497200 0.017600 0.022600
7 0.164900 0.779300 0.015200 0.019800
7 0.202600 0.796200 0.015300 0.017100
7 0.363100 0.800700 0.012300 0.026200
7 0.676600 0.731000 0.014100 0.020200
7 0.588100 0.759800 0.010900 0.020400
7 0.779200 0.710300 0.016900 0.025100
7 0.508700 0.830700 0.011400 0.022700
7 0.510200 0.772900 0.011700 0.022200
7 0.462700 0.127300 0.009900 0.023400
7 0.449400 0.763400 0.010800 0.020100
7 0.716400 0.757100 0.014200 0.021400
7 0.793900 0.699200 0.015100 0.027800
6 0.055400 0.680400 0.050800 0.044300
6 0.895700 0.557400 0.048400 0.041000
6 0.587000 0.500500 0.036500 0.048400
6 0.855500 0.456600 0.048000 0.039700
6 0.474900 0.296200 0.020700 0.072000
6 0.685700 0.690800 0.043400 0.048800
5 0.771100 0.641000 0.027800 0.026700
3 0.076200 0.739600 0.090300 0.059700
0 0.048100 0.576000 0.073900 0.050200
0 0.475100 0.423200 0.028300 0.122300
0 0.238500 0.572800 0.065400 0.049600
5 0.696396 0.453516 0.008552 0.039333
5 0.688149 0.451728 0.006720 0.035757
5 0.681735 0.445173 0.006109 0.032181
5 0.672877 0.448153 0.007941 0.033373
5 0.662187 0.456496 0.007330 0.045292
5 0.651191 0.452324 0.008552 0.039333
5 0.643861 0.453516 0.007330 0.039333
5 0.634392 0.460072 0.014050 0.030989
5 0.605987 0.454112 0.018326 0.023838
5 0.587966 0.438617 0.023824 0.014303
5 0.673982 0.477528 0.010375 0.027287
6 0.175626 0.747914 0.031155 0.032181
6 0.211668 0.747318 0.040929 0.035757
7 0.350031 0.901073 0.008552 0.016687
7 0.357666 0.895709 0.006720 0.015495
7 0.335370 0.936234 0.008552 0.017878
7 0.551008 0.773540 0.008552 0.021454
7 0.536958 0.774732 0.009774 0.019070
7 0.688454 0.745530 0.009774 0.020262
7 0.706781 0.740167 0.009774 0.021454
6 0.977092 0.685936 0.042150 0.036949
6 0.731521 0.705006 0.037263 0.027414
6 0.618815 0.714541 0.032987 0.034565
6 0.406231 0.725268 0.037874 0.039333
6 0.558949 0.594756 0.043983 0.057211
6 0.569029 0.662098 0.042150 0.036949
6 0.454795 0.714541 0.040929 0.034565
7 0.456933 0.424911 0.008552 0.020262
7 0.443189 0.445769 0.006720 0.016687
7 0.437691 0.474970 0.007941 0.015495
7 0.425473 0.517282 0.009163 0.016687
7 0.405925 0.534565 0.007941 0.010727
4 0.337202 0.563170 0.026878 0.020262
4 0.539707 0.155542 0.027489 0.025030
4 0.594075 0.420739 0.027489 0.026222
5 0.549786 0.374255 0.010996 0.035757
4 0.255651 0.731228 0.027489 0.027414
5 0.329566 0.733611 0.017715 0.013111
7 0.672877 0.497616 0.009163 0.013111
7 0.679597 0.508343 0.011607 0.015495
7 0.738546 0.748510 0.014661 0.023838
7 0.954795 0.631704 0.020770 0.023838
3 0.165547 0.583433 0.075748 0.053635
7 0.924557 0.733015 0.009163 0.016687
7 0.450214 0.230036 0.007330 0.021454
4 0.565044 0.373109 0.020750 0.036975
1 0.543895 0.251261 0.031125 0.146218
6 0.572227 0.711765 0.038308 0.038655
