4 0.199200 0.486200 0.026700 0.020400
1 0.341100 0.506100 0.062500 0.043800
0 0.600400 0.510300 0.053300 0.044000
0 0.944700 0.585800 0.053800 0.040800
0 0.679600 0.515800 0.042400 0.039500
0 0.524200 0.308800 0.022800 0.096000
0 0.485800 0.159100 0.019500 0.083900
7 0.038707 0.559664 0.010375 0.020168
7 0.544294 0.322689 0.009577 0.016807
7 0.553073 0.345378 0.011173 0.021849
7 0.712291 0.589076 0.010375 0.015126
4 0.458500 0.909244 0.016760 0.033613
4 0.457702 0.956303 0.019952 0.030252
4 0.443336 0.252941 0.008779 0.035294
4 0.442538 0.215126 0.008779 0.040336
4 0.444533 0.178992 0.009577 0.042017
0 0.884677 0.578992 0.048683 0.042017
0 0.229050 0.550420 0.051077 0.038655
0 0.514366 0.179832 0.023144 0.094118
1 0.047486 0.540336 0.063049 0.045378
1 0.027534 0.470588 0.055068 0.043697
0 0.480048 0.060504 0.021548 0.084034
0 0.287709 0.549580 0.047087 0.036975
3 0.518356 0.058824 0.024741 0.117647
3 0.727853 0.569748 0.059058 0.040336
4 0.482841 0.252941 0.009577 0.042017
6 0.447326 0.303361 0.016760 0.065546
6 0.484836 0.346218 0.016760 0.057143
6 0.136872 0.463025 0.037510 0.031933
6 0.428970 0.480672 0.027933 0.030252
6 0.458101 0.690756 0.017558 0.053782
6 0.450519 0.751261 0.015164 0.053782
0 0.446129 0.035294 0.022346 0.070588
