6 0.481700 0.031300 0.022200 0.058400
0 0.497700 0.543300 0.027400 0.103200
0 0.493700 0.349000 0.029300 0.111200
5 0.420990 0.171429 0.010375 0.043697
7 0.413408 0.289076 0.007981 0.020168
7 0.567837 0.320168 0.016760 0.028571
7 0.570231 0.763866 0.011971 0.025210
6 0.659617 0.512605 0.039106 0.036975
6 0.476856 0.776471 0.021548 0.070588
6 0.501197 0.870588 0.022346 0.080672
6 0.431764 0.868067 0.020750 0.075630
4 0.427773 0.210924 0.009577 0.038655
4 0.529130 0.588235 0.011173 0.050420
4 0.082602 0.571429 0.029529 0.030252
4 0.039505 0.594118 0.031125 0.038655
6 0.430567 0.266387 0.019952 0.078992
3 0.879489 0.616807 0.086193 0.057143
1 0.540303 0.804202 0.035116 0.159664
0 0.133679 0.590756 0.067837 0.048739
