0 0.478200 0.261400 0.022500 0.091900
6 0.533919 0.700000 0.030327 0.035294
7 0.963288 0.415966 0.015962 0.015126
7 0.959697 0.352941 0.008779 0.023529
7 0.939745 0.877311 0.005587 0.016807
7 0.945730 0.885714 0.009577 0.026891
7 0.027933 0.276471 0.012769 0.018487
7 0.409018 0.942857 0.010375 0.023529
7 0.417797 0.947899 0.008779 0.016807
6 0.470072 0.813445 0.017558 0.060504
6 0.468476 0.896639 0.019154 0.062185
6 0.979649 0.417647 0.039106 0.035294
6 0.778532 0.594958 0.032721 0.030252
5 0.941740 0.315126 0.007981 0.035294
