7 0.160300 0.434200 0.014100 0.015300
3 0.725300 0.572200 0.059800 0.043400
0 0.651200 0.515000 0.041600 0.038800
0 0.286400 0.551800 0.050000 0.037500
0 0.588100 0.511300 0.051900 0.041100
0 0.943000 0.586800 0.054500 0.038400
0 0.862000 0.525500 0.049100 0.040000
0 0.492300 0.670500 0.022800 0.086400
0 0.882700 0.581700 0.050400 0.043700
0 0.529100 0.895700 0.023500 0.101800
0 0.481300 0.086800 0.019700 0.086400
7 0.050279 0.568067 0.012769 0.023529
7 0.551476 0.344538 0.012769 0.020168
7 0.538707 0.156303 0.011173 0.016807
7 0.709896 0.589076 0.011971 0.011765
4 0.456903 0.908403 0.016760 0.038655
4 0.455307 0.957143 0.021548 0.031933
4 0.441740 0.256303 0.008779 0.035294
4 0.441341 0.215966 0.007981 0.038655
4 0.443735 0.180672 0.007981 0.045378
0 0.476856 0.263025 0.019952 0.085714
0 0.228252 0.551261 0.049481 0.040336
0 0.522346 0.627731 0.019952 0.085714
1 0.046289 0.541176 0.062251 0.043697
0 0.444932 0.035294 0.023144 0.070588
3 0.522745 0.447059 0.025539 0.110924
4 0.594573 0.555462 0.022346 0.025210
4 0.486832 0.899160 0.011173 0.040336
6 0.723464 0.525210 0.031125 0.028571
6 0.446129 0.304202 0.015962 0.067227
6 0.456903 0.689916 0.016760 0.055462
6 0.449322 0.753782 0.015962 0.055462
