6 0.468400 0.908000 0.015000 0.067300
0 0.503700 0.218800 0.022500 0.102100
6 0.537510 0.708403 0.032721 0.035294
7 0.973663 0.398319 0.015962 0.020168
7 0.978053 0.369748 0.011971 0.026891
7 0.407023 0.954622 0.009577 0.016807
7 0.415004 0.955462 0.009577 0.015126
7 0.802474 0.642017 0.008779 0.013445
7 0.799282 0.647059 0.011971 0.013445
6 0.469274 0.821008 0.019154 0.062185
5 0.960096 0.333613 0.006385 0.025210
6 0.399042 0.583193 0.033520 0.030252
4 0.871508 0.499160 0.030327 0.020168
1 0.766161 0.495798 0.068635 0.043697
