0 0.938700 0.585200 0.053600 0.040000
0 0.586400 0.510200 0.052100 0.042300
0 0.649400 0.513800 0.043000 0.038800
0 0.522500 0.310300 0.022000 0.096300
0 0.484400 0.163200 0.020200 0.083800
0 0.445500 0.037800 0.021800 0.076400
7 0.041500 0.561345 0.014366 0.016807
7 0.547087 0.143697 0.010375 0.018487
7 0.550279 0.347059 0.010375 0.018487
7 0.706704 0.588235 0.008779 0.016807
4 0.457302 0.904202 0.015962 0.036975
4 0.455307 0.950420 0.021548 0.031933
4 0.441740 0.257143 0.007183 0.036975
4 0.441341 0.216807 0.009577 0.040336
4 0.444533 0.183193 0.009577 0.050420
0 0.512370 0.184034 0.023943 0.092437
0 0.879090 0.578992 0.048683 0.042017
0 0.288109 0.549580 0.047885 0.040336
0 0.229449 0.550420 0.050279 0.038655
1 0.049880 0.540336 0.061453 0.045378
3 0.515962 0.060504 0.023144 0.117647
3 0.723065 0.569748 0.059058 0.040336
4 0.481245 0.253782 0.009577 0.040336
4 0.602554 0.554622 0.022346 0.023529
6 0.446129 0.303361 0.015962 0.065546
6 0.482442 0.349580 0.016760 0.057143
6 0.456504 0.686555 0.017558 0.055462
6 0.449721 0.749580 0.015164 0.053782
6 0.078611 0.457983 0.035914 0.028571
0 0.479250 0.063866 0.021548 0.084034
