3 0.723300 0.575800 0.062200 0.039200
0 0.939800 0.593000 0.055100 0.039900
0 0.515200 0.205400 0.021900 0.089700
0 0.516700 0.331800 0.022000 0.091500
0 0.473800 0.358800 0.020600 0.070200
0 0.517400 0.099300 0.022700 0.091300
7 0.055068 0.572269 0.014366 0.018487
7 0.342378 0.585714 0.009577 0.021849
7 0.551476 0.352101 0.012769 0.021849
7 0.546688 0.621849 0.009577 0.016807
7 0.694334 0.576471 0.012769 0.020168
4 0.457302 0.910084 0.017558 0.042017
4 0.456903 0.956303 0.019952 0.033613
4 0.443336 0.261345 0.008779 0.035294
4 0.442139 0.221008 0.007981 0.038655
4 0.444932 0.186555 0.008779 0.040336
7 0.432163 0.185714 0.008779 0.018487
0 0.880287 0.586555 0.047885 0.040336
0 0.288109 0.554622 0.047885 0.036975
0 0.230646 0.554622 0.049481 0.036975
0 0.446528 0.040336 0.021548 0.080672
1 0.050678 0.542017 0.063049 0.045378
6 0.478452 0.257143 0.015164 0.053782
6 0.446528 0.310084 0.016760 0.065546
6 0.112530 0.472269 0.035116 0.030252
6 0.456105 0.693277 0.018356 0.055462
6 0.450918 0.756303 0.015962 0.057143
6 0.520750 0.757143 0.016760 0.052101
6 0.486433 0.965546 0.015164 0.062185
