4 0.463500 0.030000 0.013000 0.047100
1 0.204600 0.610700 0.092100 0.065700
0 0.118600 0.616500 0.066500 0.050900
7 0.563847 0.328571 0.015164 0.031933
7 0.395052 0.504202 0.012769 0.030252
6 0.457302 0.108403 0.023943 0.075630
6 0.427773 0.133613 0.025539 0.085714
6 0.421389 0.275630 0.020750 0.087395
6 0.562650 0.621849 0.038308 0.060504
6 0.426576 0.896639 0.019952 0.082353
6 0.091780 0.521849 0.051077 0.042017
3 0.885874 0.626050 0.087789 0.058824
4 0.416600 0.214286 0.011173 0.038655
4 0.051875 0.615966 0.017558 0.031933
4 0.017558 0.623529 0.035116 0.040336
0 0.304070 0.608403 0.067039 0.057143
