7 0.377500 0.759800 0.018500 0.040400
7 0.811200 0.638000 0.018500 0.031900
7 0.339600 0.494900 0.017500 0.034800
7 0.363200 0.657000 0.017800 0.024500
6 0.431300 0.109500 0.033800 0.127800
0 0.038300 0.555000 0.077800 0.086500
7 0.633679 0.103361 0.028731 0.042017
7 0.342777 0.646218 0.016760 0.031933
7 0.924581 0.386555 0.029529 0.036975
7 0.636472 0.306723 0.019952 0.031933
7 0.348763 0.320168 0.014366 0.028571
6 0.407023 0.896639 0.038308 0.122689
6 0.828412 0.455462 0.078212 0.067227
6 0.950918 0.542857 0.082203 0.070588
1 0.550279 0.109244 0.066241 0.218487
