7 0.429500 0.891200 0.018900 0.032700
7 0.336000 0.729600 0.017600 0.041400
7 0.347300 0.924900 0.017500 0.034400
7 0.952100 0.486600 0.018100 0.025300
7 0.209500 0.526400 0.016500 0.032900
6 0.527700 0.396500 0.040700 0.099200
6 0.525500 0.719500 0.057400 0.068400
0 0.483100 0.610000 0.101600 0.095500
0 0.061800 0.552100 0.112200 0.080800
5 0.794746 0.415971 0.010996 0.061979
5 0.780391 0.417163 0.009163 0.057211
5 0.766646 0.418355 0.009774 0.057211
5 0.749236 0.432658 0.015272 0.066746
5 0.722358 0.419547 0.009163 0.057211
5 0.697923 0.429082 0.017715 0.052443
5 0.650275 0.411204 0.026268 0.033373
5 0.620953 0.383194 0.032376 0.020262
5 0.565058 0.281883 0.014661 0.060787
5 0.680513 0.478546 0.040318 0.029797
6 0.463958 0.108462 0.032376 0.116806
6 0.408064 0.804529 0.058644 0.059595
6 0.594075 0.817044 0.064142 0.056019
6 0.664020 0.833731 0.052535 0.053635
6 0.771839 0.828367 0.069029 0.059595
6 0.839951 0.830155 0.073305 0.056019
6 0.701283 0.622765 0.070861 0.070322
6 0.837813 0.429678 0.061698 0.053635
6 0.791998 0.740167 0.071472 0.057211
1 0.560476 0.095948 0.047037 0.187128
7 0.739768 0.337902 0.012217 0.020262
7 0.921503 0.818832 0.029933 0.030989
7 0.896457 0.490465 0.027489 0.022646
7 0.916921 0.496424 0.018326 0.015495
7 0.931888 0.498808 0.018937 0.022646
7 0.347587 0.491657 0.014661 0.013111
5 0.518632 0.174017 0.015883 0.078665
4 0.576359 0.303933 0.027489 0.061979
4 0.616677 0.314064 0.033598 0.036949
4 0.635308 0.349225 0.043983 0.035757
4 0.175015 0.548272 0.042150 0.021454
7 0.267868 0.671633 0.017715 0.027414
7 0.653024 0.779499 0.023213 0.035757
7 0.689982 0.904052 0.017715 0.029797
7 0.697923 0.888558 0.012828 0.027414
7 0.714111 0.904052 0.017104 0.025030
7 0.716249 0.876043 0.015272 0.040524
7 0.739462 0.865316 0.018937 0.033373
7 0.532071 0.912992 0.013439 0.028605
7 0.551924 0.913588 0.012828 0.041716
7 0.814600 0.462455 0.017715 0.023838
7 0.422724 0.365912 0.015883 0.030989
7 0.875382 0.902861 0.017104 0.044100
5 0.024130 0.460667 0.042150 0.025030
7 0.700319 0.342857 0.015164 0.023529
