6 0.535116 0.699160 0.031125 0.033613
7 0.970870 0.398319 0.015164 0.016807
7 0.463687 0.057143 0.009577 0.026891
7 0.971269 0.367227 0.011173 0.021849
7 0.947326 0.942857 0.014366 0.020168
7 0.430966 0.918487 0.011173 0.025210
7 0.412610 0.938655 0.007981 0.015126
6 0.467678 0.809244 0.019154 0.058824
6 0.464884 0.894958 0.018356 0.062185
6 0.985235 0.434454 0.027933 0.028571
6 0.784517 0.603361 0.033520 0.030252
4 0.938148 0.569748 0.024741 0.020168
0 0.901836 0.754622 0.025539 0.087395
5 0.954908 0.331092 0.007183 0.033613
7 0.942937 0.940336 0.010375 0.015126
