7 0.516300 0.353400 0.020300 0.034700
7 0.513400 0.797100 0.019500 0.037700
7 0.602300 0.841400 0.014400 0.029100
7 0.605000 0.879100 0.017700 0.024800
7 0.944500 0.407500 0.018200 0.027400
7 0.931200 0.387800 0.022700 0.027500
7 0.599300 0.864000 0.014200 0.020200
6 0.582100 0.441800 0.061900 0.083900
4 0.171700 0.518900 0.041100 0.028700
0 0.436500 0.210100 0.046100 0.206100
0 0.058900 0.526100 0.107500 0.083000
5 0.796579 0.397497 0.010996 0.067938
5 0.782529 0.396305 0.009774 0.060787
5 0.768173 0.396901 0.010385 0.057211
5 0.751680 0.421335 0.010385 0.063170
5 0.740379 0.401669 0.008552 0.052443
5 0.725107 0.400477 0.008552 0.061979
5 0.714417 0.395113 0.007941 0.060787
5 0.698839 0.407032 0.018326 0.058403
5 0.651802 0.390942 0.029322 0.033373
5 0.622175 0.364124 0.033598 0.020262
5 0.564753 0.252682 0.015272 0.052443
6 0.591326 0.800954 0.064753 0.059595
6 0.660965 0.811085 0.053757 0.048868
6 0.838119 0.814660 0.074527 0.058403
7 0.907453 0.351013 0.031155 0.032181
7 0.599878 0.264601 0.012217 0.019070
7 0.601100 0.283671 0.010996 0.016687
7 0.897373 0.477950 0.028100 0.023838
7 0.526268 0.891538 0.012828 0.033373
7 0.548259 0.893325 0.016494 0.036949
7 0.442578 0.891538 0.015272 0.035757
7 0.413867 0.948749 0.015272 0.030989
7 0.019853 0.905840 0.033598 0.030989
7 0.012523 0.879023 0.025046 0.029797
4 0.575443 0.284267 0.029322 0.044100
4 0.618815 0.294398 0.037874 0.035757
4 0.634087 0.328367 0.042761 0.032181
7 0.978009 0.856377 0.023213 0.032181
5 0.022908 0.430870 0.042150 0.022646
7 0.893708 0.890346 0.017104 0.042908
7 0.704310 0.315126 0.015164 0.031933
1 0.559856 0.083193 0.048683 0.166387
