7 0.841100 0.564900 0.015300 0.022500
7 0.442500 0.748900 0.011200 0.020300
7 0.797700 0.451000 0.016400 0.022100
7 0.804800 0.493400 0.014800 0.022200
7 0.822900 0.526800 0.013600 0.022200
7 0.468700 0.096700 0.012900 0.021400
7 0.370100 0.775800 0.009900 0.020000
6 0.888800 0.644000 0.043400 0.047600
6 0.863700 0.430500 0.047600 0.042800
5 0.508300 0.539300 0.019100 0.051200
4 0.993100 0.217900 0.014700 0.060400
3 0.073700 0.697500 0.091900 0.058500
0 0.477700 0.388500 0.029000 0.123700
0 0.238600 0.533000 0.065500 0.051700
0 0.047100 0.533100 0.074900 0.052700
0 0.502800 0.194100 0.025600 0.113400
5 0.701516 0.426164 0.006385 0.036918
5 0.692338 0.423756 0.007183 0.035313
5 0.683958 0.422151 0.007981 0.038523
5 0.675579 0.424559 0.007183 0.036918
5 0.666401 0.426966 0.007981 0.041734
5 0.648045 0.426966 0.007981 0.038523
5 0.638468 0.430177 0.011173 0.032103
5 0.609737 0.420546 0.017558 0.022472
5 0.552674 0.345907 0.008779 0.046549
5 0.591780 0.405297 0.021548 0.017657
7 0.255651 0.735995 0.014050 0.015495
7 0.431582 0.471395 0.009163 0.013111
7 0.386072 0.529201 0.009774 0.014303
7 0.364386 0.548272 0.010385 0.019070
4 0.337202 0.528010 0.025657 0.019070
6 0.980757 0.666865 0.037263 0.039333
6 0.457544 0.682956 0.042761 0.040524
6 0.417227 0.650179 0.039096 0.044100
6 0.406536 0.690703 0.038485 0.039333
6 0.508247 0.594756 0.039096 0.033373
6 0.620037 0.684744 0.032987 0.036949
6 0.692120 0.678784 0.039096 0.036949
4 0.545205 0.121573 0.028711 0.028605
4 0.569029 0.338498 0.018937 0.035757
4 0.596823 0.383790 0.028100 0.023838
7 0.594991 0.338498 0.010996 0.016687
7 0.454184 0.297974 0.009163 0.016687
7 0.486866 0.006555 0.010996 0.013111
5 0.327734 0.699046 0.020159 0.017878
7 0.897984 0.691895 0.009774 0.010727
7 0.892792 0.684744 0.015272 0.013111
7 0.881796 0.675209 0.014050 0.015495
7 0.664936 0.708582 0.010385 0.017878
7 0.731216 0.719309 0.013439 0.017878
7 0.763286 0.473778 0.014050 0.013111
7 0.782529 0.532181 0.012217 0.020262
7 0.782529 0.557211 0.014661 0.020262
7 0.793219 0.563766 0.012828 0.016687
7 0.805131 0.558403 0.013439 0.015495
7 0.563225 0.735399 0.009774 0.019070
7 0.552535 0.743147 0.007941 0.020262
7 0.537569 0.744934 0.008552 0.016687
7 0.620037 0.726460 0.008552 0.015495
7 0.632560 0.719905 0.010385 0.016687
7 0.134392 0.952920 0.014661 0.020262
7 0.096823 0.951132 0.012828 0.016687
7 0.414478 0.489273 0.007941 0.015495
7 0.357056 0.857569 0.010385 0.025030
7 0.447159 0.287247 0.007330 0.021454
1 0.548284 0.214286 0.033520 0.146218
6 0.203512 0.629412 0.039904 0.038655
3 0.164405 0.541176 0.078212 0.053782
6 0.209497 0.707563 0.040702 0.033613
6 0.174781 0.707563 0.031923 0.026891
6 0.569433 0.435294 0.034318 0.053782
6 0.573424 0.680672 0.039106 0.036975
6 0.514765 0.673950 0.035116 0.036975
6 0.358340 0.659664 0.039904 0.042017
6 0.656824 0.482353 0.043097 0.036975
6 0.708300 0.608403 0.040702 0.036975
6 0.660814 0.584034 0.043097 0.038655
6 0.735036 0.678151 0.038308 0.028571
