7 0.026200 0.818000 0.019000 0.025300
7 0.147500 0.514800 0.015500 0.024500
7 0.770600 0.487600 0.015900 0.018800
7 0.168200 0.523000 0.015600 0.024600
7 0.342600 0.619200 0.016300 0.022900
7 0.408400 0.548900 0.012000 0.022700
7 0.816300 0.462300 0.020700 0.024200
7 0.551900 0.751400 0.010500 0.024200
6 0.337200 0.672600 0.039600 0.044900
6 0.526700 0.509000 0.032700 0.078000
6 0.897700 0.667700 0.043600 0.049100
5 0.709900 0.653800 0.027800 0.027400
4 0.502600 0.324300 0.016300 0.056600
4 0.397800 0.637300 0.034800 0.026300
0 0.511300 0.588200 0.065700 0.062400
0 0.046600 0.577000 0.075400 0.050300
0 0.239600 0.573100 0.066500 0.050200
0 0.480300 0.421500 0.029400 0.126700
5 0.722267 0.447030 0.009577 0.040128
5 0.706704 0.450241 0.008779 0.043339
5 0.697925 0.449438 0.007183 0.041734
5 0.689545 0.451043 0.007981 0.044944
5 0.680766 0.450241 0.009577 0.043339
5 0.670790 0.452648 0.008779 0.044944
5 0.653232 0.451846 0.007183 0.040128
5 0.643256 0.460674 0.012769 0.035313
5 0.612929 0.449438 0.017558 0.022472
5 0.594573 0.435795 0.023943 0.014446
5 0.557063 0.373997 0.007981 0.044944
6 0.176848 0.751490 0.031155 0.032181
6 0.211362 0.753278 0.039096 0.035757
6 0.281918 0.731824 0.040929 0.033373
6 0.927001 0.386174 0.040929 0.064362
1 0.550703 0.244338 0.029933 0.150179
7 0.532682 0.355781 0.008552 0.017878
5 0.331704 0.736591 0.019548 0.014303
4 0.572389 0.370679 0.020770 0.038141
4 0.601405 0.412992 0.027489 0.025030
4 0.546732 0.149583 0.029322 0.032181
6 0.517104 0.041716 0.017715 0.073897
7 0.310324 0.635876 0.012217 0.017878
5 0.473122 0.647795 0.028711 0.017878
7 0.445938 0.491061 0.012217 0.016687
7 0.476176 0.078069 0.009163 0.025030
4 0.340562 0.562574 0.029933 0.019070
7 0.543067 0.778903 0.009774 0.015495
7 0.557728 0.777116 0.008552 0.021454
7 0.835370 0.706794 0.017715 0.019070
7 0.865302 0.693087 0.017715 0.020262
7 0.884850 0.714541 0.012828 0.015495
7 0.878131 0.698451 0.012828 0.019070
5 0.890654 0.423123 0.024435 0.026222
3 0.165852 0.581049 0.077581 0.060787
7 0.324374 0.766389 0.009774 0.019070
7 0.339646 0.855781 0.013439 0.019070
7 0.362553 0.896901 0.009163 0.015495
7 0.752596 0.754470 0.010996 0.021454
5 0.722358 0.525030 0.029933 0.020262
7 0.986255 0.090584 0.016494 0.019070
7 0.526337 0.320168 0.008779 0.021849
7 0.418595 0.531933 0.010375 0.021849
7 0.139665 0.992437 0.011173 0.011765
7 0.100958 0.992437 0.008779 0.011765
7 0.396648 0.783193 0.007981 0.013445
6 0.369114 0.727731 0.037510 0.060504
6 0.411014 0.726891 0.038308 0.038655
6 0.460495 0.719328 0.039904 0.036975
6 0.520351 0.710924 0.036712 0.036975
6 0.576217 0.657143 0.039904 0.040336
6 0.580208 0.714286 0.038308 0.036975
6 0.741421 0.708403 0.041500 0.025210
6 0.697127 0.708403 0.043895 0.038655
6 0.625698 0.716807 0.033520 0.035294
6 0.665204 0.563866 0.042298 0.042017
6 0.598962 0.590756 0.039106 0.048739
3 0.749401 0.594958 0.079808 0.057143
7 0.991620 0.292437 0.013567 0.026891
6 0.868715 0.452101 0.048683 0.040336
