7 0.117900 0.434300 0.011100 0.013200
0 0.627300 0.506700 0.051800 0.040700
0 0.940800 0.584500 0.053700 0.038600
0 0.499000 0.879200 0.023300 0.086100
7 0.550678 0.348739 0.012769 0.021849
7 0.539904 0.361345 0.008779 0.016807
7 0.548284 0.377311 0.007981 0.021849
7 0.585395 0.448739 0.008779 0.020168
7 0.704310 0.595798 0.008779 0.018487
7 0.065044 0.572269 0.010375 0.021849
7 0.163607 0.437815 0.015962 0.015126
4 0.458500 0.908403 0.019952 0.038655
4 0.457702 0.954622 0.021548 0.030252
4 0.442139 0.259664 0.007981 0.035294
4 0.441341 0.221008 0.007981 0.038655
0 0.444932 0.038655 0.023144 0.077311
1 0.051476 0.546218 0.063049 0.047059
1 0.707901 0.514286 0.060654 0.040336
0 0.881085 0.579832 0.049481 0.043697
0 0.510774 0.686555 0.020750 0.089076
0 0.230646 0.555462 0.049481 0.038655
0 0.288508 0.554622 0.047087 0.040336
4 0.466480 0.249580 0.010375 0.045378
5 0.468476 0.320168 0.009577 0.042017
5 0.535116 0.615966 0.010375 0.042017
6 0.973264 0.527731 0.029529 0.030252
6 0.483639 0.159664 0.014366 0.050420
6 0.446528 0.307563 0.016760 0.067227
6 0.478452 0.551261 0.016760 0.053782
6 0.457302 0.690756 0.017558 0.053782
6 0.451317 0.752941 0.015164 0.053782
4 0.596169 0.548739 0.025539 0.021849
