4 0.655900 0.572200 0.031200 0.028900
4 0.620800 0.575000 0.033200 0.030600
3 0.885100 0.630100 0.089500 0.057100
1 0.207400 0.621000 0.091300 0.066000
0 0.151500 0.540400 0.068900 0.063600
0 0.120600 0.628300 0.068800 0.052800
7 0.385874 0.653782 0.011971 0.020168
7 0.563448 0.335294 0.014366 0.028571
6 0.670391 0.526050 0.039904 0.036975
6 0.468476 0.293277 0.020750 0.075630
6 0.428172 0.142017 0.026337 0.085714
6 0.420990 0.284874 0.021548 0.089076
6 0.519952 0.657983 0.023144 0.072269
6 0.428571 0.902521 0.020750 0.077311
4 0.417398 0.225210 0.011173 0.043697
4 0.053871 0.627731 0.018356 0.035294
4 0.021548 0.633613 0.031923 0.036975
4 0.616121 0.531092 0.030327 0.030252
