7 0.375900 0.762100 0.016000 0.039600
7 0.362000 0.880800 0.013800 0.039400
7 0.358800 0.663800 0.020900 0.029100
7 0.993000 0.734400 0.014600 0.019400
5 0.077400 0.351600 0.051100 0.035200
0 0.454100 0.469300 0.113700 0.096600
0 0.035100 0.556900 0.069300 0.084700
7 0.636472 0.097479 0.027933 0.036975
7 0.925379 0.693277 0.026337 0.031933
7 0.649641 0.673950 0.022346 0.030252
6 0.405427 0.902521 0.038308 0.127731
6 0.429769 0.105042 0.035914 0.132773
6 0.893855 0.501681 0.079808 0.058824
1 0.231844 0.456303 0.147646 0.112605
