7 0.423700 0.885000 0.011600 0.025000
1 0.211400 0.617000 0.091500 0.064300
1 0.473600 0.325000 0.031900 0.128400
0 0.473300 0.098600 0.027200 0.102400
0 0.124300 0.624100 0.070600 0.054600
7 0.573025 0.327731 0.015962 0.030252
6 0.679968 0.520168 0.039904 0.038655
6 0.435355 0.133613 0.027933 0.085714
6 0.428970 0.277311 0.019952 0.087395
6 0.522745 0.699160 0.022346 0.077311
4 0.625299 0.526891 0.031125 0.028571
4 0.626895 0.571429 0.034318 0.026891
4 0.665204 0.567227 0.031125 0.025210
4 0.423783 0.215966 0.011173 0.042017
4 0.057861 0.626050 0.019952 0.035294
4 0.024741 0.630252 0.028731 0.040336
6 0.436951 0.902521 0.021548 0.080672
3 0.899840 0.626050 0.086991 0.058824
0 0.792498 0.551261 0.068635 0.057143
