7 0.081400 0.447300 0.014700 0.021000
7 0.093500 0.456900 0.014200 0.020900
7 0.566800 0.229500 0.012000 0.023700
6 0.265700 0.532000 0.043200 0.043100
3 0.898900 0.622500 0.087100 0.053200
1 0.229400 0.601800 0.090300 0.064700
7 0.577813 0.325210 0.015962 0.028571
7 0.412610 0.656303 0.012769 0.025210
6 0.439745 0.889916 0.019154 0.075630
6 0.501197 0.248739 0.019154 0.063866
6 0.472067 0.299160 0.019952 0.070588
6 0.435355 0.271429 0.021548 0.089076
6 0.626496 0.509244 0.041500 0.040336
4 0.431764 0.210924 0.009577 0.045378
4 0.069433 0.606723 0.019154 0.033613
4 0.034717 0.612605 0.032721 0.045378
0 0.133280 0.607563 0.070231 0.048739
