7 0.237200 0.948700 0.019500 0.041700
7 0.692300 0.858500 0.014900 0.027300
6 0.693400 0.661800 0.060800 0.066700
6 0.844900 0.669900 0.078700 0.060900
0 0.174800 0.670000 0.106400 0.080600
0 0.561400 0.084100 0.052100 0.161700
0 0.053400 0.534800 0.105400 0.080800
5 0.717776 0.398093 0.008552 0.061979
5 0.801466 0.393325 0.009774 0.066746
5 0.788027 0.396305 0.008552 0.053635
5 0.773060 0.392729 0.009163 0.056019
5 0.758094 0.420143 0.013439 0.056019
5 0.747404 0.400477 0.012828 0.057211
5 0.728467 0.398689 0.010385 0.065554
5 0.702810 0.405244 0.020159 0.050060
5 0.653635 0.386770 0.032987 0.034565
5 0.624924 0.361144 0.036652 0.023838
5 0.565974 0.254470 0.017715 0.063170
6 0.210141 0.778903 0.067196 0.060787
6 0.416005 0.792014 0.061087 0.063170
6 0.513745 0.657330 0.064753 0.060787
6 0.596518 0.803337 0.062920 0.066746
6 0.847587 0.813468 0.077581 0.058403
6 0.889432 0.753874 0.076970 0.060787
6 0.962737 0.676400 0.073305 0.063170
6 0.853696 0.548272 0.070250 0.052443
6 0.846060 0.401669 0.061087 0.045292
5 0.389126 0.472586 0.029322 0.070322
7 0.942883 0.313468 0.021381 0.019070
7 0.927001 0.330751 0.020159 0.015495
7 0.936164 0.325387 0.015272 0.016687
7 0.941662 0.354589 0.016494 0.017878
7 0.831704 0.371275 0.016494 0.017878
7 0.908064 0.467819 0.031155 0.025030
7 0.957544 0.370679 0.026268 0.023838
7 0.986255 0.887366 0.021381 0.029797
7 0.430971 0.106675 0.021381 0.039333
7 0.765730 0.865912 0.025046 0.027414
7 0.718082 0.884386 0.017715 0.028605
7 0.664630 0.888558 0.017104 0.027414
7 0.553757 0.898689 0.016494 0.038141
7 0.532071 0.904648 0.014661 0.038141
7 0.489921 0.698451 0.015883 0.028605
7 0.248931 0.971395 0.012828 0.030989
4 0.578497 0.278308 0.028100 0.056019
4 0.617899 0.285459 0.034820 0.048868
4 0.638057 0.327175 0.043372 0.041716
4 0.168296 0.528605 0.045816 0.032181
5 0.016799 0.439213 0.032376 0.020262
7 0.285889 0.569130 0.017104 0.022646
7 0.703512 0.319328 0.016760 0.030252
6 0.667598 0.814286 0.053472 0.045378
0 0.659617 0.547899 0.102953 0.080672
