6 0.283800 0.608500 0.037600 0.036300
4 0.477200 0.361400 0.012400 0.056600
0 0.444800 0.493400 0.055700 0.108800
5 0.353152 0.507563 0.024741 0.026891
7 0.572227 0.328571 0.015962 0.028571
3 0.878691 0.621849 0.084597 0.057143
4 0.456903 0.179832 0.010375 0.057143
4 0.431365 0.217647 0.010375 0.042017
4 0.049481 0.600000 0.030327 0.036975
0 0.143256 0.597479 0.066241 0.048739
4 0.616919 0.531092 0.033520 0.030252
6 0.437350 0.869748 0.020750 0.075630
6 0.436153 0.278992 0.019952 0.084034
6 0.473663 0.246218 0.026337 0.092437
