7 0.168800 0.543300 0.019700 0.026800
7 0.563900 0.509800 0.013300 0.024900
7 0.775100 0.706300 0.016700 0.023400
7 0.668500 0.283500 0.012800 0.025200
7 0.932900 0.667900 0.020100 0.023900
7 0.867300 0.674000 0.014400 0.023900
7 0.296100 0.741700 0.013100 0.024800
7 0.856800 0.439400 0.017700 0.021600
7 0.450700 0.716300 0.010500 0.020300
7 0.561100 0.217900 0.013400 0.023100
7 0.681400 0.708800 0.014500 0.028500
7 0.725500 0.704400 0.014600 0.023700
7 0.795900 0.450900 0.016200 0.021300
6 0.715200 0.612000 0.045800 0.043000
6 0.975800 0.634200 0.044900 0.045000
6 0.460600 0.663800 0.039900 0.058100
4 0.434100 0.506400 0.029200 0.024100
3 0.395400 0.586200 0.079300 0.057200
0 0.062400 0.504300 0.070100 0.051700
0 0.150700 0.506600 0.071200 0.051600
0 0.825500 0.562300 0.066200 0.051800
0 0.573500 0.372300 0.029600 0.123200
0 0.338000 0.510600 0.063700 0.053500
5 0.809258 0.409310 0.011173 0.038523
5 0.794094 0.410915 0.009577 0.041734
5 0.783719 0.412520 0.006385 0.038523
5 0.775738 0.409310 0.007981 0.038523
5 0.767358 0.410915 0.008779 0.038523
5 0.757781 0.411717 0.008779 0.043339
5 0.739824 0.410112 0.006385 0.040128
5 0.732243 0.418941 0.011971 0.032103
5 0.703113 0.408507 0.015962 0.024077
5 0.684358 0.391653 0.023144 0.016051
5 0.648444 0.335474 0.010375 0.048154
6 0.309102 0.681168 0.036652 0.032181
6 0.276420 0.682360 0.029933 0.029797
6 0.503971 0.669249 0.037874 0.034565
6 0.549786 0.662694 0.041539 0.035757
6 0.712889 0.669249 0.032987 0.027414
6 0.782224 0.664482 0.042150 0.029797
6 0.788943 0.621573 0.042150 0.032181
6 0.666463 0.665077 0.040318 0.033373
6 0.610263 0.656138 0.036652 0.036949
6 0.543983 0.532777 0.038485 0.040524
6 0.953268 0.423123 0.043372 0.035757
6 0.981063 0.443981 0.034209 0.065554
4 0.664630 0.329559 0.017104 0.039333
4 0.690898 0.369487 0.028100 0.023838
7 0.563836 0.092968 0.008552 0.019070
4 0.642028 0.114422 0.026878 0.030989
5 0.424863 0.675209 0.015272 0.013111
7 0.393708 0.706198 0.011607 0.013111
7 0.410202 0.696663 0.009163 0.017878
7 0.622175 0.705602 0.012828 0.016687
7 0.631338 0.724076 0.007941 0.017878
7 0.645693 0.722884 0.008552 0.022646
7 0.456017 0.835518 0.009163 0.019070
7 0.868662 0.374851 0.015883 0.013111
7 0.868662 0.359952 0.014661 0.011919
7 0.197312 0.918951 0.013439 0.021454
7 0.236408 0.920739 0.010996 0.025030
1 0.644852 0.205042 0.033520 0.144538
6 0.223464 0.632773 0.043097 0.035294
3 0.268156 0.515966 0.075020 0.053782
7 0.220670 0.513445 0.010375 0.021849
7 0.070231 0.761345 0.019154 0.020168
7 0.500399 0.716807 0.006385 0.021849
6 0.728651 0.535294 0.043097 0.038655
6 0.696329 0.459664 0.042298 0.045378
6 0.959298 0.532773 0.049481 0.047059
6 0.914206 0.601681 0.047087 0.040336
6 0.824820 0.663025 0.040702 0.028571
