7 0.177900 0.440300 0.012500 0.018700
4 0.066700 0.582400 0.022500 0.028400
1 0.242500 0.577500 0.089200 0.067400
0 0.472200 0.897900 0.040400 0.126900
0 0.487100 0.037900 0.026200 0.072300
0 0.486300 0.147000 0.026100 0.097700
0 0.131684 0.584034 0.067039 0.052101
0 0.425379 0.516807 0.065443 0.052101
1 0.530726 0.189076 0.028731 0.142857
1 0.065044 0.498319 0.071030 0.048739
3 0.884677 0.612605 0.085395 0.055462
4 0.426975 0.200000 0.009577 0.040336
6 0.466879 0.317647 0.019154 0.070588
6 0.497606 0.287395 0.019952 0.077311
4 0.035515 0.588235 0.029529 0.040336
6 0.431365 0.864706 0.019952 0.075630
7 0.579409 0.515126 0.011173 0.021849
5 0.424980 0.157983 0.008779 0.043697
7 0.429370 0.152941 0.011173 0.026891
7 0.571030 0.314286 0.015164 0.026891
7 0.564246 0.026891 0.011173 0.030252
6 0.430966 0.257143 0.020750 0.077311
