7 0.429800 0.787200 0.010900 0.023600
7 0.407800 0.786200 0.012100 0.023200
7 0.379500 0.769300 0.013300 0.024100
7 0.725400 0.469800 0.017000 0.026700
7 0.769400 0.488100 0.016400 0.024700
7 0.554900 0.754700 0.010500 0.022400
7 0.091300 0.505200 0.015800 0.022800
7 0.568700 0.770300 0.013700 0.022300
6 0.493100 0.525700 0.036200 0.069200
6 0.127500 0.678600 0.051400 0.042500
6 0.299900 0.726300 0.039500 0.043200
4 0.274100 0.632800 0.031300 0.024800
4 0.337000 0.573200 0.030700 0.026100
3 0.071100 0.757200 0.091500 0.060900
0 0.042000 0.592000 0.075600 0.052100
0 0.236500 0.583500 0.066200 0.050600
0 0.477300 0.426500 0.028500 0.123400
5 0.703115 0.456496 0.007330 0.040524
5 0.693647 0.458284 0.007941 0.032181
5 0.679597 0.460072 0.005498 0.030989
5 0.668601 0.459476 0.007941 0.041716
5 0.657605 0.457092 0.006720 0.039333
5 0.649359 0.456496 0.007330 0.038141
5 0.639279 0.461859 0.011607 0.027414
5 0.610874 0.456496 0.015883 0.021454
5 0.590715 0.442193 0.021991 0.016687
5 0.686353 0.456661 0.006385 0.036918
6 0.173183 0.764601 0.032376 0.029797
6 0.208002 0.764005 0.037263 0.028605
7 0.362553 0.920143 0.009163 0.019070
7 0.535125 0.766985 0.008552 0.015495
7 0.555895 0.786055 0.008552 0.022646
7 0.693036 0.763409 0.010385 0.020262
6 0.409285 0.737783 0.040318 0.038141
6 0.458461 0.728248 0.043372 0.033373
6 0.467013 0.684148 0.038485 0.050060
6 0.577886 0.722288 0.040318 0.038141
6 0.625840 0.722884 0.032376 0.034565
7 0.416921 0.532181 0.006720 0.010727
7 0.407453 0.539928 0.008552 0.014303
7 0.460599 0.429678 0.006109 0.013111
7 0.445021 0.452920 0.006720 0.014303
7 0.441356 0.483313 0.007941 0.015495
4 0.570250 0.376043 0.017715 0.034565
4 0.599572 0.417163 0.027489 0.026222
5 0.552841 0.376043 0.010996 0.032181
4 0.255651 0.746126 0.029933 0.030989
5 0.329261 0.747318 0.019548 0.019070
7 0.517104 0.699046 0.011607 0.020262
7 0.542150 0.788439 0.009163 0.020262
5 0.846671 0.711561 0.026878 0.021454
7 0.683873 0.718713 0.015272 0.019070
7 0.450214 0.233611 0.006109 0.019070
4 0.542698 0.154622 0.027135 0.030252
1 0.546289 0.249580 0.031125 0.149580
3 0.162410 0.593277 0.079010 0.060504
6 0.393057 0.639496 0.040702 0.038655
7 0.043895 0.869748 0.019154 0.025210
7 0.004389 0.755462 0.008779 0.021849
6 0.497606 0.598319 0.040702 0.043697
6 0.739824 0.710924 0.041500 0.026891
6 0.824820 0.622689 0.051875 0.042017
6 0.762969 0.545378 0.041500 0.031933
6 0.984038 0.687395 0.028731 0.036975
6 0.944533 0.631933 0.051875 0.040336
6 0.865124 0.455462 0.047885 0.040336
