7 0.104900 0.837300 0.018000 0.024300
7 0.511600 0.443400 0.015800 0.029800
7 0.472800 0.289100 0.013000 0.026900
7 0.736600 0.475600 0.015300 0.021800
7 0.736400 0.728300 0.013500 0.023600
7 0.463800 0.746600 0.010500 0.019200
7 0.721300 0.745800 0.012800 0.023700
7 0.671300 0.759900 0.011300 0.025300
7 0.145000 0.521000 0.013900 0.021600
7 0.782800 0.466400 0.018300 0.021600
7 0.814000 0.692700 0.014400 0.028000
7 0.474400 0.741900 0.010900 0.024200
6 0.825300 0.519700 0.049100 0.042800
6 0.870800 0.582600 0.050900 0.053200
6 0.174000 0.639100 0.037700 0.041100
0 0.297100 0.633200 0.072000 0.056600
0 0.044800 0.573800 0.077000 0.051400
0 0.483800 0.415900 0.029400 0.129800
0 0.571900 0.527200 0.061800 0.114400
5 0.730247 0.441413 0.009577 0.038523
5 0.715084 0.447030 0.007981 0.036918
5 0.705906 0.447030 0.007183 0.033708
5 0.697526 0.447030 0.007981 0.033708
5 0.688747 0.447030 0.007981 0.036918
5 0.678771 0.451043 0.010375 0.044944
5 0.660415 0.447833 0.007183 0.038523
5 0.650439 0.456661 0.012769 0.030498
5 0.620112 0.447030 0.015962 0.027287
5 0.599761 0.430177 0.021548 0.016051
5 0.562251 0.368379 0.008779 0.043339
6 0.109652 0.644815 0.047037 0.038141
6 0.176237 0.750298 0.034820 0.036949
6 0.214111 0.751490 0.044594 0.036949
6 0.282834 0.734207 0.039096 0.033373
6 0.285278 0.691299 0.041539 0.030989
6 0.338119 0.696067 0.038485 0.047676
6 0.413867 0.725268 0.038485 0.034565
6 0.463348 0.718117 0.042150 0.034565
6 0.524435 0.711561 0.038485 0.040524
6 0.586133 0.715137 0.038485 0.038141
6 0.634087 0.717521 0.035431 0.030989
6 0.706170 0.709774 0.040318 0.036949
6 0.749542 0.709178 0.040318 0.030989
6 0.910812 0.671037 0.042761 0.047676
6 0.938607 0.383194 0.037263 0.065554
6 0.499084 0.038737 0.020770 0.072706
4 0.552535 0.140644 0.027489 0.026222
4 0.577886 0.362932 0.017104 0.039333
4 0.608125 0.408224 0.025046 0.020262
4 0.339646 0.559595 0.025657 0.017878
7 0.525046 0.221097 0.009163 0.025030
7 0.780696 0.434446 0.013439 0.015495
7 0.755956 0.417163 0.011607 0.014303
7 0.563531 0.777116 0.010385 0.021454
7 0.547954 0.781883 0.008552 0.016687
7 0.527489 0.838498 0.009163 0.020262
5 0.950519 0.650179 0.026878 0.032181
7 0.976481 0.676996 0.016494 0.021454
5 0.332315 0.737187 0.023213 0.015495
7 0.649664 0.690107 0.009163 0.019070
7 0.688760 0.760429 0.012828 0.019070
7 0.840562 0.715733 0.019548 0.020262
7 0.525351 0.035757 0.009774 0.030989
7 0.489310 0.504172 0.012217 0.021454
5 0.902871 0.423123 0.024435 0.035757
7 0.357361 0.913588 0.009774 0.025030
7 0.366830 0.905244 0.009163 0.020262
5 0.851252 0.697259 0.023824 0.023838
7 0.807880 0.708582 0.012828 0.020262
7 0.913561 0.725864 0.018937 0.016687
7 0.947159 0.702622 0.015272 0.027414
7 0.458500 0.209244 0.005587 0.015126
1 0.555866 0.235294 0.032721 0.151261
7 0.415802 0.527731 0.009577 0.016807
3 0.166401 0.578151 0.079010 0.060504
0 0.240223 0.568067 0.067039 0.050420
7 0.328412 0.584034 0.007183 0.015126
5 0.327614 0.591597 0.023144 0.020168
7 0.138468 0.992437 0.015164 0.011765
7 0.099761 0.992437 0.011173 0.011765
6 0.673583 0.583193 0.046289 0.047059
6 0.863528 0.668908 0.047885 0.050420
