6 0.539505 0.702521 0.030327 0.036975
7 0.393456 0.723529 0.007981 0.015126
7 0.390662 0.711765 0.008779 0.011765
7 0.958500 0.315126 0.015962 0.025210
7 0.979250 0.355462 0.012769 0.025210
7 0.005986 0.057983 0.011971 0.025210
7 0.407821 0.948739 0.009577 0.018487
7 0.418196 0.947059 0.007981 0.018487
7 0.804469 0.631092 0.007981 0.011765
7 0.798085 0.634454 0.014366 0.018487
6 0.471668 0.814286 0.019154 0.062185
6 0.469274 0.903361 0.017558 0.065546
2 0.092977 0.473950 0.117318 0.067227
0 0.407422 0.433613 0.055068 0.043697
0 0.756983 0.566387 0.045491 0.040336
