6 0.772400 0.490200 0.039500 0.034200
6 0.535116 0.699160 0.031125 0.033613
7 0.977255 0.394118 0.010375 0.015126
7 0.962490 0.352941 0.012769 0.023529
7 0.936552 0.918487 0.010375 0.015126
7 0.945730 0.919328 0.011173 0.023529
7 0.033520 0.168908 0.011173 0.021849
7 0.409018 0.938655 0.008779 0.025210
7 0.418196 0.945378 0.007981 0.018487
6 0.470072 0.811765 0.017558 0.057143
6 0.469274 0.894958 0.017558 0.062185
6 0.982442 0.417647 0.031923 0.031933
6 0.780128 0.594958 0.032721 0.030252
5 0.946129 0.312605 0.008779 0.036975
1 0.199920 0.489916 0.058260 0.038655
