6 0.786700 0.540200 0.030800 0.029900
0 0.619300 0.528200 0.048300 0.037000
0 0.516200 0.330000 0.022300 0.090800
0 0.204900 0.493500 0.043500 0.039800
0 0.940200 0.591800 0.055300 0.040200
0 0.514200 0.194100 0.020800 0.089100
0 0.445800 0.038800 0.021900 0.078300
0 0.473300 0.355400 0.019500 0.071600
7 0.051476 0.567227 0.008779 0.018487
7 0.531923 0.117647 0.008779 0.020168
7 0.551476 0.351261 0.012769 0.020168
7 0.549082 0.838655 0.011173 0.020168
7 0.555866 0.436134 0.008779 0.015126
7 0.702713 0.595798 0.010375 0.015126
4 0.456105 0.911765 0.018356 0.038655
4 0.456504 0.955462 0.020750 0.031933
4 0.442538 0.258824 0.007183 0.036975
4 0.441341 0.221008 0.007981 0.038655
4 0.443735 0.184034 0.007981 0.048739
0 0.515563 0.046218 0.025539 0.092437
0 0.880686 0.585714 0.047087 0.042017
0 0.287310 0.552941 0.047885 0.036975
0 0.229050 0.552941 0.049481 0.036975
1 0.048683 0.542017 0.063847 0.045378
3 0.724262 0.574790 0.059856 0.040336
4 0.328013 0.524370 0.019154 0.020168
6 0.446129 0.309244 0.017558 0.067227
6 0.456105 0.692437 0.018356 0.053782
6 0.448923 0.755462 0.015164 0.055462
6 0.691939 0.501681 0.030327 0.028571
6 0.702713 0.536975 0.029529 0.028571
6 0.523943 0.591597 0.027933 0.053782
