0 0.483900 0.346600 0.023900 0.096500
6 0.537510 0.699160 0.029529 0.033613
7 0.963288 0.343697 0.011173 0.021849
7 0.978452 0.657143 0.012769 0.013445
7 0.980048 0.671429 0.015962 0.015126
7 0.994413 0.223529 0.009577 0.016807
7 0.412610 0.942857 0.009577 0.020168
7 0.422187 0.943697 0.009577 0.018487
6 0.472865 0.810924 0.016760 0.058824
6 0.471668 0.894958 0.015962 0.065546
6 0.982841 0.409244 0.032721 0.031933
6 0.291301 0.571429 0.033520 0.030252
6 0.781724 0.588235 0.032721 0.033613
5 0.946129 0.308403 0.007183 0.025210
5 0.662011 0.551261 0.021548 0.016807
5 0.676377 0.564706 0.019952 0.016807
3 0.432562 0.473950 0.063847 0.040336
1 0.744214 0.491597 0.061453 0.048739
