7 0.297200 0.584400 0.009600 0.014900
7 0.427100 0.105300 0.008300 0.019100
0 0.288000 0.557700 0.049700 0.036800
0 0.626600 0.509700 0.051700 0.039100
0 0.939300 0.588200 0.054300 0.039300
0 0.445200 0.040300 0.021700 0.081000
7 0.543097 0.075630 0.008779 0.020168
7 0.549880 0.352101 0.012769 0.021849
7 0.703911 0.594958 0.007981 0.023529
7 0.559058 0.600000 0.007183 0.023529
7 0.545092 0.695798 0.007981 0.020168
7 0.553472 0.772269 0.008779 0.025210
7 0.584996 0.451261 0.009577 0.018487
7 0.440543 0.652101 0.006385 0.013445
4 0.456903 0.910924 0.019952 0.036975
4 0.458101 0.956303 0.020750 0.033613
4 0.442538 0.263866 0.008779 0.036975
4 0.440942 0.224370 0.007183 0.042017
4 0.594573 0.551261 0.025539 0.020168
0 0.229848 0.557143 0.049481 0.038655
0 0.879888 0.584034 0.048683 0.042017
1 0.050678 0.547899 0.061453 0.043697
3 0.647247 0.564706 0.057462 0.043697
1 0.707103 0.516807 0.059058 0.038655
6 0.446129 0.312605 0.015962 0.063866
6 0.456105 0.693277 0.018356 0.055462
6 0.449721 0.756303 0.015164 0.053782
6 0.800878 0.495798 0.029529 0.026891
1 0.503591 0.368908 0.030327 0.169748
