7 0.108100 0.837900 0.017900 0.025400
7 0.517400 0.742400 0.012000 0.023400
7 0.180900 0.805900 0.011700 0.022000
7 0.453800 0.529800 0.013600 0.027300
7 0.824200 0.716800 0.016600 0.027500
7 0.579200 0.765900 0.012400 0.019100
7 0.802000 0.706300 0.014100 0.029300
6 0.978200 0.448200 0.043200 0.062000
6 0.667000 0.673800 0.038100 0.048300
1 0.250900 0.654800 0.071800 0.056900
0 0.044500 0.575000 0.075700 0.051300
0 0.479500 0.425100 0.028200 0.125500
0 0.237700 0.569700 0.064700 0.050200
5 0.719609 0.445769 0.008552 0.035757
5 0.704337 0.451132 0.007330 0.039333
5 0.694563 0.450536 0.007330 0.035757
5 0.686316 0.451728 0.006720 0.035757
5 0.678986 0.452920 0.005498 0.038141
5 0.668601 0.455900 0.006720 0.036949
5 0.658216 0.452324 0.006720 0.036949
5 0.649969 0.452324 0.006109 0.039333
5 0.641112 0.458284 0.011607 0.029797
5 0.610874 0.450536 0.015883 0.019070
5 0.592547 0.434446 0.021991 0.013111
5 0.554062 0.372467 0.010996 0.041716
6 0.173794 0.748510 0.031155 0.028605
6 0.210446 0.748510 0.043372 0.033373
6 0.279475 0.733015 0.039707 0.035757
6 0.408369 0.725864 0.039707 0.033373
6 0.459682 0.715137 0.042150 0.033373
6 0.623702 0.717521 0.032987 0.033373
6 0.697312 0.707986 0.037263 0.033373
6 0.738241 0.709178 0.040929 0.026222
6 0.983812 0.278308 0.025046 0.065554
1 0.549481 0.243147 0.031155 0.147795
7 0.770312 0.461263 0.014661 0.016687
4 0.336897 0.560191 0.026268 0.019070
4 0.545205 0.149583 0.027489 0.027414
4 0.600489 0.412992 0.026878 0.020262
4 0.571472 0.369487 0.016494 0.038141
7 0.539707 0.779499 0.010385 0.014303
7 0.499084 0.696663 0.008552 0.017878
7 0.555589 0.776520 0.007941 0.027414
7 0.562920 0.766389 0.009163 0.014303
7 0.567502 0.751490 0.009774 0.022646
7 0.576054 0.747318 0.008552 0.016687
7 0.583079 0.743147 0.007941 0.022646
7 0.677153 0.759237 0.009163 0.019070
6 0.924863 0.388558 0.035431 0.061979
7 0.977703 0.654350 0.016494 0.016687
7 0.977092 0.667461 0.017715 0.009535
7 0.960904 0.681764 0.015883 0.014303
5 0.457850 0.236591 0.006720 0.041716
7 0.448076 0.429678 0.009163 0.015495
7 0.445938 0.477354 0.009774 0.015495
5 0.330177 0.734207 0.018937 0.014303
7 0.351863 0.829559 0.010996 0.021454
7 0.358888 0.901669 0.009163 0.020262
7 0.909896 0.720501 0.014050 0.015495
3 0.164020 0.581049 0.080024 0.056019
7 0.434942 0.471990 0.008552 0.016687
7 0.110874 0.573302 0.017715 0.023838
7 0.134698 0.991657 0.011607 0.014303
7 0.098656 0.992253 0.009163 0.010727
7 0.714111 0.685340 0.014661 0.016687
7 0.457702 0.421849 0.011971 0.030252
7 0.537909 0.098319 0.011173 0.025210
7 0.140064 0.552941 0.019952 0.020168
7 0.363528 0.735294 0.007183 0.015126
6 0.367518 0.718487 0.039106 0.048739
7 0.491620 0.705882 0.009577 0.020168
6 0.841979 0.536975 0.047885 0.048739
6 0.807263 0.625210 0.045491 0.040336
6 0.752594 0.627731 0.044693 0.038655
6 0.735036 0.525210 0.046289 0.035294
6 0.675978 0.517647 0.043097 0.036975
6 0.630487 0.639496 0.044693 0.038655
6 0.574222 0.604202 0.039106 0.042017
6 0.550678 0.672269 0.039904 0.047059
6 0.577414 0.714286 0.037510 0.040336
6 0.982841 0.686555 0.032721 0.035294
