7 0.250500 0.535300 0.014500 0.016800
7 0.447300 0.150500 0.009200 0.022500
0 0.941200 0.591100 0.052900 0.039900
0 0.445900 0.038500 0.022500 0.077300
7 0.424182 0.585714 0.007183 0.021849
7 0.550678 0.351261 0.011173 0.020168
7 0.433360 0.287395 0.007981 0.023529
7 0.939346 0.620168 0.012769 0.020168
4 0.456105 0.911765 0.018356 0.038655
4 0.455706 0.957143 0.020750 0.035294
4 0.443735 0.185714 0.009577 0.042017
4 0.440942 0.222689 0.007183 0.031933
4 0.442139 0.258824 0.007981 0.036975
4 0.884278 0.511765 0.023943 0.021849
0 0.228252 0.553782 0.049481 0.038655
0 0.881484 0.584874 0.048683 0.043697
0 0.490822 0.646218 0.019154 0.085714
1 0.047885 0.542857 0.063847 0.047059
1 0.647247 0.515966 0.047885 0.040336
1 0.719872 0.515126 0.055866 0.042017
1 0.799282 0.520168 0.056664 0.042017
6 0.520750 0.190756 0.018356 0.055462
6 0.446528 0.307563 0.016760 0.067227
6 0.592578 0.490756 0.031125 0.026891
6 0.593775 0.549580 0.031923 0.033613
6 0.627694 0.546218 0.031125 0.030252
6 0.855547 0.505882 0.030327 0.033613
0 0.286113 0.554622 0.047087 0.040336
3 0.725060 0.573950 0.059856 0.042017
6 0.456105 0.692437 0.018356 0.053782
6 0.449721 0.756303 0.015164 0.050420
6 0.293296 0.494118 0.031125 0.033613
