6 0.581700 0.537700 0.043300 0.045600
5 0.826700 0.608200 0.033600 0.021300
4 0.340900 0.511000 0.032100 0.027800
3 0.897200 0.649200 0.087400 0.055200
1 0.221800 0.598700 0.091300 0.064600
0 0.066300 0.516300 0.060600 0.053900
0 0.536600 0.268800 0.027400 0.119800
7 0.581006 0.336975 0.017558 0.028571
6 0.501995 0.082353 0.022346 0.067227
6 0.483240 0.332773 0.021548 0.070588
6 0.440942 0.278151 0.021548 0.085714
6 0.449721 0.130252 0.021548 0.078992
6 0.436153 0.892437 0.019952 0.080672
4 0.436951 0.221008 0.011971 0.038655
4 0.071828 0.596639 0.014366 0.033613
4 0.037909 0.600840 0.029529 0.035294
4 0.467279 0.563025 0.029529 0.033613
4 0.404230 0.563025 0.023144 0.026891
0 0.135275 0.600840 0.069433 0.052101
0 0.702314 0.563025 0.063847 0.057143
