7 0.782500 0.594200 0.016000 0.020700
7 0.782000 0.521700 0.014000 0.026600
7 0.569300 0.762900 0.011300 0.021700
7 0.681200 0.741200 0.015700 0.019200
7 0.627800 0.756300 0.012700 0.025400
7 0.515100 0.828700 0.011500 0.021500
7 0.492500 0.819100 0.009100 0.022600
6 0.494400 0.344000 0.029900 0.070500
6 0.863700 0.456500 0.045100 0.043300
4 0.253900 0.742700 0.027700 0.026100
3 0.066200 0.751900 0.093200 0.058000
0 0.037800 0.586500 0.076400 0.050800
0 0.233400 0.580900 0.066400 0.049600
0 0.473600 0.425200 0.029200 0.123900
5 0.677973 0.463884 0.013567 0.028892
5 0.699920 0.456661 0.007981 0.043339
5 0.690742 0.451846 0.008779 0.036918
5 0.675180 0.446228 0.007981 0.032103
5 0.664804 0.455859 0.007981 0.048154
5 0.654429 0.454254 0.009577 0.041734
5 0.645650 0.450241 0.007981 0.049759
5 0.636073 0.463884 0.015962 0.032103
5 0.607741 0.454254 0.019952 0.025682
5 0.589385 0.440610 0.026337 0.020867
5 0.550279 0.373997 0.011971 0.044944
6 0.168907 0.759833 0.033598 0.029797
6 0.204948 0.759833 0.039707 0.032181
7 0.357056 0.913588 0.007941 0.020262
7 0.514356 0.873659 0.006109 0.021454
7 0.551924 0.783671 0.007941 0.025030
7 0.535736 0.785459 0.009774 0.019070
6 0.657605 0.635876 0.045816 0.044100
6 0.574527 0.720501 0.037263 0.036949
6 0.620953 0.721692 0.032376 0.034565
6 0.737324 0.713945 0.036652 0.026222
6 0.404704 0.734803 0.037263 0.036949
6 0.454490 0.725268 0.042761 0.034565
6 0.984423 0.689511 0.029933 0.036949
6 0.738241 0.674017 0.045816 0.034565
7 0.415089 0.525626 0.006720 0.009535
7 0.402871 0.538737 0.007941 0.011919
7 0.454184 0.423719 0.005498 0.013111
7 0.442578 0.449940 0.006720 0.015495
7 0.438302 0.480930 0.007941 0.020262
4 0.331704 0.570918 0.026878 0.023838
1 0.543983 0.249106 0.028711 0.147795
4 0.539096 0.156138 0.028711 0.028605
4 0.565058 0.374255 0.020770 0.038141
4 0.596213 0.419547 0.030544 0.023838
5 0.325290 0.747318 0.018937 0.016687
7 0.823458 0.472586 0.008552 0.010727
7 0.829566 0.484505 0.015883 0.017878
5 0.841784 0.712753 0.026878 0.023838
7 0.792303 0.566746 0.015883 0.017878
7 0.764203 0.510727 0.012217 0.015495
7 0.930055 0.430274 0.015272 0.019070
7 0.054979 0.474374 0.018326 0.023838
3 0.158216 0.590584 0.079414 0.053635
7 0.447159 0.231824 0.004887 0.020262
7 0.610874 0.753874 0.008552 0.020262
6 0.177973 0.690756 0.044693 0.040336
6 0.295291 0.724370 0.041500 0.040336
6 0.696728 0.548739 0.039904 0.028571
6 0.716680 0.633613 0.046289 0.043697
