4 0.650900 0.503900 0.022900 0.018800
1 0.042900 0.533800 0.063100 0.048500
0 0.941600 0.612800 0.054800 0.040200
0 0.608800 0.523600 0.048700 0.039700
0 0.514600 0.226600 0.019400 0.078300
7 0.552674 0.432773 0.010375 0.018487
7 0.552275 0.357983 0.012769 0.023529
7 0.324421 0.584874 0.008779 0.016807
7 0.339585 0.583193 0.008779 0.016807
7 0.110535 0.559664 0.010375 0.020168
7 0.433360 0.389916 0.004789 0.013445
4 0.449322 0.917647 0.019154 0.036975
4 0.449721 0.963866 0.019952 0.035294
4 0.442937 0.221008 0.007981 0.035294
4 0.443336 0.261345 0.008779 0.035294
6 0.480846 0.045378 0.018356 0.063866
6 0.446927 0.309244 0.017558 0.063866
6 0.444932 0.761345 0.015164 0.053782
6 0.476457 0.591597 0.017558 0.050420
6 0.586592 0.573109 0.031923 0.033613
6 0.913807 0.557983 0.031923 0.030252
2 0.512769 0.671429 0.037510 0.226891
0 0.448524 0.039496 0.023943 0.078992
0 0.224661 0.549580 0.050279 0.040336
0 0.283719 0.552101 0.048683 0.038655
