0 0.626800 0.507700 0.051700 0.040400
0 0.940900 0.586100 0.053800 0.038900
0 0.445000 0.038900 0.022600 0.077400
0 0.485400 0.236300 0.021500 0.102800
0 0.520900 0.959500 0.021100 0.073200
7 0.543496 0.325210 0.009577 0.021849
7 0.550678 0.351261 0.012769 0.020168
7 0.551476 0.427731 0.007981 0.021849
7 0.584597 0.448739 0.008779 0.016807
7 0.705906 0.599160 0.010375 0.011765
7 0.717877 0.593277 0.011971 0.016807
7 0.879888 0.597479 0.010375 0.018487
7 0.072227 0.434454 0.011971 0.015126
7 0.116520 0.437815 0.012769 0.018487
4 0.457702 0.910084 0.018356 0.035294
4 0.458101 0.956303 0.020750 0.033613
4 0.441740 0.257983 0.008779 0.035294
4 0.440942 0.220168 0.007183 0.040336
5 0.537111 0.815966 0.009577 0.042017
4 0.594573 0.549580 0.023943 0.020168
1 0.708300 0.515966 0.058260 0.040336
0 0.881883 0.581513 0.047885 0.043697
0 0.287310 0.555462 0.047885 0.038655
0 0.229449 0.555462 0.048683 0.038655
1 0.048683 0.546218 0.062251 0.047059
4 0.513168 0.224370 0.011173 0.048739
4 0.443336 0.463866 0.016760 0.043697
5 0.468476 0.523529 0.007981 0.038655
6 0.883081 0.508403 0.031125 0.028571
6 0.445730 0.307563 0.016760 0.067227
6 0.491620 0.447059 0.015962 0.053782
6 0.456504 0.692437 0.017558 0.057143
6 0.450918 0.755462 0.015962 0.052101
6 0.486034 0.846218 0.015962 0.055462
