7 0.374000 0.762100 0.016300 0.041000
7 0.368500 0.680800 0.019500 0.036300
7 0.022400 0.610500 0.025100 0.030500
7 0.736700 0.402200 0.017000 0.029800
7 0.011400 0.623800 0.020800 0.027300
7 0.634700 0.101100 0.026800 0.043300
6 0.859300 0.567400 0.074600 0.073200
0 0.035000 0.552100 0.071300 0.083000
7 0.632881 0.516807 0.019154 0.038655
7 0.612530 0.146218 0.019952 0.047059
6 0.403033 0.894958 0.041500 0.126050
6 0.482043 0.949580 0.039904 0.097479
6 0.419393 0.484034 0.037510 0.117647
6 0.482841 0.349580 0.036712 0.117647
6 0.757382 0.591597 0.071828 0.067227
6 0.722267 0.442017 0.073424 0.067227
6 0.845172 0.458824 0.076616 0.060504
6 0.950519 0.475630 0.078212 0.067227
6 0.975259 0.541176 0.046289 0.060504
0 0.557063 0.339496 0.046289 0.205042
