7 0.183000 0.539300 0.015300 0.017300
7 0.893700 0.614200 0.010600 0.016200
1 0.800800 0.520100 0.056800 0.045200
0 0.524300 0.289500 0.023100 0.096500
0 0.943800 0.588200 0.053900 0.041400
7 0.551875 0.347059 0.011971 0.021849
7 0.440942 0.686555 0.005587 0.018487
4 0.456504 0.910084 0.019154 0.038655
4 0.457702 0.956303 0.021548 0.033613
4 0.443336 0.257983 0.008779 0.035294
4 0.442538 0.216807 0.008779 0.040336
4 0.446129 0.181513 0.007981 0.043697
6 0.594573 0.489076 0.028731 0.026891
6 0.858340 0.502521 0.031125 0.030252
6 0.447326 0.305042 0.016760 0.068908
6 0.055068 0.473950 0.035116 0.030252
6 0.523943 0.644538 0.016760 0.055462
6 0.457302 0.690756 0.017558 0.053782
6 0.450519 0.752941 0.015164 0.057143
6 0.595770 0.546218 0.032721 0.036975
6 0.629290 0.542857 0.029529 0.030252
3 0.727454 0.571429 0.058260 0.043697
0 0.512370 0.085714 0.020750 0.094118
0 0.446927 0.036134 0.022346 0.072269
0 0.884278 0.582353 0.049481 0.042017
0 0.287310 0.552101 0.047885 0.038655
0 0.229050 0.551261 0.049481 0.040336
1 0.047885 0.541176 0.062251 0.043697
1 0.649242 0.514286 0.048683 0.040336
1 0.721468 0.512605 0.055866 0.040336
1 0.952115 0.533613 0.062251 0.042017
4 0.483240 0.182353 0.008779 0.035294
6 0.485235 0.299160 0.017558 0.057143
4 0.887071 0.510084 0.024741 0.018487
