0 0.786000 0.538200 0.077400 0.058200
5 0.454908 0.310084 0.012769 0.048739
7 0.576217 0.768908 0.014366 0.025210
7 0.572626 0.324370 0.013567 0.030252
7 0.286113 0.584034 0.018356 0.028571
1 0.932562 0.542857 0.080607 0.053782
3 0.886273 0.619328 0.085395 0.055462
4 0.430168 0.213445 0.009577 0.040336
4 0.042698 0.603361 0.029529 0.040336
5 0.524741 0.483193 0.027933 0.025210
6 0.434158 0.271429 0.020750 0.089076
6 0.287709 0.608403 0.043895 0.036975
6 0.485235 0.727731 0.023943 0.063866
6 0.437749 0.877311 0.021548 0.077311
6 0.608540 0.513445 0.037510 0.045378
6 0.660814 0.526891 0.039904 0.042017
6 0.591381 0.584874 0.041500 0.060504
6 0.698324 0.600000 0.039904 0.043697
0 0.138069 0.600840 0.068635 0.048739
