4 0.613700 0.531000 0.031900 0.029200
4 0.900800 0.552000 0.038000 0.025100
1 0.206100 0.618800 0.090800 0.062800
1 0.522300 0.478400 0.039500 0.152300
0 0.120300 0.626700 0.068400 0.050700
7 0.573823 0.902521 0.012769 0.033613
7 0.563847 0.334454 0.016760 0.026891
6 0.427374 0.143697 0.024741 0.082353
6 0.421389 0.282353 0.020750 0.084034
6 0.467678 0.544538 0.020750 0.070588
6 0.099362 0.536134 0.050279 0.043697
6 0.428172 0.905042 0.021548 0.078992
4 0.416600 0.226050 0.011173 0.038655
4 0.053073 0.626891 0.019952 0.033613
4 0.021149 0.634454 0.031125 0.042017
3 0.885475 0.631933 0.086991 0.050420
7 0.201516 0.659664 0.013567 0.021849
7 0.258180 0.652101 0.011971 0.023529
