0 0.880400 0.586100 0.049500 0.045100
0 0.511900 0.398200 0.021300 0.073600
0 0.443900 0.038200 0.022100 0.075900
7 0.391460 0.586555 0.007183 0.016807
7 0.548683 0.351261 0.011971 0.023529
7 0.687949 0.578992 0.009577 0.018487
7 0.655227 0.463025 0.011173 0.018487
7 0.688348 0.529412 0.008779 0.020168
7 0.425778 0.586555 0.008779 0.020168
7 0.671987 0.597479 0.007981 0.021849
7 0.171588 0.574790 0.007981 0.016807
4 0.453312 0.911765 0.019154 0.038655
4 0.454509 0.960504 0.019952 0.031933
4 0.439745 0.180672 0.007981 0.042017
4 0.438947 0.220168 0.007981 0.040336
4 0.440543 0.258824 0.007981 0.033613
6 0.591381 0.492437 0.030327 0.026891
6 0.593376 0.549580 0.031125 0.033613
6 0.626895 0.545378 0.029529 0.031933
6 0.443735 0.307563 0.015962 0.067227
6 0.454509 0.694958 0.016760 0.052101
6 0.447725 0.757143 0.015962 0.055462
4 0.509976 0.209244 0.009577 0.042017
3 0.723464 0.575630 0.059856 0.042017
1 0.043496 0.544538 0.063049 0.047059
1 0.515962 0.674790 0.023144 0.102521
1 0.645251 0.517647 0.048683 0.043697
1 0.719074 0.515126 0.057462 0.042017
1 0.797686 0.523529 0.056664 0.042017
0 0.225459 0.555462 0.050279 0.038655
0 0.283719 0.555462 0.047087 0.038655
0 0.940942 0.591597 0.052674 0.043697
