7 0.768900 0.458300 0.015600 0.020800
7 0.345700 0.675000 0.012200 0.019000
7 0.796500 0.712500 0.015900 0.026500
7 0.515900 0.795800 0.010300 0.022600
7 0.236400 0.511600 0.016000 0.023500
7 0.166900 0.538900 0.014100 0.024600
7 0.242900 0.662500 0.012600 0.020800
7 0.749600 0.449900 0.014100 0.021400
7 0.468500 0.734900 0.011300 0.023300
7 0.693500 0.733200 0.014000 0.023700
7 0.662500 0.752000 0.011400 0.022200
7 0.488200 0.763700 0.009900 0.020500
7 0.795500 0.414800 0.014100 0.018200
7 0.650400 0.744600 0.012100 0.023300
6 0.783800 0.615100 0.046000 0.039400
6 0.526600 0.468000 0.030100 0.069900
6 0.943400 0.521000 0.050200 0.039800
6 0.898000 0.451100 0.045500 0.041900
6 0.983600 0.573700 0.033600 0.037300
6 0.844300 0.545800 0.045800 0.041000
6 0.894400 0.664900 0.042600 0.043900
4 0.879400 0.489900 0.031700 0.024500
4 0.392500 0.630100 0.032500 0.026000
1 0.752700 0.529600 0.079000 0.061700
1 0.568700 0.548400 0.080100 0.056200
0 0.241700 0.563600 0.064500 0.048400
0 0.049700 0.567000 0.072900 0.049500
0 0.479900 0.415400 0.029900 0.122600
5 0.720670 0.441413 0.011173 0.038523
5 0.703911 0.444623 0.007981 0.038523
5 0.694733 0.443820 0.007183 0.033708
5 0.687550 0.441413 0.007183 0.035313
5 0.679569 0.445425 0.007183 0.040128
5 0.669194 0.448636 0.007183 0.040128
5 0.658819 0.448636 0.007183 0.036918
5 0.650439 0.447030 0.006385 0.036918
5 0.642458 0.454254 0.009577 0.025682
5 0.612929 0.444623 0.014366 0.019262
5 0.594573 0.429374 0.022346 0.014446
5 0.555467 0.368379 0.007981 0.040128
6 0.179291 0.742551 0.031155 0.035757
6 0.214417 0.740763 0.039096 0.032181
6 0.281918 0.723480 0.039707 0.035757
6 0.368662 0.711561 0.037263 0.045292
6 0.409591 0.718117 0.037263 0.036949
6 0.459988 0.710369 0.040318 0.035757
6 0.519853 0.703218 0.036652 0.040524
6 0.577581 0.709178 0.036042 0.035757
6 0.623702 0.709774 0.031765 0.029797
6 0.621869 0.638260 0.040318 0.034565
6 0.695174 0.617998 0.045205 0.041716
6 0.695174 0.702026 0.040318 0.038141
6 0.737019 0.702622 0.040929 0.027414
6 0.923946 0.383194 0.034820 0.063170
4 0.339035 0.557211 0.028100 0.020262
4 0.546121 0.146007 0.026878 0.027414
4 0.571778 0.365316 0.017104 0.034565
4 0.599878 0.408224 0.028100 0.027414
7 0.483506 0.749106 0.005498 0.015495
7 0.540623 0.772348 0.009774 0.014303
7 0.556506 0.767580 0.006109 0.021454
7 0.565058 0.764005 0.009774 0.019070
7 0.637447 0.759833 0.010385 0.020262
7 0.661881 0.731824 0.010385 0.019070
7 0.624313 0.727056 0.009774 0.014303
5 0.936164 0.654946 0.029933 0.020262
7 0.959682 0.672229 0.012217 0.019070
5 0.460599 0.233611 0.006109 0.045292
5 0.333232 0.725864 0.018937 0.016687
7 0.235492 0.687723 0.010385 0.016687
7 0.357972 0.830155 0.014661 0.029797
7 0.985034 0.113826 0.014050 0.029797
7 0.917838 0.681168 0.012828 0.017878
7 0.436775 0.467819 0.008552 0.020262
7 0.361943 0.891538 0.007941 0.023838
7 0.586439 0.443385 0.010996 0.016687
7 0.100183 0.985697 0.009774 0.021454
7 0.138363 0.986293 0.012828 0.020262
1 0.549481 0.241176 0.032721 0.146218
3 0.167997 0.573950 0.077414 0.055462
6 0.527933 0.615966 0.037510 0.038655
7 0.366321 0.731092 0.006385 0.013445
