7 0.520200 0.497000 0.017400 0.036000
7 0.894800 0.868500 0.016700 0.026000
7 0.324200 0.936400 0.018300 0.033600
7 0.231900 0.913800 0.021500 0.038300
4 0.110600 0.677000 0.049300 0.037100
0 0.688400 0.602400 0.105200 0.081300
0 0.050600 0.562100 0.103300 0.083300
5 0.801772 0.423123 0.009163 0.066746
5 0.786500 0.422527 0.010385 0.063170
5 0.771839 0.423123 0.010385 0.057211
5 0.755651 0.442193 0.015883 0.066746
5 0.740379 0.457688 0.009774 0.061979
5 0.727245 0.424315 0.010385 0.066746
5 0.700367 0.433254 0.015272 0.051251
5 0.652413 0.415971 0.028100 0.035757
5 0.622175 0.388558 0.034820 0.021454
5 0.564753 0.279499 0.016494 0.058403
5 0.696396 0.483313 0.041539 0.032181
6 0.401649 0.818832 0.059255 0.059595
6 0.540929 0.755662 0.065363 0.061979
6 0.594991 0.834327 0.064753 0.069130
6 0.664630 0.849225 0.056200 0.058403
6 0.659133 0.765197 0.065974 0.061979
6 0.745266 0.768176 0.074527 0.065554
6 0.728467 0.701430 0.071472 0.051251
6 0.831399 0.752682 0.075748 0.058403
6 0.848198 0.846841 0.073916 0.060787
6 0.775809 0.845054 0.072083 0.059595
6 0.810324 0.599523 0.077581 0.066746
1 0.560171 0.098331 0.047648 0.189511
7 0.745571 0.342670 0.012828 0.022646
7 0.419670 0.294398 0.014661 0.035757
7 0.410812 0.341478 0.017715 0.025030
4 0.578497 0.302145 0.029322 0.070322
4 0.616066 0.318832 0.034820 0.039333
4 0.635308 0.353993 0.042761 0.038141
4 0.162187 0.551251 0.040929 0.027414
7 0.226023 0.612634 0.023213 0.028605
7 0.879047 0.909416 0.021991 0.035757
7 0.599267 0.893921 0.015883 0.035757
7 0.551008 0.933850 0.014661 0.044100
7 0.528100 0.938021 0.014050 0.023838
7 0.525046 0.907628 0.011607 0.034565
7 0.916921 0.680572 0.025657 0.047676
7 0.945632 0.481526 0.013439 0.033373
7 0.947465 0.513707 0.028100 0.023838
7 0.927611 0.502384 0.016494 0.022646
7 0.906842 0.496424 0.029933 0.025030
7 0.832010 0.405840 0.014661 0.015495
7 0.961820 0.664482 0.027489 0.027414
7 0.517410 0.086412 0.023213 0.048868
7 0.975259 0.910084 0.027135 0.048739
7 0.704310 0.348739 0.015164 0.028571
7 0.990423 0.868067 0.015962 0.031933
7 0.900638 0.905042 0.024741 0.038655
6 0.845571 0.431933 0.064645 0.060504
