7 0.781400 0.476000 0.015400 0.022200
7 0.372400 0.788200 0.011900 0.019800
7 0.681900 0.743200 0.015100 0.019500
7 0.519600 0.760100 0.013000 0.023700
7 0.087100 0.502100 0.016900 0.028000
7 0.344900 0.787800 0.011100 0.018000
7 0.578300 0.757000 0.012400 0.024400
7 0.628600 0.766000 0.013400 0.021600
7 0.591300 0.754300 0.011700 0.023500
6 0.497900 0.503900 0.032900 0.073100
4 0.016000 0.654700 0.030300 0.024900
3 0.066500 0.756700 0.093300 0.057900
0 0.038100 0.591600 0.076000 0.051400
0 0.233300 0.584300 0.067300 0.051600
0 0.474100 0.426700 0.029400 0.124500
7 0.679968 0.477528 0.011173 0.020867
5 0.700718 0.457464 0.007981 0.044944
5 0.691939 0.457464 0.007981 0.044944
5 0.683160 0.452648 0.007981 0.041734
5 0.674781 0.452648 0.008779 0.041734
5 0.664405 0.461477 0.008779 0.049759
5 0.654828 0.455056 0.007183 0.040128
5 0.646848 0.455056 0.007183 0.040128
5 0.638069 0.466292 0.013567 0.030498
5 0.607741 0.457464 0.018356 0.025682
5 0.588587 0.442215 0.023144 0.017657
5 0.550678 0.379615 0.011173 0.049759
6 0.168296 0.766389 0.032376 0.033373
6 0.204643 0.764005 0.040318 0.033373
7 0.358583 0.921335 0.008552 0.023838
7 0.512828 0.813468 0.009163 0.020262
7 0.552841 0.786651 0.008552 0.026222
6 0.682346 0.637664 0.047648 0.040524
6 0.738241 0.712157 0.037263 0.036949
6 0.405620 0.737783 0.039096 0.035757
7 0.415699 0.530393 0.006720 0.014303
7 0.404398 0.539928 0.007330 0.009535
7 0.457544 0.429678 0.007330 0.013111
7 0.443189 0.452324 0.006720 0.017878
7 0.437385 0.483909 0.010996 0.014303
4 0.332621 0.574493 0.026268 0.019070
4 0.539401 0.156138 0.028100 0.028605
4 0.565974 0.375447 0.020159 0.033373
4 0.596518 0.419547 0.027489 0.023838
5 0.325596 0.747914 0.019548 0.017878
7 0.918754 0.469011 0.012217 0.013111
7 0.920281 0.486293 0.022602 0.016687
7 0.538485 0.788439 0.009163 0.020262
7 0.018326 0.873063 0.015883 0.020262
5 0.843616 0.715733 0.025657 0.020262
7 0.807880 0.469607 0.015272 0.019070
7 0.766341 0.495828 0.015272 0.019070
7 0.781613 0.435638 0.014050 0.017878
3 0.157911 0.594756 0.081246 0.054827
7 0.343005 0.724672 0.009163 0.016687
7 0.447770 0.237187 0.004887 0.016687
1 0.543895 0.250420 0.032721 0.147899
6 0.258180 0.640336 0.045491 0.040336
6 0.340383 0.676471 0.037510 0.038655
6 0.295690 0.725210 0.040702 0.038655
4 0.250998 0.744538 0.031125 0.026891
6 0.163208 0.680672 0.043895 0.043697
6 0.455307 0.726891 0.042298 0.035294
6 0.707103 0.552101 0.039904 0.031933
6 0.792498 0.673950 0.047885 0.033613
6 0.787709 0.610084 0.047885 0.040336
6 0.574222 0.723529 0.040702 0.042017
6 0.622107 0.725210 0.032721 0.031933
6 0.984836 0.689076 0.028731 0.036975
6 0.862729 0.457143 0.047885 0.040336
