4 0.514200 0.504400 0.022300 0.035100
6 0.537111 0.701681 0.031923 0.038655
7 0.988827 0.387395 0.015962 0.018487
7 0.716281 0.592437 0.010375 0.018487
7 0.984038 0.358824 0.009577 0.025210
7 0.405028 0.949580 0.008779 0.020168
7 0.414206 0.950420 0.011173 0.021849
7 0.803671 0.637815 0.012769 0.015126
7 0.802075 0.628571 0.009577 0.016807
6 0.468476 0.816807 0.017558 0.060504
6 0.466081 0.903361 0.019154 0.062185
5 0.966480 0.325210 0.006385 0.021849
6 0.088986 0.453782 0.034318 0.030252
5 0.961293 0.615126 0.015164 0.040336
3 0.345970 0.483193 0.063049 0.045378
