6 0.535116 0.700000 0.031125 0.035294
7 0.968875 0.357983 0.011173 0.020168
7 0.993216 0.694958 0.011971 0.018487
7 0.004789 0.019328 0.009577 0.018487
7 0.408619 0.943697 0.009577 0.018487
6 0.468875 0.810084 0.016760 0.060504
6 0.466879 0.898319 0.017558 0.065546
6 0.984038 0.423529 0.028731 0.030252
5 0.950519 0.324370 0.006385 0.026891
5 0.156026 0.446218 0.018356 0.018487
4 0.524342 0.303361 0.011173 0.045378
4 0.768555 0.478151 0.025539 0.018487
6 0.848364 0.523529 0.022346 0.058824
0 0.469673 0.467227 0.053472 0.043697
