0 0.439500 0.456300 0.051300 0.045900
6 0.537111 0.699160 0.031923 0.036975
7 0.979649 0.354622 0.010375 0.026891
7 0.666002 0.487395 0.010375 0.020168
7 0.407023 0.946218 0.007981 0.016807
7 0.415802 0.947899 0.009577 0.020168
7 0.800479 0.631933 0.011173 0.016807
7 0.806065 0.630252 0.007981 0.013445
6 0.468875 0.810924 0.018356 0.062185
6 0.466879 0.900000 0.017558 0.068908
5 0.962091 0.319328 0.008779 0.026891
6 0.736233 0.425210 0.037510 0.033613
0 0.588986 0.482353 0.052674 0.040336
6 0.491620 0.362185 0.019154 0.062185
