7 0.476500 0.939000 0.013500 0.037400
7 0.709800 0.889800 0.018900 0.032900
7 0.525200 0.851600 0.014700 0.025600
0 0.435600 0.216600 0.046600 0.197800
0 0.052800 0.530000 0.110500 0.079900
5 0.799328 0.395113 0.011607 0.067938
5 0.783140 0.403456 0.010996 0.063170
5 0.770617 0.402265 0.009163 0.056019
5 0.753207 0.420143 0.015883 0.063170
5 0.741600 0.404052 0.013439 0.057211
5 0.725718 0.404052 0.009774 0.059595
5 0.715638 0.402265 0.010385 0.058403
5 0.701588 0.411204 0.018937 0.057211
5 0.652108 0.392133 0.028711 0.035757
5 0.623396 0.367104 0.034820 0.028605
5 0.565058 0.253278 0.018326 0.056019
6 0.744960 0.529797 0.071472 0.060787
6 0.592242 0.806317 0.064142 0.065554
6 0.840562 0.817044 0.074527 0.058403
7 0.985950 0.471990 0.025657 0.030989
7 0.927917 0.558999 0.023213 0.028605
7 0.948076 0.566746 0.017104 0.027414
7 0.900122 0.483909 0.031155 0.030989
7 0.925473 0.502384 0.025657 0.039333
4 0.388516 0.683552 0.056200 0.036949
4 0.167074 0.527414 0.042150 0.029797
4 0.577581 0.278903 0.031155 0.054827
4 0.615455 0.297378 0.033598 0.032181
4 0.635308 0.331943 0.040318 0.034565
7 0.527795 0.898689 0.012217 0.028605
7 0.549175 0.895709 0.013439 0.036949
7 0.412645 0.940405 0.015272 0.030989
7 0.090104 0.856377 0.031155 0.039333
5 0.021381 0.435638 0.041539 0.022646
7 0.901344 0.859952 0.016494 0.020262
7 0.382712 0.898093 0.016494 0.034565
7 0.897373 0.893921 0.018326 0.042908
7 0.705906 0.318487 0.016760 0.031933
1 0.561453 0.084874 0.048683 0.169748
7 0.604549 0.273950 0.015164 0.040336
6 0.661612 0.815126 0.054270 0.047059
