7 0.007600 0.021200 0.013600 0.020500
6 0.469000 0.817900 0.017200 0.060600
6 0.535515 0.705882 0.031923 0.036975
7 0.905028 0.755462 0.015962 0.015126
7 0.964884 0.383193 0.015962 0.016807
7 0.974461 0.369748 0.014366 0.026891
7 0.405826 0.947899 0.008779 0.020168
7 0.414605 0.951261 0.008779 0.020168
7 0.800479 0.637815 0.006385 0.015126
7 0.796089 0.642857 0.010375 0.015126
6 0.466081 0.903361 0.017558 0.065546
5 0.955307 0.334454 0.009577 0.026891
6 0.986034 0.435294 0.026337 0.033613
0 0.828412 0.494958 0.055866 0.042017
