7 0.184700 0.436100 0.016300 0.016400
3 0.724400 0.571800 0.059900 0.043100
0 0.587200 0.511900 0.052600 0.041300
0 0.650700 0.515200 0.041800 0.038800
0 0.286700 0.551900 0.049300 0.036800
0 0.944100 0.531500 0.050700 0.039400
0 0.941800 0.586900 0.054600 0.039500
0 0.526800 0.706600 0.022500 0.098200
0 0.519400 0.471100 0.022900 0.085100
7 0.051476 0.566387 0.013567 0.016807
7 0.551077 0.347899 0.011971 0.020168
7 0.538308 0.126891 0.008779 0.018487
7 0.708699 0.590756 0.009577 0.015126
4 0.456903 0.908403 0.016760 0.042017
4 0.456105 0.954622 0.023144 0.033613
4 0.442139 0.257143 0.007981 0.033613
4 0.440543 0.217647 0.007981 0.038655
4 0.442937 0.179832 0.011173 0.047059
6 0.752594 0.527731 0.030327 0.030252
6 0.445331 0.304202 0.015962 0.067227
6 0.455706 0.689076 0.017558 0.057143
6 0.449721 0.752101 0.015164 0.055462
6 0.490822 0.888235 0.017558 0.062185
4 0.596568 0.557143 0.019952 0.021849
4 0.482442 0.736134 0.008779 0.036975
3 0.519553 0.287395 0.025539 0.110924
0 0.444932 0.036134 0.023144 0.072269
0 0.487231 0.468908 0.019952 0.084034
0 0.881484 0.581513 0.048683 0.043697
0 0.228252 0.551261 0.049481 0.036975
1 0.047885 0.541176 0.062251 0.043697
0 0.478053 0.146218 0.020750 0.084034
