6 0.815000 0.602600 0.032600 0.034100
4 0.253100 0.459300 0.025800 0.019100
6 0.539106 0.705042 0.031125 0.035294
7 0.962091 0.327731 0.016760 0.020168
7 0.978452 0.362185 0.011173 0.025210
7 0.407023 0.949580 0.011173 0.020168
7 0.418196 0.950420 0.007981 0.018487
7 0.806065 0.629412 0.007981 0.021849
7 0.800479 0.638655 0.012769 0.013445
6 0.472067 0.817647 0.018356 0.058824
6 0.469673 0.906723 0.016760 0.065546
1 0.098164 0.473109 0.060654 0.045378
0 0.442937 0.493277 0.044693 0.038655
0 0.498803 0.384034 0.025539 0.099160
6 0.373504 0.479832 0.031923 0.031933
