7 0.055600 0.814100 0.018400 0.023500
7 0.975300 0.432900 0.021500 0.027900
7 0.564100 0.715400 0.012400 0.024000
7 0.746700 0.713000 0.015200 0.019800
7 0.807800 0.638500 0.017700 0.026900
7 0.533500 0.727500 0.011900 0.024600
7 0.119300 0.456500 0.016400 0.027100
7 0.818900 0.663400 0.018100 0.025400
7 0.495500 0.744500 0.010600 0.024100
7 0.775100 0.382500 0.013700 0.025500
7 0.404300 0.748800 0.012700 0.019500
6 0.859200 0.431700 0.049000 0.044700
6 0.354500 0.669500 0.041800 0.047100
4 0.078300 0.619400 0.036200 0.026100
4 0.249400 0.707000 0.029000 0.031700
3 0.067300 0.708000 0.092700 0.055100
0 0.231600 0.541500 0.061300 0.047600
0 0.040100 0.543000 0.075100 0.052200
0 0.472700 0.395000 0.030200 0.122100
5 0.697925 0.427769 0.008779 0.040128
5 0.688747 0.430979 0.006385 0.036918
5 0.681165 0.426164 0.007183 0.030498
5 0.672386 0.429374 0.007183 0.040128
5 0.663607 0.431782 0.007183 0.035313
5 0.654429 0.425361 0.007981 0.032103
5 0.644453 0.428571 0.008779 0.041734
5 0.635275 0.434992 0.012769 0.032103
5 0.605746 0.426966 0.015962 0.025682
5 0.586193 0.410915 0.023144 0.016051
5 0.548683 0.348315 0.010375 0.044944
7 0.651237 0.447833 0.011173 0.022472
7 0.351252 0.858164 0.009774 0.016687
5 0.321625 0.707390 0.016494 0.017878
6 0.483812 0.182360 0.020770 0.071514
6 0.481674 0.306913 0.038485 0.060787
6 0.430971 0.648987 0.038485 0.041716
6 0.403482 0.695471 0.039707 0.032181
6 0.452352 0.690107 0.037263 0.040524
6 0.510690 0.680572 0.037874 0.040524
6 0.571167 0.688915 0.040318 0.038141
6 0.616982 0.690703 0.032987 0.034565
6 0.730910 0.684148 0.042150 0.030989
6 0.980452 0.666865 0.036652 0.039333
6 0.202810 0.718117 0.037874 0.034565
6 0.168296 0.718713 0.032376 0.033373
7 0.441967 0.418355 0.005498 0.016687
7 0.436164 0.448749 0.010996 0.015495
7 0.414172 0.491657 0.007330 0.015495
7 0.401649 0.505364 0.007941 0.011919
4 0.332315 0.534565 0.025657 0.020262
4 0.540012 0.125745 0.026878 0.032181
7 0.561698 0.365912 0.006720 0.016687
7 0.568723 0.374851 0.006109 0.017878
4 0.564142 0.340882 0.017715 0.028605
4 0.594075 0.389154 0.027489 0.020262
7 0.403787 0.738379 0.008552 0.015495
7 0.560171 0.736591 0.008552 0.014303
7 0.548564 0.749702 0.007330 0.021454
7 0.534209 0.750298 0.010385 0.017878
7 0.760538 0.730036 0.009774 0.022646
7 0.721136 0.730036 0.011607 0.020262
7 0.892486 0.696067 0.014661 0.016687
7 0.800244 0.707986 0.014661 0.021454
3 0.160049 0.550656 0.079414 0.057211
7 0.511912 0.756257 0.013439 0.020262
7 0.129505 0.964243 0.015883 0.023838
7 0.091936 0.962455 0.012828 0.020262
7 0.452046 0.316448 0.008552 0.022646
7 0.762981 0.462455 0.018326 0.016687
1 0.544294 0.217647 0.031923 0.146218
6 0.420192 0.594958 0.040702 0.036975
6 0.286113 0.612605 0.043895 0.045378
7 0.938947 0.673109 0.008779 0.021849
6 0.848364 0.638655 0.044693 0.033613
