7 0.325200 0.957200 0.017900 0.033800
7 0.219900 0.672600 0.024000 0.036300
7 0.765800 0.395000 0.015200 0.031500
7 0.823300 0.959200 0.017700 0.033700
7 0.629900 0.958800 0.017000 0.046900
6 0.461500 0.692200 0.051900 0.113400
5 0.909600 0.542000 0.044800 0.037800
4 0.187300 0.644000 0.041100 0.031900
0 0.796500 0.705200 0.107500 0.097300
0 0.072300 0.657500 0.111300 0.080000
5 0.820709 0.464243 0.009163 0.065554
5 0.805742 0.466627 0.008552 0.060787
5 0.791998 0.461859 0.009163 0.065554
5 0.775809 0.486889 0.015883 0.063170
5 0.748015 0.471395 0.011607 0.060787
5 0.722969 0.484505 0.018937 0.056019
5 0.672572 0.467223 0.026878 0.035757
5 0.642028 0.442193 0.032987 0.019070
5 0.581552 0.338498 0.014661 0.057211
6 0.027184 0.955304 0.050703 0.056019
6 0.033293 0.853993 0.064142 0.063170
6 0.169823 0.743743 0.064753 0.054827
6 0.431277 0.895113 0.064753 0.061979
6 0.627978 0.896305 0.065974 0.061979
6 0.664020 0.805125 0.072083 0.060787
6 0.700061 0.901669 0.056200 0.051251
6 0.811851 0.895113 0.076970 0.064362
6 0.887599 0.886174 0.070861 0.056019
6 0.895846 0.796186 0.080024 0.057211
1 0.572999 0.141240 0.047648 0.237187
4 0.567807 0.014899 0.040929 0.025030
4 0.595296 0.362336 0.028711 0.054827
4 0.636530 0.368296 0.037874 0.045292
4 0.655162 0.407032 0.043372 0.034565
7 0.920281 0.495232 0.027489 0.032181
7 0.966402 0.887366 0.031765 0.036949
7 0.875382 0.974970 0.018326 0.023838
7 0.255040 0.910012 0.015272 0.027414
7 0.270922 0.921931 0.015272 0.032181
5 0.029933 0.566746 0.046426 0.029797
7 0.020159 0.729440 0.029322 0.035757
