7 0.006400 0.572800 0.009700 0.016100
7 0.183800 0.439300 0.013900 0.016000
5 0.475300 0.055200 0.010600 0.035600
0 0.626800 0.508300 0.051900 0.040800
0 0.940800 0.585600 0.053900 0.038700
0 0.881400 0.581200 0.049000 0.043200
0 0.488100 0.327900 0.021300 0.089200
7 0.550678 0.349580 0.014366 0.023529
7 0.549880 0.450420 0.009577 0.020168
7 0.546688 0.242857 0.009577 0.021849
7 0.584597 0.450420 0.008779 0.020168
7 0.231045 0.442857 0.011971 0.015126
4 0.457702 0.910924 0.019952 0.036975
4 0.459298 0.953782 0.018356 0.028571
4 0.440543 0.221008 0.007981 0.038655
4 0.441341 0.260504 0.007981 0.036975
5 0.527534 0.313445 0.009577 0.042017
6 0.473663 0.181513 0.015164 0.050420
6 0.456105 0.694118 0.018356 0.053782
6 0.451317 0.754622 0.015164 0.057143
6 0.446129 0.309244 0.015962 0.067227
3 0.525938 0.899160 0.025539 0.110924
1 0.747406 0.515126 0.059856 0.042017
1 0.050279 0.547899 0.062251 0.047059
0 0.229848 0.556303 0.049481 0.040336
0 0.287709 0.555462 0.047087 0.038655
4 0.595371 0.550420 0.023943 0.021849
0 0.444134 0.038655 0.024741 0.077311
0 0.507183 0.165546 0.019952 0.092437
0 0.505188 0.486555 0.022346 0.089076
