7 0.428300 0.810200 0.011500 0.021900
5 0.447200 0.399700 0.015600 0.040200
1 0.567900 0.599700 0.074400 0.086100
0 0.368400 0.539800 0.072200 0.056000
0 0.476200 0.191700 0.026500 0.110700
7 0.573424 0.333613 0.015164 0.031933
7 0.420591 0.384874 0.007981 0.030252
0 0.144054 0.603361 0.067837 0.050420
3 0.879888 0.624370 0.085395 0.055462
3 0.508779 0.060504 0.032721 0.117647
4 0.432163 0.225210 0.010375 0.040336
4 0.050678 0.605882 0.027933 0.038655
5 0.116520 0.480672 0.030327 0.023529
6 0.069034 0.521008 0.050279 0.043697
6 0.183559 0.531933 0.049481 0.042017
6 0.292498 0.612605 0.045491 0.035294
6 0.436552 0.279832 0.020750 0.078992
6 0.438547 0.875630 0.021548 0.073950
6 0.696728 0.584034 0.038308 0.042017
