6 0.534717 0.700000 0.030327 0.031933
7 0.982442 0.392437 0.012769 0.015126
7 0.618117 0.251261 0.011971 0.025210
7 0.961692 0.352101 0.012769 0.021849
7 0.936153 0.918487 0.007981 0.011765
7 0.946129 0.921008 0.010375 0.020168
7 0.035515 0.218487 0.008779 0.020168
7 0.409018 0.938655 0.010375 0.025210
7 0.418994 0.944538 0.009577 0.016807
6 0.470072 0.812605 0.017558 0.058824
6 0.469274 0.895798 0.017558 0.063866
6 0.980846 0.419328 0.035116 0.031933
6 0.780128 0.594958 0.032721 0.033613
6 0.989226 0.472269 0.019952 0.033613
5 0.945331 0.315966 0.008779 0.036975
1 0.351955 0.491597 0.054270 0.045378
