6 0.535116 0.701681 0.031125 0.035294
7 0.961293 0.348739 0.010375 0.018487
7 0.956105 0.904202 0.012769 0.020168
7 0.944932 0.909244 0.011173 0.016807
7 0.986433 0.649580 0.017558 0.018487
7 0.985634 0.668908 0.014366 0.013445
7 0.410615 0.943697 0.007183 0.021849
7 0.418595 0.950420 0.010375 0.018487
6 0.470471 0.814286 0.018356 0.058824
6 0.469673 0.900840 0.016760 0.063866
6 0.980846 0.414286 0.036712 0.031933
6 0.779330 0.595798 0.032721 0.031933
6 0.923384 0.883193 0.025539 0.058824
5 0.944134 0.315126 0.009577 0.031933
5 0.199920 0.557143 0.018356 0.018487
5 0.208699 0.588235 0.019952 0.016807
1 0.875100 0.359664 0.034318 0.100840
