6 0.533919 0.700840 0.030327 0.033613
7 0.546688 0.267227 0.009577 0.026891
7 0.968875 0.368908 0.011173 0.021849
7 0.945730 0.944538 0.011173 0.020168
7 0.456504 0.897479 0.006385 0.016807
6 0.466879 0.810924 0.015962 0.058824
6 0.464086 0.896639 0.016760 0.065546
6 0.983639 0.436134 0.027933 0.031933
0 0.350758 0.469748 0.043895 0.038655
4 0.199521 0.549580 0.025539 0.016807
5 0.946528 0.380672 0.017558 0.038655
6 0.780527 0.605042 0.033520 0.030252
6 0.903432 0.686555 0.025539 0.062185
7 0.942139 0.943697 0.007183 0.015126
