7 0.932300 0.430400 0.020900 0.027800
7 0.508100 0.899900 0.017600 0.036600
7 0.323900 0.529600 0.022800 0.032300
7 0.288800 0.897100 0.019800 0.030600
7 0.345800 0.497200 0.019600 0.029500
7 0.421200 0.077400 0.017500 0.038400
7 0.338100 0.897000 0.017800 0.034400
7 0.912900 0.396700 0.018400 0.032500
4 0.175600 0.543300 0.037200 0.032400
5 0.798412 0.403456 0.008552 0.065554
5 0.783751 0.404052 0.009774 0.059595
5 0.770312 0.403456 0.008552 0.063170
5 0.752596 0.423719 0.014661 0.067938
5 0.726023 0.405840 0.009163 0.063170
5 0.700367 0.417759 0.016494 0.056019
6 0.694563 0.482718 0.063531 0.059595
5 0.653024 0.401073 0.025657 0.032181
5 0.623396 0.374851 0.031155 0.022646
5 0.566891 0.265197 0.018326 0.053635
6 0.204337 0.696067 0.067807 0.059595
6 0.287721 0.785459 0.067196 0.071514
6 0.411118 0.802145 0.058644 0.050060
6 0.597740 0.812277 0.062920 0.058403
6 0.667379 0.821812 0.054368 0.046484
6 0.778558 0.821216 0.069029 0.059595
6 0.848503 0.817640 0.065974 0.057211
6 0.821930 0.743743 0.075137 0.057211
4 0.579414 0.288439 0.032376 0.050060
4 0.617593 0.299166 0.037874 0.042908
4 0.635614 0.342670 0.042150 0.036949
7 0.346671 0.870679 0.015272 0.034565
7 0.535736 0.911204 0.015883 0.034565
7 0.557422 0.905244 0.012828 0.039333
7 0.536652 0.852801 0.012828 0.027414
7 0.545816 0.874255 0.010385 0.017878
7 0.772755 0.868892 0.020770 0.030989
7 0.840257 0.883194 0.026268 0.028605
7 0.872938 0.862336 0.021991 0.029797
7 0.951436 0.816448 0.027489 0.038141
7 0.898900 0.518474 0.028711 0.038141
7 0.978619 0.355185 0.023213 0.023838
7 0.562309 0.744934 0.021381 0.028605
7 0.581246 0.743743 0.020159 0.026222
7 0.343311 0.926698 0.015883 0.025030
7 0.741906 0.325983 0.016494 0.022646
5 0.023824 0.463647 0.042761 0.026222
7 0.695930 0.327731 0.014366 0.026891
0 0.061053 0.556303 0.106145 0.077311
1 0.559457 0.092437 0.047885 0.178151
