7 0.499600 0.705900 0.015000 0.025800
7 0.950600 0.689100 0.025800 0.032100
7 0.733400 0.769000 0.018000 0.032000
7 0.469400 0.244100 0.015900 0.032400
7 0.780800 0.741400 0.015700 0.026300
7 0.583100 0.777600 0.015400 0.027600
7 0.941400 0.289000 0.018000 0.030300
7 0.797500 0.772000 0.018300 0.030000
7 0.738400 0.664800 0.021500 0.034800
6 0.629400 0.585000 0.058600 0.063600
6 0.438000 0.598400 0.057300 0.066100
4 0.194600 0.451100 0.040300 0.027900
0 0.448400 0.140200 0.044500 0.194900
0 0.085700 0.462300 0.108300 0.080400
5 0.800550 0.298570 0.010385 0.067938
5 0.786194 0.302741 0.009774 0.054827
5 0.771839 0.300358 0.010385 0.054827
5 0.757178 0.323004 0.012828 0.052443
5 0.746182 0.300358 0.009163 0.054827
5 0.730605 0.305125 0.009774 0.052443
5 0.721136 0.299166 0.009163 0.066746
5 0.705864 0.316448 0.017715 0.051251
5 0.660049 0.296782 0.026268 0.038141
5 0.630422 0.274732 0.031765 0.020262
5 0.574527 0.170441 0.016494 0.052443
6 0.509163 0.058403 0.038485 0.116806
6 0.810935 0.438617 0.072694 0.064362
6 0.036347 0.733015 0.067807 0.047676
6 0.504887 0.672229 0.060476 0.052443
6 0.611179 0.697259 0.059255 0.054827
6 0.677153 0.703814 0.053146 0.048868
6 0.850641 0.696067 0.069029 0.054827
7 0.736103 0.687128 0.012217 0.025030
7 0.852779 0.737187 0.029322 0.027414
7 0.867746 0.765197 0.025046 0.023838
7 0.956017 0.399881 0.032987 0.029797
7 0.984728 0.383790 0.025657 0.023838
7 0.908980 0.235399 0.014661 0.027414
7 0.921503 0.235399 0.012828 0.027414
7 0.902566 0.362932 0.031155 0.027414
7 0.982896 0.777116 0.025657 0.033373
7 0.645999 0.334327 0.018937 0.032181
7 0.906231 0.768772 0.015272 0.038141
4 0.585828 0.194875 0.028100 0.051251
4 0.624313 0.204410 0.034209 0.034565
4 0.641417 0.241955 0.043983 0.033373
7 0.547648 0.790226 0.014050 0.030989
7 0.569640 0.793802 0.012828 0.033373
7 0.708699 0.230252 0.014366 0.030252
