7 0.476500 0.836200 0.017000 0.032100
7 0.537600 0.816700 0.015600 0.023600
7 0.949800 0.671200 0.022600 0.026100
7 0.717700 0.805700 0.018400 0.030000
7 0.506500 0.798400 0.015200 0.024700
7 0.561000 0.833000 0.014300 0.025100
7 0.551500 0.780500 0.014100 0.022400
7 0.993500 0.813700 0.013500 0.035500
7 0.820100 0.813700 0.020500 0.035000
6 0.473200 0.536200 0.057200 0.069200
4 0.203100 0.476700 0.039500 0.031800
0 0.092600 0.488400 0.103700 0.081200
0 0.459100 0.163100 0.047800 0.211900
5 0.816432 0.324791 0.009163 0.063170
5 0.801466 0.330751 0.010996 0.053635
5 0.788027 0.329559 0.008552 0.058403
5 0.773977 0.350417 0.012217 0.054827
5 0.763286 0.331943 0.011607 0.053635
5 0.745571 0.333731 0.009163 0.054827
5 0.735797 0.332539 0.009163 0.057211
5 0.720525 0.343266 0.017715 0.052443
5 0.674710 0.325387 0.028711 0.038141
5 0.642334 0.301549 0.029933 0.019070
5 0.587660 0.196663 0.015883 0.052443
6 0.089188 0.687723 0.078192 0.059595
6 0.041539 0.764005 0.070861 0.052443
6 0.515883 0.704410 0.059255 0.061979
6 0.623702 0.731228 0.059866 0.060787
6 0.690593 0.738379 0.053146 0.048868
6 0.867746 0.730632 0.069029 0.054827
5 0.510690 0.781883 0.030544 0.028605
7 0.375076 0.643027 0.021991 0.036949
7 0.854918 0.806317 0.023824 0.027414
7 0.887599 0.777116 0.030544 0.026222
7 0.914783 0.770560 0.020159 0.022646
7 0.580024 0.826579 0.015272 0.032181
7 0.886988 0.337306 0.024435 0.030989
7 0.917838 0.393921 0.031155 0.027414
7 0.979230 0.366508 0.026878 0.025030
7 0.976176 0.533373 0.028100 0.029797
7 0.905620 0.682360 0.018937 0.034565
7 0.920281 0.688915 0.012828 0.026222
7 0.614844 0.796782 0.018937 0.029797
5 0.052841 0.397497 0.047037 0.027414
4 0.597434 0.221097 0.029322 0.048868
4 0.639279 0.234803 0.038485 0.030989
4 0.655773 0.266985 0.043372 0.035757
7 0.923335 0.805721 0.016494 0.035757
7 0.723464 0.254622 0.018356 0.025210
