4 0.144500 0.458400 0.025700 0.023000
0 0.484900 0.418700 0.045800 0.093600
6 0.539106 0.705882 0.031125 0.036975
7 0.959298 0.328571 0.017558 0.021849
7 0.978452 0.361345 0.011173 0.023529
7 0.407821 0.951261 0.009577 0.016807
7 0.418196 0.950420 0.007981 0.018487
7 0.804469 0.631933 0.007981 0.016807
7 0.797287 0.636975 0.012769 0.013445
6 0.471668 0.815966 0.017558 0.058824
6 0.469673 0.905882 0.016760 0.067227
6 0.321628 0.481513 0.031923 0.031933
6 0.859537 0.599160 0.035116 0.035294
2 0.958500 0.488235 0.081405 0.055462
0 0.410215 0.489916 0.043097 0.042017
