7 0.056400 0.822500 0.020800 0.023100
7 0.361400 0.563600 0.014400 0.021900
7 0.612700 0.744900 0.014200 0.022600
7 0.463500 0.314800 0.013100 0.026800
7 0.644800 0.732600 0.014300 0.023700
7 0.786600 0.693900 0.016600 0.020900
7 0.483700 0.378800 0.012900 0.022100
7 0.474400 0.366300 0.012900 0.020100
7 0.477400 0.334500 0.013700 0.023900
7 0.447800 0.789200 0.010700 0.020400
7 0.569700 0.746500 0.012400 0.021600
7 0.359200 0.544500 0.017500 0.021400
7 0.766800 0.488100 0.018500 0.026000
7 0.900300 0.395100 0.014100 0.020400
7 0.573400 0.727900 0.009700 0.020500
6 0.542200 0.468900 0.033200 0.067000
0 0.896400 0.507300 0.066300 0.079500
0 0.095900 0.652300 0.068800 0.060500
0 0.508200 0.484400 0.042200 0.103900
0 0.244100 0.557200 0.064400 0.050400
0 0.052300 0.562600 0.071100 0.048400
0 0.983200 0.388900 0.035800 0.094100
5 0.719609 0.434446 0.008552 0.032181
5 0.704643 0.438021 0.006720 0.034565
5 0.695480 0.439213 0.006720 0.039333
5 0.686622 0.439213 0.006109 0.036949
5 0.680208 0.439809 0.005498 0.035757
5 0.668907 0.442789 0.006109 0.036949
5 0.658522 0.442193 0.006109 0.035757
5 0.651191 0.441001 0.006109 0.033373
5 0.643250 0.447557 0.008552 0.032181
5 0.613622 0.435638 0.014050 0.025030
5 0.593158 0.423719 0.020770 0.013111
5 0.555589 0.358760 0.009163 0.035757
6 0.180208 0.735399 0.030544 0.030989
6 0.216249 0.733611 0.041539 0.034565
6 0.371717 0.703218 0.037263 0.050060
6 0.412951 0.709774 0.036652 0.034565
6 0.461515 0.702026 0.042150 0.033373
6 0.624924 0.701430 0.032987 0.032181
6 0.737630 0.691895 0.038485 0.032181
6 0.980452 0.272348 0.024435 0.058403
6 0.922114 0.374255 0.034820 0.061979
4 0.546732 0.140048 0.025657 0.027414
4 0.601710 0.401669 0.024435 0.023838
4 0.342089 0.548272 0.025657 0.016687
7 0.560476 0.743147 0.010385 0.017878
7 0.558033 0.761621 0.007941 0.019070
7 0.543067 0.764601 0.009774 0.017878
7 0.628894 0.733611 0.009163 0.015495
7 0.623702 0.718713 0.008552 0.014303
7 0.721136 0.740167 0.014050 0.019070
7 0.807575 0.719905 0.013439 0.016687
7 0.817349 0.717521 0.012217 0.016687
7 0.959377 0.665077 0.016494 0.016687
7 0.877520 0.438021 0.015272 0.015495
5 0.475870 0.413588 0.010996 0.047676
5 0.333537 0.719905 0.021991 0.014303
3 0.170739 0.569726 0.077581 0.052443
7 0.489615 0.350417 0.012828 0.021454
7 0.375687 0.807509 0.010996 0.022646
7 0.142028 0.977354 0.011607 0.021454
7 0.105376 0.976162 0.010385 0.019070
6 0.507183 0.211765 0.021548 0.070588
7 0.557462 0.311765 0.013567 0.021849
1 0.550678 0.232773 0.030327 0.146218
4 0.572227 0.355462 0.020750 0.038655
6 0.485634 0.591597 0.039106 0.047059
6 0.356345 0.635294 0.037510 0.043697
7 0.099761 0.542857 0.012769 0.016807
7 0.484437 0.675630 0.007981 0.016807
7 0.488428 0.687395 0.009577 0.020168
6 0.696728 0.692437 0.041500 0.036975
6 0.632881 0.641176 0.041500 0.035294
6 0.578611 0.698319 0.039904 0.038655
6 0.982841 0.671429 0.032721 0.035294
6 0.771349 0.642017 0.047087 0.036975
