7 0.300800 0.592500 0.014600 0.029500
7 0.106400 0.827800 0.018600 0.022600
7 0.406000 0.638400 0.011600 0.024000
7 0.150700 0.511300 0.014200 0.022600
7 0.772400 0.477500 0.020100 0.023700
7 0.473000 0.111900 0.012000 0.027100
7 0.871700 0.694100 0.020000 0.025100
7 0.721400 0.744000 0.012500 0.025300
7 0.174300 0.529900 0.016200 0.021400
7 0.314400 0.593900 0.014100 0.025100
7 0.690200 0.733400 0.015000 0.023200
7 0.395400 0.762400 0.009200 0.022200
7 0.184900 0.808000 0.013900 0.021200
7 0.379300 0.791100 0.010500 0.020000
7 0.781200 0.698600 0.017000 0.026800
7 0.650300 0.753700 0.011600 0.024400
6 0.568500 0.472500 0.034000 0.056500
6 0.948000 0.563100 0.046200 0.044300
6 0.846800 0.523400 0.043800 0.052400
6 0.867800 0.449100 0.043300 0.038800
6 0.589200 0.618500 0.039100 0.057200
6 0.859000 0.594800 0.048500 0.053000
6 0.517100 0.317100 0.022500 0.064100
6 0.701800 0.657500 0.038800 0.041100
5 0.806100 0.634500 0.032200 0.025000
4 0.632700 0.548200 0.028700 0.033200
0 0.723700 0.556600 0.065900 0.055600
0 0.049000 0.573800 0.074200 0.050300
0 0.242000 0.568200 0.065100 0.049500
0 0.480500 0.417700 0.029600 0.125100
5 0.722267 0.443018 0.009577 0.041734
5 0.705906 0.447833 0.008779 0.041734
5 0.696728 0.443018 0.006385 0.038523
5 0.688747 0.447030 0.007981 0.040128
5 0.680367 0.447030 0.007183 0.040128
5 0.669593 0.449438 0.006385 0.041734
5 0.651237 0.449438 0.007981 0.035313
5 0.642458 0.456661 0.009577 0.030498
5 0.612530 0.447030 0.013567 0.024077
5 0.594174 0.431782 0.021548 0.019262
5 0.557063 0.367576 0.009577 0.038523
6 0.179291 0.747914 0.031155 0.032181
6 0.213195 0.746722 0.037874 0.034565
6 0.282834 0.727056 0.039096 0.033373
6 0.370495 0.718713 0.036042 0.059595
6 0.412034 0.723480 0.039707 0.038141
6 0.462431 0.713945 0.043983 0.035757
6 0.626451 0.713945 0.032376 0.033373
6 0.697618 0.704410 0.041539 0.035757
6 0.740073 0.703814 0.040929 0.029797
6 0.984117 0.680572 0.029322 0.038141
4 0.546426 0.146603 0.028711 0.028605
4 0.572694 0.367700 0.017715 0.041716
4 0.600794 0.408820 0.025046 0.021454
4 0.340562 0.558999 0.026268 0.021454
7 0.459682 0.393921 0.011607 0.025030
7 0.558644 0.772348 0.009163 0.023838
7 0.543677 0.775328 0.010996 0.017878
5 0.874465 0.623361 0.027489 0.014303
5 0.333842 0.734207 0.021381 0.014303
7 0.387599 0.762813 0.009163 0.016687
5 0.888821 0.419547 0.023213 0.023838
7 0.103238 0.987485 0.014661 0.015495
7 0.141723 0.989869 0.012217 0.015495
7 0.193952 0.778308 0.016494 0.019070
7 0.364386 0.894517 0.006720 0.017878
7 0.974649 0.305721 0.011607 0.017878
1 0.550678 0.242017 0.031923 0.147899
3 0.168396 0.576471 0.076616 0.053782
6 0.579808 0.710924 0.037510 0.040336
6 0.520351 0.704202 0.036712 0.040336
4 0.645650 0.584034 0.035116 0.025210
6 0.895052 0.665546 0.042298 0.040336
6 0.926576 0.382353 0.035116 0.062185
