7 0.222100 0.752600 0.011800 0.020700
7 0.220300 0.733600 0.013900 0.020600
7 0.819500 0.677000 0.014800 0.024800
7 0.620800 0.715800 0.014900 0.023900
6 0.861200 0.419900 0.050300 0.041900
6 0.720800 0.628000 0.045800 0.048700
4 0.462900 0.541500 0.031500 0.026000
4 0.772200 0.572300 0.032400 0.030800
0 0.039700 0.534400 0.075100 0.051900
0 0.473200 0.383400 0.029100 0.126600
0 0.233300 0.531700 0.067900 0.052600
5 0.697925 0.414928 0.005587 0.036918
5 0.688747 0.413323 0.006385 0.030498
5 0.681564 0.412520 0.007981 0.032103
5 0.672785 0.414928 0.006385 0.036918
5 0.663208 0.418941 0.006385 0.044944
5 0.652833 0.415730 0.009577 0.035313
5 0.644852 0.414928 0.009577 0.040128
5 0.635674 0.423756 0.010375 0.028892
5 0.605746 0.410915 0.019154 0.022472
5 0.586592 0.398876 0.022346 0.020867
5 0.549082 0.334671 0.011173 0.043339
7 0.353696 0.864720 0.006109 0.017878
5 0.323763 0.697259 0.018326 0.016687
6 0.168601 0.710965 0.031765 0.034565
6 0.204032 0.710369 0.036652 0.035757
6 0.403177 0.685936 0.037874 0.034565
6 0.453879 0.677592 0.041539 0.036949
6 0.480757 0.629321 0.039096 0.038141
6 0.571778 0.678784 0.039096 0.036949
6 0.618204 0.679380 0.031765 0.033373
6 0.981368 0.653159 0.034820 0.038141
7 0.411729 0.485101 0.007330 0.011919
7 0.400122 0.495828 0.007330 0.011919
7 0.436469 0.438021 0.007941 0.017878
7 0.443189 0.404648 0.007941 0.017878
4 0.332621 0.525626 0.026268 0.021454
7 0.465180 0.272348 0.010385 0.022646
6 0.464264 0.227652 0.020770 0.066746
4 0.539707 0.113826 0.026268 0.032181
4 0.566280 0.329559 0.019548 0.029797
4 0.595296 0.376639 0.029933 0.021454
7 0.557422 0.356377 0.010385 0.019070
7 0.350947 0.685340 0.012828 0.014303
7 0.220220 0.791418 0.012828 0.021454
7 0.564753 0.724672 0.007941 0.016687
7 0.555895 0.723480 0.007330 0.016687
7 0.549175 0.740167 0.008552 0.021454
7 0.535125 0.738975 0.008552 0.019070
7 0.761759 0.718713 0.009774 0.026222
7 0.739462 0.701430 0.015272 0.020262
7 0.815822 0.655542 0.015272 0.016687
7 0.814905 0.641240 0.014661 0.019070
7 0.828345 0.646603 0.012217 0.022646
7 0.855834 0.645411 0.014661 0.022646
7 0.855223 0.678784 0.017104 0.025030
7 0.893097 0.675209 0.015883 0.017878
7 0.763286 0.450536 0.016494 0.019070
7 0.755651 0.417759 0.010996 0.022646
7 0.804520 0.700238 0.013439 0.017878
7 0.967013 0.290822 0.012217 0.016687
7 0.099572 0.442789 0.008552 0.017878
7 0.331399 0.896901 0.010385 0.013111
3 0.157911 0.543504 0.077581 0.061979
7 0.091631 0.956496 0.013439 0.022646
7 0.130116 0.956496 0.012217 0.025030
1 0.543895 0.206723 0.031125 0.144538
6 0.330806 0.654622 0.040702 0.042017
3 0.067039 0.699160 0.090982 0.053782
4 0.250599 0.693277 0.027135 0.021849
6 0.511971 0.670588 0.037510 0.040336
6 0.639665 0.632773 0.042298 0.045378
6 0.680766 0.569748 0.043097 0.036975
6 0.719074 0.514286 0.047885 0.036975
6 0.689545 0.455462 0.039904 0.040336
6 0.733839 0.670588 0.037510 0.030252
7 0.934956 0.705882 0.013567 0.023529
