7 0.570900 0.831300 0.012300 0.017100
7 0.571100 0.807100 0.012100 0.017600
4 0.042200 0.587500 0.030100 0.037000
0 0.473000 0.194200 0.027600 0.110700
0 0.472900 0.050900 0.024900 0.094500
5 0.419792 0.165546 0.011173 0.038655
0 0.135674 0.585714 0.068635 0.048739
2 0.523543 0.247899 0.049481 0.290756
3 0.876696 0.610924 0.083799 0.052101
4 0.535914 0.064706 0.013567 0.055462
4 0.426975 0.208403 0.009577 0.036975
4 0.364725 0.553782 0.025539 0.025210
4 0.456105 0.939496 0.011971 0.053782
6 0.640064 0.506723 0.039904 0.038655
6 0.488827 0.510084 0.035914 0.038655
6 0.432562 0.859664 0.020750 0.075630
6 0.480447 0.977311 0.020750 0.038655
6 0.430567 0.262185 0.019952 0.077311
7 0.567438 0.314286 0.015962 0.026891
7 0.413408 0.360504 0.007981 0.028571
