1 0.879600 0.575400 0.036400 0.103900
6 0.535116 0.700840 0.031125 0.033613
7 0.992418 0.209244 0.011971 0.018487
7 0.961293 0.349580 0.010375 0.023529
7 0.950120 0.968067 0.008779 0.016807
7 0.942538 0.966387 0.007981 0.016807
7 0.953711 0.696639 0.014366 0.018487
7 0.954908 0.686555 0.015164 0.021849
7 0.409417 0.942857 0.009577 0.026891
7 0.418994 0.947059 0.007981 0.018487
6 0.469673 0.814286 0.018356 0.058824
6 0.468875 0.897479 0.018356 0.063866
6 0.980846 0.413445 0.036712 0.030252
6 0.779330 0.594958 0.032721 0.033613
5 0.944134 0.315966 0.007981 0.026891
5 0.075419 0.553782 0.018356 0.018487
5 0.081405 0.582353 0.017558 0.018487
