0 0.511200 0.039300 0.023800 0.077500
0 0.476400 0.301700 0.027300 0.114200
0 0.474400 0.065500 0.025700 0.098300
5 0.420990 0.176471 0.011971 0.047059
7 0.571030 0.323529 0.016760 0.028571
7 0.551875 0.031092 0.010375 0.031933
7 0.565044 0.035294 0.009577 0.033613
7 0.336393 0.442857 0.011971 0.018487
7 0.364326 0.453782 0.010375 0.023529
6 0.640064 0.510924 0.036712 0.040336
6 0.433360 0.873950 0.019154 0.073950
6 0.286512 0.606723 0.046289 0.033613
6 0.432163 0.271429 0.019952 0.085714
4 0.538707 0.068067 0.012769 0.058824
4 0.428172 0.210924 0.010375 0.038655
3 0.881484 0.618487 0.085395 0.057143
2 0.524741 0.253782 0.050279 0.292437
0 0.134876 0.596639 0.067039 0.050420
4 0.040303 0.599160 0.029529 0.038655
