7 0.493900 0.569800 0.013100 0.034200
7 0.481700 0.576300 0.013300 0.031300
7 0.534700 0.837000 0.015800 0.032500
7 0.220000 0.533800 0.023300 0.034600
7 0.963300 0.707100 0.021800 0.030400
0 0.577800 0.067000 0.051100 0.133000
0 0.454700 0.080700 0.056000 0.159600
0 0.072900 0.494000 0.105800 0.085200
5 0.731827 0.364124 0.008552 0.060787
5 0.815822 0.362932 0.009163 0.065554
5 0.800550 0.369487 0.010385 0.061979
5 0.785889 0.365316 0.011607 0.056019
5 0.770006 0.385578 0.011607 0.065554
5 0.759010 0.368296 0.012828 0.059595
5 0.741906 0.369487 0.011607 0.064362
5 0.717471 0.376043 0.020159 0.065554
5 0.669823 0.353993 0.029933 0.035757
5 0.638668 0.327771 0.036042 0.026222
5 0.580635 0.221692 0.017715 0.064362
6 0.843922 0.406436 0.069029 0.052443
6 0.845144 0.494636 0.075137 0.059595
6 0.842700 0.576877 0.076359 0.066746
6 0.861637 0.656138 0.069029 0.053635
6 0.859499 0.783075 0.072083 0.064362
6 0.678986 0.780691 0.055589 0.050060
6 0.609346 0.772944 0.064142 0.065554
7 0.980452 0.671037 0.017104 0.019070
4 0.594075 0.244934 0.027489 0.044100
4 0.633476 0.259237 0.036652 0.034565
4 0.651191 0.293802 0.043983 0.034565
4 0.183262 0.487485 0.043983 0.030989
7 0.244655 0.840882 0.028711 0.032181
7 0.249542 0.893325 0.016494 0.036949
7 0.422724 0.924911 0.015883 0.033373
7 0.492059 0.936234 0.011607 0.051251
7 0.544288 0.869487 0.015883 0.025030
7 0.565974 0.866508 0.012828 0.042908
7 0.664630 0.826579 0.010996 0.029797
7 0.726634 0.849821 0.023824 0.038141
7 0.905315 0.822408 0.023213 0.028605
7 0.944105 0.424315 0.023824 0.026222
7 0.917838 0.447557 0.028711 0.027414
5 0.030849 0.397497 0.048259 0.022646
7 0.915699 0.862336 0.018326 0.039333
7 0.719473 0.289076 0.018356 0.030252
