6 0.984200 0.410200 0.035400 0.033700
6 0.537510 0.699160 0.031125 0.033613
7 0.994014 0.200000 0.010375 0.020168
7 0.964086 0.344538 0.011173 0.020168
7 0.995211 0.642017 0.006385 0.013445
7 0.992817 0.659664 0.011173 0.008403
7 0.413009 0.942857 0.010375 0.020168
7 0.422187 0.944538 0.009577 0.020168
6 0.472865 0.811765 0.018356 0.057143
6 0.471668 0.894958 0.017558 0.065546
0 0.480048 0.372269 0.029529 0.099160
1 0.647646 0.481513 0.061453 0.042017
3 0.392259 0.475630 0.063049 0.040336
5 0.713488 0.537815 0.022346 0.016807
5 0.722666 0.555462 0.021548 0.015126
5 0.947725 0.309244 0.007183 0.030252
6 0.349162 0.573109 0.032721 0.030252
6 0.782921 0.589916 0.033520 0.033613
6 0.947725 0.463866 0.039106 0.030252
