6 0.480100 0.171700 0.018100 0.054400
0 0.586300 0.511900 0.051200 0.040900
0 0.650400 0.515100 0.040900 0.036800
0 0.368500 0.512500 0.047000 0.038200
0 0.942000 0.587000 0.054300 0.039000
0 0.749000 0.519100 0.049000 0.039600
0 0.480900 0.472600 0.022500 0.083800
7 0.046688 0.568067 0.010375 0.023529
7 0.543097 0.257983 0.010375 0.018487
7 0.549481 0.347059 0.013567 0.021849
7 0.713887 0.595798 0.010375 0.011765
7 0.097765 0.431092 0.015164 0.018487
4 0.455706 0.910924 0.019154 0.043697
4 0.455706 0.954622 0.019154 0.033613
4 0.441341 0.256303 0.007981 0.035294
4 0.440144 0.216807 0.007183 0.036975
4 0.443336 0.184034 0.008779 0.048739
0 0.444134 0.036134 0.023144 0.072269
0 0.510774 0.075630 0.020750 0.087395
0 0.517159 0.455462 0.020750 0.087395
0 0.882283 0.581513 0.048683 0.043697
0 0.284916 0.551261 0.047885 0.036975
0 0.227055 0.552101 0.050279 0.038655
1 0.045491 0.542017 0.062251 0.045378
3 0.528332 0.954622 0.023943 0.087395
3 0.725060 0.569748 0.059856 0.040336
4 0.594972 0.555462 0.023144 0.025210
4 0.476856 0.339496 0.010375 0.043697
6 0.844773 0.505042 0.031125 0.031933
6 0.703512 0.527731 0.031125 0.030252
6 0.444932 0.304202 0.016760 0.067227
6 0.454908 0.690756 0.015962 0.053782
6 0.448923 0.753782 0.015164 0.055462
