5 0.466800 0.420500 0.010000 0.033700
0 0.627300 0.506700 0.051500 0.039700
0 0.941000 0.585100 0.053600 0.038700
0 0.445100 0.038900 0.022900 0.078600
0 0.487500 0.091700 0.023100 0.100800
7 0.584996 0.447059 0.009577 0.016807
7 0.551875 0.349580 0.011971 0.023529
7 0.704709 0.597479 0.009577 0.015126
7 0.096169 0.433613 0.011971 0.016807
7 0.140463 0.436975 0.015962 0.016807
4 0.458500 0.906723 0.018356 0.038655
4 0.459298 0.953782 0.019952 0.031933
4 0.440942 0.221008 0.008779 0.038655
4 0.442139 0.257983 0.007981 0.035294
5 0.537111 0.715126 0.009577 0.042017
4 0.594972 0.549580 0.026337 0.023529
6 0.446129 0.309244 0.015962 0.067227
6 0.488428 0.300000 0.015962 0.052101
6 0.482841 0.695798 0.015962 0.057143
6 0.456504 0.691597 0.019154 0.055462
6 0.450918 0.754622 0.015962 0.053782
6 0.924581 0.516807 0.031125 0.031933
1 0.049880 0.545378 0.063049 0.045378
1 0.708699 0.515126 0.059058 0.042017
0 0.517558 0.880672 0.023144 0.090756
0 0.230247 0.555462 0.050279 0.038655
0 0.288109 0.556303 0.047885 0.040336
0 0.880686 0.579832 0.048683 0.043697
4 0.464086 0.341176 0.008779 0.043697
