7 0.481600 0.573100 0.013300 0.022400
7 0.775000 0.411600 0.019700 0.025000
7 0.838800 0.355000 0.019000 0.023800
7 0.443700 0.675000 0.012500 0.029900
7 0.760900 0.674800 0.013800 0.023600
7 0.474500 0.263200 0.013000 0.027000
7 0.295500 0.510200 0.016200 0.021800
6 0.542400 0.414600 0.032100 0.075300
4 0.345500 0.481700 0.027700 0.028700
3 0.080500 0.643600 0.092400 0.054500
0 0.314400 0.560800 0.072800 0.054600
0 0.055200 0.478900 0.075100 0.053900
0 0.819500 0.512700 0.063600 0.052900
0 0.487200 0.345200 0.029700 0.124600
0 0.246800 0.483600 0.064600 0.056800
5 0.710694 0.386838 0.007183 0.035313
5 0.700718 0.386838 0.006385 0.032103
5 0.693136 0.386838 0.008779 0.032103
5 0.685156 0.387640 0.007183 0.033708
5 0.674781 0.390048 0.007183 0.038523
5 0.656824 0.385233 0.006385 0.035313
5 0.648045 0.393258 0.011173 0.032103
5 0.617717 0.381220 0.017558 0.020867
5 0.598962 0.365169 0.021548 0.017657
5 0.564246 0.304173 0.011173 0.046549
6 0.215638 0.658522 0.037874 0.032181
6 0.181429 0.657926 0.034209 0.033373
6 0.463348 0.638260 0.043372 0.039333
6 0.415394 0.645411 0.039096 0.036949
6 0.378131 0.634088 0.039096 0.059595
6 0.628283 0.644219 0.032376 0.032181
6 0.982896 0.631704 0.032987 0.040524
6 0.518937 0.150775 0.022602 0.075089
6 0.519548 0.308701 0.021381 0.073897
1 0.558644 0.172229 0.029933 0.144219
4 0.556811 0.079857 0.028711 0.035757
4 0.579414 0.299762 0.020159 0.039333
4 0.607819 0.341478 0.026878 0.027414
7 0.474649 0.216925 0.012217 0.021454
7 0.481674 0.246126 0.007941 0.015495
7 0.464569 0.253278 0.007941 0.017878
7 0.447770 0.407032 0.008552 0.020262
5 0.336591 0.650775 0.019548 0.014303
7 0.216860 0.707390 0.012217 0.013111
7 0.544899 0.703814 0.009774 0.017878
7 0.558338 0.700834 0.007330 0.021454
7 0.568723 0.691299 0.008552 0.014303
7 0.626756 0.685340 0.008552 0.019070
7 0.658522 0.689511 0.013439 0.022646
7 0.475565 0.060787 0.009163 0.021454
7 0.779780 0.352205 0.010385 0.020262
7 0.102016 0.898093 0.012217 0.020262
7 0.139585 0.901073 0.011607 0.021454
7 0.419670 0.448153 0.010996 0.014303
7 0.363775 0.812872 0.009163 0.016687
7 0.531155 0.662098 0.012828 0.020262
7 0.132083 0.442857 0.010375 0.018487
3 0.173982 0.489916 0.076616 0.058824
6 0.582203 0.641176 0.037510 0.035294
6 0.522346 0.632773 0.037510 0.035294
6 0.387071 0.578151 0.038308 0.036975
6 0.743017 0.641176 0.038308 0.031933
6 0.698324 0.642017 0.043097 0.036975
6 0.659218 0.592437 0.039904 0.035294
6 0.946528 0.563025 0.043097 0.036975
6 0.895850 0.608403 0.043895 0.040336
6 0.870311 0.394958 0.047087 0.036975
