4 0.687600 0.570000 0.032500 0.023300
4 0.613500 0.534200 0.034600 0.027800
4 0.476200 0.068700 0.013300 0.050500
1 0.209400 0.621300 0.091400 0.064400
0 0.473400 0.328800 0.030900 0.120300
0 0.510800 0.127400 0.031500 0.116200
0 0.123200 0.629400 0.071400 0.051200
7 0.305666 0.652941 0.012769 0.021849
7 0.565044 0.337815 0.014366 0.030252
6 0.893057 0.536134 0.041500 0.036975
6 0.429370 0.146218 0.027135 0.084034
6 0.422586 0.286555 0.021548 0.085714
6 0.476457 0.864706 0.022346 0.075630
6 0.429370 0.904202 0.020750 0.077311
4 0.883081 0.578151 0.031125 0.026891
4 0.418196 0.227731 0.007981 0.038655
4 0.057462 0.628571 0.017558 0.033613
4 0.025938 0.633613 0.031125 0.040336
3 0.885874 0.632773 0.084597 0.055462
