7 0.405300 0.563300 0.011900 0.027900
7 0.430800 0.686800 0.015000 0.023900
0 0.133300 0.585900 0.068200 0.045900
0 0.473100 0.193700 0.027900 0.111700
0 0.473100 0.050200 0.025400 0.095900
0 0.509900 0.034100 0.024500 0.066400
5 0.420591 0.166387 0.009577 0.040336
6 0.799282 0.520168 0.040702 0.035294
7 0.572626 0.488235 0.011971 0.028571
7 0.579808 0.512605 0.010375 0.020168
4 0.037510 0.591597 0.031923 0.036975
4 0.537510 0.057143 0.011971 0.050420
4 0.424980 0.206723 0.010375 0.040336
6 0.431365 0.865546 0.019952 0.077311
6 0.429769 0.262185 0.019952 0.084034
7 0.569034 0.317647 0.015962 0.030252
3 0.879888 0.612605 0.085395 0.055462
2 0.523543 0.246218 0.049481 0.290756
