1 0.043500 0.545600 0.062500 0.044900
1 0.619900 0.511000 0.061400 0.045700
0 0.388300 0.513200 0.050400 0.043000
0 0.945100 0.596700 0.055000 0.039100
0 0.523200 0.852200 0.022100 0.093000
0 0.445800 0.038300 0.022400 0.076900
7 0.551476 0.352101 0.012769 0.021849
7 0.581405 0.452941 0.010375 0.018487
7 0.323224 0.449580 0.009577 0.015126
4 0.454110 0.917647 0.020750 0.040336
4 0.454908 0.963866 0.020750 0.031933
4 0.500399 0.577311 0.007981 0.042017
4 0.441740 0.260504 0.008779 0.033613
4 0.441740 0.221008 0.007183 0.038655
4 0.532721 0.647059 0.008779 0.036975
6 0.446129 0.310084 0.017558 0.068908
6 0.678771 0.497479 0.031125 0.033613
6 0.520750 0.522689 0.016760 0.057143
6 0.448125 0.760504 0.015164 0.055462
6 0.455307 0.698319 0.018356 0.052101
6 0.501596 0.663866 0.016760 0.053782
6 0.479649 0.638655 0.017558 0.057143
6 0.280926 0.507563 0.033520 0.030252
0 0.484038 0.389076 0.019952 0.085714
0 0.285315 0.556303 0.048683 0.036975
0 0.226656 0.556303 0.049481 0.040336
