6 0.535515 0.698319 0.031923 0.035294
7 0.975259 0.357983 0.011173 0.023529
7 0.588986 0.637815 0.009577 0.018487
7 0.758978 0.426050 0.011173 0.015126
7 0.407422 0.944538 0.010375 0.016807
7 0.415004 0.947899 0.011173 0.016807
7 0.796089 0.633613 0.008779 0.013445
7 0.799681 0.628571 0.009577 0.016807
6 0.468875 0.809244 0.018356 0.062185
6 0.466879 0.897479 0.017558 0.060504
6 0.986832 0.425210 0.023144 0.033613
5 0.957702 0.322689 0.009577 0.023529
6 0.690343 0.434454 0.036712 0.038655
6 0.410215 0.457983 0.033520 0.035294
0 0.131285 0.457143 0.050279 0.040336
0 0.335595 0.465546 0.045491 0.040336
3 0.946528 0.495798 0.073424 0.047059
