7 0.441400 0.648900 0.008500 0.019000
1 0.049900 0.544600 0.062200 0.044900
1 0.619200 0.510200 0.058100 0.043800
0 0.287700 0.556200 0.050400 0.036700
0 0.939000 0.594100 0.054900 0.039200
0 0.026300 0.480900 0.050100 0.045900
0 0.518800 0.351300 0.019500 0.077100
0 0.516000 0.223300 0.022600 0.091700
0 0.482500 0.239000 0.022400 0.092400
7 0.551077 0.354622 0.013567 0.026891
7 0.581006 0.451261 0.009577 0.018487
7 0.246209 0.444538 0.010375 0.015126
4 0.454110 0.910924 0.022346 0.036975
4 0.455706 0.956303 0.019154 0.033613
4 0.441740 0.224370 0.008779 0.035294
4 0.442937 0.263025 0.007981 0.035294
7 0.430168 0.046218 0.009577 0.021849
0 0.446129 0.039496 0.023943 0.078992
0 0.486034 0.047059 0.020750 0.087395
4 0.484836 0.371429 0.008779 0.043697
4 0.523943 0.124370 0.010375 0.047059
6 0.514765 0.050420 0.019154 0.057143
6 0.473663 0.132773 0.016760 0.053782
6 0.505587 0.118487 0.015164 0.048739
6 0.446927 0.311765 0.017558 0.065546
6 0.469274 0.352941 0.014366 0.050420
6 0.456105 0.692437 0.018356 0.053782
6 0.448923 0.756303 0.015164 0.057143
0 0.230247 0.554622 0.050279 0.040336
