7 0.547800 0.209600 0.015800 0.037300
7 0.499000 0.727100 0.015600 0.029500
7 0.837700 0.733200 0.021800 0.031500
6 0.324900 0.586900 0.059300 0.068800
6 0.584700 0.325700 0.048500 0.111600
4 0.210500 0.423800 0.040700 0.029500
1 0.719300 0.518100 0.087700 0.076500
0 0.473200 0.102000 0.046100 0.206800
0 0.719400 0.515800 0.087600 0.076800
0 0.097800 0.436300 0.104500 0.082300
6 0.046426 0.715137 0.072083 0.050060
6 0.576665 0.652563 0.063531 0.084625
6 0.642944 0.681168 0.067807 0.058403
6 0.713500 0.688319 0.057422 0.051251
6 0.706781 0.607867 0.069640 0.064362
6 0.837508 0.554827 0.072083 0.053635
6 0.895846 0.677592 0.075137 0.060787
6 0.854307 0.410608 0.076359 0.065554
5 0.604154 0.128725 0.018326 0.052443
5 0.664020 0.239571 0.034209 0.030989
5 0.695174 0.263409 0.030544 0.035757
5 0.739768 0.275328 0.017104 0.052443
5 0.756261 0.268176 0.009774 0.064362
5 0.768173 0.271156 0.009163 0.060787
5 0.782224 0.271752 0.012828 0.066746
5 0.795357 0.287247 0.014661 0.069130
5 0.810935 0.262813 0.011607 0.065554
5 0.824374 0.266389 0.011607 0.072706
5 0.840257 0.262217 0.012828 0.071514
7 0.946243 0.331347 0.032987 0.026222
4 0.617288 0.162694 0.032376 0.048868
4 0.656384 0.168653 0.037263 0.044100
4 0.675932 0.206198 0.047037 0.038141
5 0.055895 0.344458 0.042150 0.028605
7 0.526573 0.274732 0.014661 0.029797
7 0.579414 0.780095 0.014050 0.034565
7 0.599878 0.778903 0.010996 0.032181
7 0.615150 0.764601 0.013439 0.027414
7 0.638057 0.746722 0.012828 0.025030
7 0.682040 0.743743 0.017715 0.026222
7 0.900733 0.762217 0.021381 0.027414
7 0.944105 0.681168 0.021381 0.029797
7 0.982590 0.654350 0.028711 0.026222
7 0.956628 0.439213 0.029322 0.032181
7 0.952046 0.753874 0.018937 0.039333
7 0.743416 0.189916 0.011971 0.020168
