1 0.813400 0.525700 0.063700 0.047000
0 0.945100 0.587900 0.054100 0.040800
0 0.525000 0.310700 0.023200 0.098100
0 0.480800 0.063200 0.021700 0.083300
0 0.486600 0.162600 0.019300 0.084800
7 0.011971 0.548739 0.012769 0.015126
7 0.034318 0.569748 0.012769 0.013445
7 0.552674 0.348739 0.011971 0.021849
4 0.458500 0.911765 0.018356 0.038655
4 0.458500 0.957143 0.019952 0.035294
4 0.444134 0.255462 0.008779 0.036975
4 0.442937 0.217647 0.007981 0.038655
4 0.445331 0.182353 0.009577 0.045378
4 0.699920 0.499160 0.027135 0.020168
0 0.514765 0.181513 0.022346 0.090756
0 0.446927 0.035294 0.023943 0.070588
0 0.886273 0.582353 0.048683 0.045378
0 0.229449 0.552941 0.050279 0.036975
0 0.287709 0.552941 0.047087 0.040336
1 0.047486 0.542017 0.063049 0.045378
3 0.727853 0.571429 0.060654 0.043697
4 0.482841 0.253782 0.009577 0.036975
6 0.946528 0.517647 0.033520 0.030252
6 0.484836 0.348739 0.016760 0.058824
6 0.447725 0.305882 0.015962 0.067227
6 0.104948 0.465546 0.034318 0.026891
6 0.646049 0.489916 0.027933 0.028571
6 0.458500 0.693277 0.018356 0.055462
6 0.451317 0.757143 0.016760 0.055462
1 0.192338 0.494958 0.047885 0.038655
1 0.536313 0.508403 0.055866 0.042017
1 0.500399 0.890756 0.022346 0.104202
3 0.518755 0.060504 0.023943 0.117647
