0 0.473100 0.200200 0.028800 0.110800
0 0.473000 0.056200 0.025700 0.097400
0 0.509900 0.038400 0.024800 0.075200
5 0.420591 0.171429 0.012769 0.043697
7 0.568635 0.320168 0.015164 0.028571
7 0.555866 0.422689 0.011971 0.025210
7 0.569034 0.438655 0.009577 0.020168
7 0.442937 0.821008 0.014366 0.025210
7 0.407821 0.459664 0.011173 0.021849
6 0.430966 0.866387 0.020750 0.078992
6 0.430168 0.265546 0.019154 0.084034
6 0.553871 0.538655 0.041500 0.042017
4 0.039505 0.593277 0.029529 0.036975
4 0.535515 0.065546 0.012769 0.057143
4 0.426975 0.210084 0.009577 0.040336
3 0.877893 0.615126 0.084597 0.057143
2 0.523543 0.251261 0.049481 0.290756
0 0.134477 0.589916 0.067837 0.050420
