7 0.334600 0.703800 0.016400 0.024800
7 0.829900 0.442100 0.017800 0.024500
7 0.953400 0.665400 0.018100 0.029100
7 0.298100 0.738800 0.013300 0.023200
7 0.715400 0.708100 0.013500 0.024300
7 0.445800 0.711000 0.014200 0.022200
7 0.805100 0.433400 0.015500 0.023800
7 0.867900 0.670300 0.017300 0.027900
7 0.674400 0.718400 0.017800 0.023600
7 0.666300 0.694700 0.013200 0.021700
7 0.636500 0.700900 0.013800 0.023700
7 0.861500 0.381800 0.017900 0.023700
6 0.514700 0.536000 0.039700 0.046500
6 0.765500 0.542400 0.047800 0.040100
6 0.717500 0.613900 0.045300 0.038400
6 0.929000 0.422200 0.051000 0.041900
6 0.951100 0.637300 0.043900 0.046600
6 0.983700 0.584100 0.033000 0.038200
5 0.014600 0.636100 0.023500 0.034700
4 0.403800 0.506800 0.029100 0.024600
0 0.030600 0.505700 0.062500 0.053500
0 0.880600 0.560400 0.065400 0.054800
0 0.115700 0.508000 0.072200 0.052600
0 0.305800 0.511900 0.064700 0.054700
0 0.544000 0.371700 0.029600 0.125100
5 0.780926 0.411717 0.011971 0.040128
5 0.767358 0.414125 0.007183 0.041734
5 0.757781 0.410915 0.007183 0.035313
5 0.749401 0.409310 0.007981 0.038523
5 0.741421 0.410112 0.007981 0.043339
5 0.731445 0.413323 0.010375 0.046549
5 0.712690 0.411717 0.009577 0.040128
5 0.704310 0.421348 0.011971 0.030498
5 0.675579 0.407705 0.018356 0.025682
5 0.654828 0.391653 0.021548 0.016051
5 0.618915 0.331461 0.010375 0.046549
6 0.242211 0.685936 0.033598 0.036949
6 0.276115 0.685340 0.035431 0.040524
6 0.431888 0.669845 0.036652 0.057211
6 0.472816 0.669845 0.036652 0.038141
6 0.638363 0.666269 0.039096 0.035757
6 0.685706 0.671633 0.036042 0.032181
6 0.973122 0.388558 0.034209 0.076281
1 0.616982 0.205006 0.030544 0.147795
4 0.635919 0.328963 0.019548 0.040524
4 0.664020 0.372467 0.026878 0.022646
7 0.533598 0.087604 0.009163 0.020262
7 0.532376 0.172825 0.010385 0.021454
4 0.612095 0.111442 0.026878 0.032181
7 0.010690 0.769368 0.017715 0.013111
5 0.393708 0.678188 0.015272 0.014303
7 0.391570 0.725268 0.009774 0.020262
7 0.616371 0.726460 0.010996 0.025030
7 0.601100 0.728248 0.009774 0.019070
7 0.614233 0.799166 0.009163 0.022646
7 0.843311 0.371871 0.012828 0.014303
7 0.425168 0.838498 0.012217 0.022646
7 0.842700 0.360548 0.016494 0.013111
3 0.233354 0.519070 0.075748 0.060787
7 0.161576 0.927294 0.011607 0.019070
7 0.200061 0.926698 0.012828 0.020262
7 0.612095 0.284267 0.010996 0.017878
3 0.422586 0.584874 0.077414 0.050420
7 0.187550 0.500000 0.011173 0.018487
7 0.164006 0.536975 0.018356 0.018487
6 0.281325 0.637815 0.040702 0.048739
7 0.439346 0.740336 0.007183 0.018487
6 0.580607 0.658824 0.035914 0.036975
6 0.521149 0.663025 0.041500 0.038655
6 0.824820 0.617647 0.048683 0.038655
6 0.798484 0.665546 0.040702 0.030252
6 0.754589 0.666387 0.043895 0.038655
6 0.749800 0.485714 0.045491 0.033613
