7 0.372000 0.719900 0.019900 0.037300
7 0.635900 0.088600 0.027300 0.043800
6 0.763000 0.583800 0.075400 0.064300
6 0.852000 0.449200 0.074800 0.064600
6 0.860100 0.559800 0.072000 0.072500
6 0.958000 0.464600 0.081900 0.063500
0 0.033200 0.551100 0.066200 0.085200
7 0.114126 0.629412 0.030327 0.025210
7 0.337191 0.441176 0.023144 0.052101
7 0.629689 0.253782 0.022346 0.040336
7 0.727853 0.686555 0.023943 0.042017
6 0.403831 0.895798 0.039904 0.127731
6 0.728252 0.431092 0.075818 0.065546
6 0.942538 0.540336 0.076616 0.058824
