0 0.479600 0.111500 0.021600 0.089100
6 0.534318 0.700000 0.031125 0.035294
7 0.964086 0.415126 0.012769 0.023529
7 0.960495 0.352941 0.011971 0.023529
7 0.937749 0.905882 0.006385 0.013445
7 0.947326 0.909244 0.012769 0.020168
7 0.034318 0.258824 0.012769 0.016807
7 0.409417 0.940336 0.009577 0.018487
7 0.419393 0.944538 0.008779 0.016807
6 0.469673 0.811765 0.016760 0.057143
6 0.468875 0.895798 0.018356 0.063866
6 0.979649 0.416807 0.039106 0.036975
6 0.961692 0.571429 0.035116 0.043697
6 0.779330 0.593277 0.032721 0.033613
6 0.500000 0.982353 0.016760 0.031933
5 0.943735 0.315126 0.007183 0.031933
