7 0.799300 0.614300 0.011700 0.021200
6 0.535116 0.702521 0.031125 0.033613
7 0.088587 0.309244 0.015962 0.026891
7 0.514366 0.252941 0.013567 0.021849
7 0.365124 0.668908 0.010375 0.016807
7 0.967279 0.364706 0.011173 0.026891
7 0.954908 0.707563 0.013567 0.020168
7 0.407422 0.947059 0.010375 0.018487
6 0.469274 0.813445 0.019154 0.060504
6 0.466879 0.899160 0.015962 0.060504
6 0.983639 0.426050 0.029529 0.028571
5 0.949721 0.323529 0.007981 0.031933
6 0.782522 0.600840 0.032721 0.031933
0 0.897047 0.553782 0.046289 0.038655
5 0.625698 0.471429 0.014366 0.018487
6 0.627294 0.521849 0.030327 0.038655
