7 0.690300 0.543000 0.012500 0.019000
7 0.327500 0.579300 0.010400 0.014700
7 0.447200 0.180300 0.012400 0.029300
3 0.724000 0.574300 0.057000 0.040200
1 0.645200 0.516400 0.047700 0.040900
0 0.938900 0.591500 0.052700 0.039700
0 0.446300 0.039500 0.020400 0.079400
7 0.344374 0.579832 0.010375 0.020168
7 0.550678 0.351261 0.012769 0.020168
7 0.575818 0.473109 0.008779 0.018487
7 0.938947 0.623529 0.015164 0.013445
7 0.292498 0.582353 0.008779 0.015126
4 0.457702 0.907563 0.016760 0.036975
4 0.457302 0.954622 0.017558 0.033613
4 0.442937 0.186555 0.009577 0.043697
4 0.442538 0.222689 0.007183 0.035294
4 0.443336 0.260504 0.008779 0.033613
4 0.883081 0.512605 0.024741 0.020168
4 0.524342 0.984034 0.011173 0.028571
6 0.485634 0.073950 0.018356 0.053782
6 0.854350 0.506723 0.027933 0.031933
6 0.627294 0.545378 0.028731 0.028571
6 0.594573 0.547899 0.030327 0.033613
6 0.592578 0.491597 0.031125 0.028571
6 0.446927 0.309244 0.015962 0.067227
6 0.456903 0.691597 0.016760 0.055462
6 0.450519 0.753782 0.015164 0.055462
0 0.489226 0.900000 0.022346 0.092437
0 0.230646 0.554622 0.049481 0.036975
0 0.288109 0.554622 0.047885 0.036975
1 0.520351 0.625210 0.035116 0.208403
1 0.719473 0.515966 0.056664 0.040336
1 0.797287 0.521849 0.055866 0.042017
0 0.878691 0.585714 0.047885 0.042017
1 0.050678 0.541176 0.061453 0.043697
