6 0.534318 0.697479 0.031125 0.033613
7 0.968875 0.402521 0.017558 0.021849
7 0.459298 0.011765 0.010375 0.020168
7 0.968077 0.371429 0.011173 0.020168
7 0.943336 0.940336 0.011173 0.025210
7 0.404230 0.934454 0.008779 0.020168
7 0.413408 0.938655 0.007981 0.018487
6 0.467678 0.808403 0.017558 0.060504
6 0.464485 0.894118 0.017558 0.060504
6 0.983240 0.436975 0.031923 0.030252
6 0.781724 0.605042 0.032721 0.030252
5 0.952115 0.335294 0.009577 0.031933
0 0.947725 0.590756 0.045491 0.068908
7 0.939745 0.938655 0.008779 0.015126
