7 0.802600 0.368900 0.019100 0.027200
7 0.729500 0.650600 0.013500 0.028000
7 0.132200 0.695300 0.017700 0.025600
7 0.542300 0.662200 0.013600 0.022600
7 0.152600 0.710400 0.015700 0.022300
7 0.656600 0.649900 0.013500 0.024500
7 0.551900 0.690200 0.011800 0.021200
7 0.530700 0.644300 0.011000 0.020300
7 0.296100 0.663200 0.013400 0.021900
7 0.449300 0.472100 0.014500 0.023600
7 0.831700 0.609000 0.015300 0.024300
7 0.494000 0.226100 0.011600 0.031100
7 0.850800 0.336000 0.018000 0.023000
7 0.501000 0.123500 0.014900 0.024600
7 0.171600 0.443100 0.013700 0.018700
6 0.398800 0.562400 0.039400 0.043300
6 0.555400 0.555100 0.044100 0.042700
6 0.806800 0.520300 0.046600 0.054200
6 0.732300 0.601600 0.041200 0.039300
0 0.700500 0.439800 0.054500 0.047800
0 0.081400 0.467300 0.074900 0.051800
0 0.657800 0.516400 0.068900 0.064000
0 0.273300 0.462600 0.064300 0.050700
0 0.518800 0.243700 0.027700 0.109800
0 0.978700 0.361400 0.043100 0.083600
5 0.752902 0.341478 0.007941 0.036949
5 0.737630 0.345054 0.006720 0.044100
5 0.727245 0.345650 0.006720 0.038141
5 0.719609 0.346246 0.006109 0.039333
5 0.711973 0.346246 0.007941 0.036949
5 0.702505 0.349821 0.007330 0.039333
5 0.692120 0.350417 0.006109 0.035757
5 0.683568 0.348629 0.007330 0.036949
5 0.675932 0.357569 0.010385 0.030989
5 0.645388 0.345650 0.015272 0.019070
5 0.625229 0.331347 0.021381 0.014303
5 0.588577 0.262813 0.007941 0.034565
6 0.211362 0.638856 0.031765 0.030989
6 0.246487 0.638856 0.039707 0.033373
6 0.315211 0.621573 0.039096 0.032181
6 0.401955 0.607271 0.039096 0.046484
6 0.443189 0.616210 0.037263 0.035757
6 0.492670 0.606675 0.042150 0.040524
6 0.610263 0.607271 0.041539 0.039333
6 0.658216 0.609654 0.034820 0.034565
6 0.771228 0.600119 0.038485 0.029797
6 0.956628 0.281883 0.035431 0.065554
4 0.369884 0.454708 0.026268 0.017878
4 0.577886 0.045292 0.029322 0.026222
4 0.633170 0.308105 0.025046 0.025030
6 0.546732 0.047676 0.020770 0.073897
7 0.583079 0.645411 0.007941 0.020262
7 0.594685 0.657330 0.009163 0.015495
7 0.604154 0.656734 0.009774 0.014303
7 0.589188 0.670441 0.007941 0.025030
7 0.574527 0.673421 0.009163 0.016687
7 0.519243 0.601311 0.009774 0.020262
7 0.518326 0.585816 0.007941 0.013111
7 0.658522 0.625745 0.008552 0.014303
7 0.992670 0.573302 0.013439 0.014303
5 0.492059 0.131704 0.009163 0.046484
7 0.575748 0.394517 0.009163 0.028605
7 0.805742 0.617402 0.013439 0.016687
7 0.788332 0.624553 0.011607 0.016687
7 0.849114 0.591180 0.014661 0.016687
7 0.841173 0.596544 0.013439 0.015495
5 0.363775 0.628129 0.022602 0.014303
7 0.470678 0.366508 0.009163 0.017878
7 0.374160 0.827771 0.011607 0.015495
7 0.134087 0.882598 0.009163 0.017878
7 0.169517 0.884386 0.011607 0.019070
7 0.389737 0.454112 0.009774 0.014303
7 0.390654 0.476758 0.011607 0.021454
1 0.582602 0.138655 0.033520 0.149580
4 0.604948 0.267227 0.017558 0.040336
3 0.200319 0.473950 0.076616 0.057143
6 0.809657 0.431092 0.048683 0.035294
