5 0.135200 0.487300 0.029100 0.025300
7 0.573424 0.326050 0.013567 0.030252
7 0.054669 0.602521 0.019952 0.021849
0 0.199920 0.531092 0.067837 0.050420
0 0.141261 0.597479 0.067039 0.048739
3 0.883081 0.622689 0.086991 0.055462
4 0.362729 0.521008 0.031125 0.026891
4 0.620511 0.530252 0.034318 0.028571
4 0.045890 0.597479 0.029529 0.038655
6 0.435355 0.270588 0.019952 0.084034
7 0.424980 0.679832 0.008779 0.021849
6 0.436951 0.871429 0.019952 0.075630
6 0.289705 0.605882 0.044693 0.031933
6 0.291301 0.543697 0.041500 0.048739
4 0.432562 0.215966 0.009577 0.038655
