0 0.478400 0.422000 0.028900 0.117100
0 0.511500 0.040400 0.023300 0.079600
0 0.476000 0.151000 0.024400 0.095900
5 0.421788 0.178151 0.011971 0.043697
2 0.525140 0.255462 0.049481 0.289076
3 0.881484 0.620168 0.085395 0.057143
4 0.427773 0.215126 0.011173 0.040336
4 0.041899 0.600000 0.029529 0.040336
4 0.538707 0.068908 0.012769 0.057143
0 0.136872 0.597479 0.067837 0.052101
6 0.434557 0.873109 0.019952 0.075630
6 0.286512 0.606723 0.047885 0.033613
6 0.432961 0.267227 0.019952 0.080672
6 0.639665 0.510924 0.035914 0.040336
6 0.968476 0.567227 0.047087 0.038655
7 0.571429 0.326050 0.015962 0.030252
7 0.312450 0.442017 0.010375 0.023529
7 0.383081 0.442857 0.009577 0.025210
5 0.921389 0.508403 0.029529 0.025210
