7 0.634400 0.103000 0.027800 0.042000
7 0.373600 0.757000 0.019100 0.041700
7 0.068800 0.608100 0.030500 0.027800
7 0.368700 0.680300 0.020400 0.034900
7 0.059500 0.629500 0.023400 0.024700
4 0.574800 0.802700 0.018100 0.090600
0 0.035200 0.552000 0.071000 0.082600
0 0.558000 0.072800 0.053400 0.145300
7 0.358340 0.026050 0.015962 0.052101
7 0.637670 0.420168 0.020750 0.036975
7 0.765363 0.450420 0.019154 0.026891
7 0.622107 0.231933 0.013567 0.043697
6 0.403033 0.893277 0.038308 0.122689
6 0.089785 0.452941 0.074222 0.065546
6 0.432163 0.260504 0.039106 0.121008
6 0.484836 0.036975 0.037510 0.073950
6 0.952115 0.476471 0.079808 0.065546
6 0.845172 0.458824 0.076616 0.060504
6 0.858739 0.566387 0.075020 0.073950
6 0.757781 0.591597 0.071030 0.063866
6 0.479250 0.612605 0.039106 0.115966
6 0.721868 0.441176 0.071030 0.065546
