6 0.918000 0.624500 0.033800 0.054400
6 0.534717 0.700840 0.030327 0.033613
7 0.966480 0.417647 0.012769 0.018487
7 0.961293 0.350420 0.010375 0.021849
7 0.940942 0.917647 0.006385 0.020168
7 0.944932 0.916807 0.009577 0.025210
7 0.036313 0.231933 0.011971 0.016807
7 0.408619 0.940336 0.009577 0.025210
7 0.419792 0.943697 0.007981 0.015126
6 0.470072 0.812605 0.017558 0.058824
6 0.468875 0.894958 0.018356 0.062185
6 0.979649 0.415126 0.039106 0.033613
5 0.944932 0.312605 0.007981 0.036975
6 0.499202 0.815966 0.016760 0.058824
6 0.779330 0.594118 0.032721 0.028571
