7 0.572600 0.647300 0.013400 0.024900
7 0.420700 0.925100 0.011400 0.032900
7 0.420900 0.987800 0.013300 0.022100
0 0.490100 0.301100 0.025900 0.099500
0 0.487200 0.100000 0.026800 0.110500
5 0.419792 0.169748 0.009577 0.047059
0 0.132482 0.589916 0.067039 0.050420
1 0.533919 0.458824 0.030327 0.147899
3 0.881484 0.615966 0.083799 0.055462
4 0.426576 0.207563 0.008779 0.042017
4 0.518755 0.283193 0.012769 0.052101
4 0.080208 0.570588 0.027933 0.028571
4 0.037909 0.591597 0.027933 0.040336
6 0.430567 0.261345 0.021548 0.078992
6 0.468875 0.561345 0.019952 0.067227
6 0.494413 0.538655 0.019952 0.072269
6 0.431365 0.868067 0.019952 0.075630
7 0.569433 0.320168 0.016760 0.031933
7 0.412610 0.372269 0.006385 0.028571
6 0.822027 0.518487 0.041500 0.035294
