7 0.108200 0.439600 0.014700 0.023000
6 0.512200 0.170200 0.021800 0.077700
6 0.796700 0.558200 0.044100 0.036500
3 0.898400 0.652800 0.086600 0.053400
1 0.226700 0.594400 0.089200 0.063300
0 0.541500 0.800500 0.029500 0.128400
0 0.141261 0.594958 0.068635 0.057143
4 0.442538 0.222689 0.010375 0.038655
4 0.078212 0.590756 0.017558 0.028571
4 0.045890 0.591597 0.029529 0.036975
4 0.463687 0.483193 0.012769 0.052101
6 0.445730 0.278151 0.019952 0.082353
6 0.484437 0.376471 0.020750 0.073950
6 0.542698 0.526050 0.022346 0.073950
6 0.496409 0.539496 0.023943 0.073950
6 0.402235 0.544538 0.043097 0.053782
6 0.504789 0.707563 0.023144 0.073950
6 0.486034 0.930252 0.023943 0.078992
6 0.438947 0.889916 0.019154 0.075630
7 0.584996 0.341176 0.015962 0.026891
7 0.216281 0.622689 0.014366 0.025210
