4 0.039700 0.586400 0.030600 0.036600
0 0.134400 0.585000 0.067500 0.048500
0 0.473000 0.193000 0.027300 0.111600
0 0.472700 0.049300 0.026400 0.095600
0 0.508500 0.034200 0.023400 0.068000
5 0.419792 0.166387 0.007981 0.040336
7 0.406624 0.449580 0.013567 0.025210
7 0.568635 0.668067 0.011971 0.018487
7 0.559856 0.684874 0.010375 0.018487
7 0.568236 0.312605 0.014366 0.023529
6 0.405826 0.502521 0.042298 0.040336
6 0.430966 0.861345 0.020750 0.072269
4 0.535116 0.055462 0.011971 0.047059
6 0.429769 0.261345 0.019952 0.082353
4 0.425379 0.204202 0.009577 0.035294
3 0.877893 0.609244 0.086193 0.055462
2 0.521947 0.245378 0.049481 0.289076
