6 0.482300 0.264300 0.016100 0.054100
0 0.942100 0.610800 0.055200 0.039900
0 0.510200 0.170900 0.021200 0.085300
0 0.512300 0.342200 0.023600 0.085200
7 0.550279 0.412605 0.008779 0.021849
7 0.553871 0.362185 0.014366 0.025210
7 0.387071 0.596639 0.007981 0.013445
7 0.011173 0.563866 0.009577 0.018487
7 0.018356 0.557983 0.012769 0.016807
7 0.235834 0.442017 0.007183 0.016807
7 0.243416 0.444538 0.007981 0.018487
7 0.436552 0.047059 0.007981 0.020168
4 0.445730 0.228571 0.008779 0.036975
4 0.446528 0.267227 0.008779 0.036975
4 0.481644 0.573109 0.010375 0.036975
6 0.485235 0.164706 0.015962 0.057143
6 0.449721 0.314286 0.016760 0.067227
6 0.477255 0.361345 0.015962 0.057143
6 0.449721 0.760504 0.015164 0.052101
4 0.454908 0.916807 0.017558 0.035294
4 0.454110 0.962185 0.022346 0.035294
0 0.289306 0.556303 0.048683 0.040336
1 0.050678 0.538655 0.064645 0.048739
0 0.451317 0.042017 0.023144 0.084034
6 0.839984 0.575630 0.032721 0.028571
0 0.230247 0.555462 0.050279 0.042017
