5 0.486300 0.346600 0.013600 0.049100
4 0.486500 0.348900 0.012500 0.048400
4 0.614600 0.533900 0.033100 0.025900
1 0.209900 0.620900 0.089900 0.063000
0 0.443800 0.489700 0.049700 0.116300
0 0.521100 0.374300 0.027900 0.121600
3 0.884677 0.631092 0.085395 0.055462
4 0.765363 0.573950 0.031923 0.028571
4 0.635275 0.573950 0.027135 0.025210
4 0.419393 0.227731 0.010375 0.042017
4 0.056664 0.628571 0.023943 0.033613
4 0.026337 0.633613 0.028731 0.033613
6 0.795291 0.531092 0.042298 0.036975
6 0.429370 0.145378 0.025539 0.085714
6 0.423783 0.284034 0.020750 0.084034
6 0.429769 0.904202 0.019952 0.080672
7 0.565443 0.339496 0.015164 0.026891
7 0.303671 0.657143 0.010375 0.013445
0 0.123703 0.629412 0.070231 0.052101
7 0.328811 0.653782 0.009577 0.020168
