5 0.515300 0.319400 0.010500 0.043900
4 0.515500 0.319300 0.011000 0.043400
0 0.286900 0.555900 0.049600 0.036700
0 0.444700 0.039700 0.021800 0.078400
0 0.938800 0.587500 0.053200 0.040000
0 0.507600 0.090700 0.019300 0.074800
7 0.544294 0.200000 0.009577 0.020168
7 0.550279 0.351261 0.010375 0.020168
7 0.548683 0.620168 0.010375 0.020168
7 0.544693 0.612605 0.008779 0.018487
7 0.610934 0.452101 0.011971 0.013445
7 0.779330 0.594958 0.011971 0.016807
7 0.426576 0.094118 0.008779 0.020168
7 0.442139 0.782353 0.007981 0.015126
7 0.440543 0.726050 0.006385 0.016807
7 0.004389 0.557143 0.008779 0.015126
4 0.455706 0.910084 0.019154 0.042017
4 0.456903 0.956303 0.019952 0.033613
4 0.440942 0.260504 0.008779 0.036975
4 0.440543 0.222689 0.007981 0.038655
6 0.445331 0.309244 0.015962 0.067227
6 0.459298 0.415126 0.021548 0.053782
6 0.677574 0.534454 0.028731 0.030252
6 0.622107 0.542017 0.031125 0.035294
6 0.602953 0.490756 0.029529 0.026891
4 0.503990 0.015126 0.008779 0.030252
1 0.511173 0.208403 0.023144 0.104202
1 0.758978 0.526050 0.047885 0.036975
1 0.141261 0.490756 0.057462 0.043697
0 0.879489 0.582353 0.047885 0.042017
0 0.984038 0.532773 0.027135 0.040336
1 0.868316 0.521849 0.057462 0.042017
3 0.722666 0.571429 0.059856 0.043697
6 0.456105 0.691597 0.016760 0.055462
6 0.449322 0.754622 0.015962 0.057143
1 0.048683 0.546218 0.060654 0.043697
0 0.229050 0.556303 0.049481 0.036975
