7 0.773200 0.443000 0.017600 0.022000
7 0.242600 0.493900 0.015600 0.022000
7 0.805200 0.698800 0.015500 0.026200
7 0.231300 0.762600 0.015400 0.019500
7 0.215900 0.760200 0.015100 0.024100
7 0.171500 0.520400 0.015800 0.024800
7 0.431300 0.729600 0.012600 0.021000
7 0.662900 0.718500 0.015100 0.024100
7 0.509500 0.718600 0.012000 0.022600
7 0.474800 0.718400 0.012200 0.022500
7 0.606600 0.741800 0.012000 0.021500
7 0.596100 0.728300 0.011200 0.023100
7 0.477500 0.743700 0.009800 0.017300
7 0.631600 0.710700 0.012200 0.020600
6 0.690100 0.567000 0.047400 0.046100
6 0.573500 0.587200 0.041300 0.067400
6 0.147800 0.665100 0.048700 0.044200
6 0.798200 0.610200 0.049400 0.043600
6 0.206800 0.647100 0.048000 0.044700
6 0.704400 0.684000 0.040100 0.039100
6 0.912100 0.641300 0.048800 0.055000
4 0.662200 0.617300 0.032700 0.026100
4 0.346700 0.536500 0.027900 0.023900
1 0.878800 0.480800 0.077000 0.070000
1 0.781700 0.516100 0.082600 0.059000
0 0.247200 0.545400 0.065300 0.048200
0 0.055600 0.548600 0.074000 0.047400
0 0.486400 0.396800 0.029600 0.127300
5 0.728252 0.422953 0.010375 0.040128
5 0.711492 0.426966 0.007183 0.041734
5 0.702314 0.425361 0.006385 0.032103
5 0.694334 0.425361 0.007981 0.032103
5 0.685954 0.425361 0.007183 0.038523
5 0.676776 0.428571 0.007981 0.041734
5 0.665603 0.428571 0.006385 0.038523
5 0.657622 0.429374 0.007981 0.040128
5 0.649242 0.434992 0.010375 0.028892
5 0.619314 0.427769 0.017558 0.020867
5 0.599761 0.413323 0.021548 0.014446
5 0.561453 0.348315 0.010375 0.032103
6 0.183262 0.721692 0.032987 0.032181
6 0.218998 0.722884 0.038485 0.036949
6 0.288332 0.707986 0.040318 0.035757
6 0.376298 0.694875 0.039096 0.047676
6 0.416005 0.700834 0.036652 0.035757
6 0.466402 0.694279 0.042150 0.034565
6 0.584911 0.691299 0.038485 0.038141
6 0.631949 0.694279 0.033598 0.034565
6 0.745877 0.684148 0.040318 0.030989
6 0.855528 0.548868 0.049481 0.036949
6 0.932498 0.367104 0.034820 0.069130
6 0.978009 0.570322 0.042761 0.034565
7 0.771228 0.384386 0.011607 0.015495
7 0.802688 0.396901 0.013439 0.016687
4 0.607514 0.389154 0.026268 0.022646
4 0.580024 0.345650 0.022602 0.040524
4 0.552841 0.128725 0.030544 0.023838
7 0.548564 0.755066 0.009774 0.015495
7 0.563836 0.752086 0.008552 0.021454
7 0.571472 0.746722 0.009163 0.017878
7 0.560476 0.727652 0.012828 0.017878
7 0.613317 0.724672 0.009774 0.021454
7 0.705254 0.734803 0.012828 0.017878
5 0.948381 0.635876 0.026268 0.022646
7 0.968540 0.656734 0.014050 0.021454
7 0.984423 0.642431 0.015272 0.016687
5 0.467624 0.216329 0.009163 0.051251
5 0.339035 0.710369 0.018326 0.014303
7 0.385461 0.550060 0.008552 0.013111
7 0.945021 0.715137 0.012217 0.019070
7 0.443800 0.451728 0.007941 0.019070
7 0.368357 0.875447 0.007330 0.020262
7 0.602627 0.430274 0.009163 0.016687
7 0.105987 0.969607 0.011607 0.025030
7 0.143250 0.969607 0.012828 0.022646
1 0.557063 0.221008 0.033520 0.146218
3 0.173583 0.556303 0.075818 0.053782
6 0.531125 0.685714 0.039106 0.043697
7 0.372306 0.714286 0.008779 0.013445
6 0.968875 0.363025 0.030327 0.060504
