7 0.436500 0.889900 0.020200 0.039400
7 0.492500 0.800800 0.014700 0.027900
7 0.316700 0.840300 0.016200 0.024300
4 0.518600 0.050000 0.017900 0.089300
4 0.189600 0.480700 0.038700 0.029700
0 0.453300 0.181800 0.047500 0.203100
0 0.079100 0.489700 0.108400 0.081000
5 0.811240 0.356973 0.009774 0.058403
5 0.795052 0.358760 0.010385 0.057211
5 0.781918 0.358760 0.009774 0.057211
5 0.766035 0.381406 0.012217 0.057211
5 0.753818 0.361144 0.010996 0.052443
5 0.737630 0.364124 0.007941 0.058403
5 0.729078 0.359356 0.007941 0.058403
5 0.713806 0.370083 0.017715 0.058403
5 0.665547 0.348033 0.028711 0.033373
5 0.636225 0.323004 0.033598 0.021454
5 0.580024 0.217521 0.016494 0.060787
6 0.031155 0.762813 0.059866 0.052443
6 0.335675 0.652563 0.065363 0.063170
6 0.607514 0.756853 0.064142 0.057211
6 0.676848 0.766389 0.054979 0.054827
6 0.854001 0.768176 0.070861 0.058403
6 0.781613 0.555423 0.072694 0.066746
6 0.819792 0.488677 0.070861 0.054827
5 0.040012 0.393325 0.048259 0.023838
4 0.814600 0.622169 0.045816 0.045292
7 0.288943 0.829559 0.015883 0.038141
7 0.344227 0.830155 0.020159 0.025030
7 0.347282 0.799762 0.015272 0.042908
7 0.544288 0.848629 0.012217 0.030989
7 0.565669 0.850417 0.015883 0.039333
7 0.251374 0.947557 0.021381 0.028605
7 0.270922 0.894517 0.016494 0.039333
7 0.909896 0.436234 0.031155 0.023838
7 0.982896 0.554231 0.025657 0.040524
7 0.933720 0.725864 0.034820 0.033373
7 0.954490 0.724076 0.023824 0.034565
7 0.965791 0.765197 0.030544 0.030989
7 0.909591 0.842670 0.014661 0.035757
7 0.971289 0.828963 0.025657 0.032181
4 0.592547 0.237783 0.030544 0.060787
4 0.632865 0.252086 0.041539 0.034565
4 0.648748 0.289035 0.042761 0.036949
7 0.499389 0.815256 0.010385 0.021454
7 0.718675 0.275630 0.016760 0.030252
5 0.862330 0.381513 0.035914 0.026891
7 0.870311 0.391597 0.018356 0.033613
