7 0.450600 0.676800 0.016800 0.029400
7 0.510800 0.898900 0.015800 0.040700
7 0.391400 0.914700 0.015200 0.041200
4 0.592300 0.592500 0.041800 0.042700
0 0.695900 0.590900 0.104500 0.081900
0 0.048900 0.548300 0.097000 0.086500
5 0.720525 0.406436 0.012828 0.071514
5 0.751374 0.408820 0.013439 0.066746
5 0.809407 0.408820 0.010996 0.066746
5 0.793525 0.409416 0.010996 0.060787
5 0.777947 0.406436 0.010385 0.061979
5 0.762370 0.424911 0.012217 0.063170
5 0.734881 0.408820 0.009774 0.061979
5 0.707697 0.418355 0.016494 0.052443
5 0.656078 0.399881 0.029322 0.034565
5 0.627673 0.373063 0.036042 0.023838
5 0.568418 0.261621 0.017715 0.065554
6 0.402871 0.808105 0.060476 0.059595
6 0.584301 0.751490 0.072694 0.063170
6 0.598656 0.825983 0.064753 0.059595
6 0.669517 0.837306 0.054979 0.048868
6 0.667074 0.759833 0.067196 0.065554
6 0.751680 0.758045 0.071472 0.059595
6 0.787416 0.838498 0.068418 0.056019
6 0.857666 0.840882 0.075748 0.056019
6 0.839646 0.745530 0.072694 0.051251
6 0.828955 0.675805 0.076970 0.054827
6 0.820098 0.583433 0.080024 0.065554
6 0.855223 0.417163 0.064753 0.052443
1 0.562309 0.085816 0.047037 0.171633
7 0.751069 0.321216 0.011607 0.022646
7 0.945938 0.337306 0.026268 0.030989
7 0.917532 0.333731 0.023213 0.023838
7 0.981674 0.412992 0.028100 0.034565
7 0.916921 0.480930 0.031765 0.032181
7 0.963958 0.478546 0.025657 0.025030
7 0.901955 0.754470 0.032376 0.035757
7 0.901649 0.908224 0.031765 0.030989
7 0.553757 0.923123 0.017715 0.039333
7 0.531155 0.924315 0.014050 0.036949
7 0.234270 0.949940 0.022602 0.028605
7 0.400122 0.421335 0.021991 0.039333
4 0.158827 0.541716 0.046426 0.027414
4 0.580635 0.285459 0.029933 0.056019
4 0.622480 0.299166 0.037874 0.035757
4 0.640806 0.334923 0.042761 0.035757
7 0.963042 0.786055 0.026268 0.032181
7 0.805131 0.333731 0.020770 0.035757
7 0.396457 0.159714 0.009774 0.023838
7 0.993216 0.898319 0.010375 0.038655
7 0.709497 0.331092 0.015962 0.033613
