6 0.535515 0.697479 0.030327 0.033613
7 0.960096 0.347899 0.011173 0.020168
7 0.940144 0.783193 0.011173 0.020168
7 0.948923 0.782353 0.009577 0.018487
7 0.981245 0.705882 0.015164 0.020168
7 0.408619 0.942017 0.011173 0.021849
7 0.419792 0.945378 0.007981 0.018487
6 0.471269 0.811765 0.018356 0.060504
6 0.469673 0.894118 0.016760 0.063866
6 0.980846 0.411765 0.035116 0.033613
1 0.886273 0.671429 0.037510 0.105882
5 0.944134 0.310924 0.006385 0.030252
5 0.413009 0.572269 0.021548 0.021849
5 0.423384 0.613445 0.019952 0.020168
6 0.931764 0.636975 0.029529 0.060504
6 0.778931 0.591597 0.031923 0.030252
