7 0.320800 0.547500 0.022300 0.029000
7 0.526300 0.786800 0.021000 0.036800
7 0.554700 0.882000 0.016200 0.031100
7 0.510800 0.905700 0.016800 0.035700
7 0.753900 0.327100 0.015900 0.027200
7 0.049800 0.470500 0.020400 0.030200
5 0.507600 0.181200 0.019200 0.069000
4 0.985800 0.760500 0.028700 0.032000
0 0.073100 0.684200 0.122500 0.087200
0 0.046600 0.561000 0.093600 0.084900
5 0.810018 0.410012 0.010996 0.071514
5 0.794441 0.411800 0.009163 0.060787
5 0.780391 0.412396 0.009163 0.059595
5 0.762981 0.431466 0.015883 0.071514
5 0.733965 0.414779 0.010385 0.059595
5 0.708002 0.424911 0.017104 0.056019
5 0.657300 0.404648 0.030544 0.034565
5 0.627673 0.378427 0.034820 0.022646
5 0.567502 0.265793 0.017104 0.059595
6 0.221747 0.772348 0.074527 0.069130
6 0.340562 0.714541 0.061698 0.067938
6 0.402260 0.823004 0.065363 0.058403
6 0.598962 0.838498 0.065363 0.060787
6 0.672266 0.848629 0.055589 0.052443
6 0.569334 0.706198 0.068418 0.060787
6 0.784973 0.847437 0.075748 0.064362
6 0.860721 0.847437 0.074527 0.059595
7 0.846365 0.780691 0.034820 0.030989
7 0.926390 0.470203 0.034820 0.022646
7 0.361026 0.488081 0.017104 0.025030
7 0.606597 0.893325 0.017104 0.032181
7 0.631643 0.913588 0.014661 0.032181
7 0.589493 0.915375 0.018326 0.033373
7 0.554673 0.935638 0.014661 0.042908
7 0.531765 0.938021 0.014050 0.038141
7 0.434331 0.867104 0.015883 0.036949
7 0.336897 0.949344 0.017715 0.032181
7 0.313989 0.877831 0.019548 0.029797
7 0.813989 0.902265 0.025046 0.033373
7 0.824985 0.933850 0.023824 0.027414
4 0.581246 0.292014 0.028711 0.054827
4 0.620648 0.300954 0.037874 0.036949
4 0.640195 0.342670 0.043983 0.034565
4 0.154246 0.551251 0.043372 0.025030
7 0.894013 0.924315 0.017715 0.044100
7 0.334759 0.501192 0.013439 0.020262
1 0.561453 0.087395 0.050279 0.171429
6 0.851955 0.420168 0.063049 0.060504
7 0.712291 0.331933 0.013567 0.038655
