7 0.542000 0.724100 0.014900 0.032200
7 0.474400 0.383900 0.017100 0.040100
0 0.057300 0.516800 0.113700 0.082500
0 0.437700 0.205700 0.047100 0.213100
5 0.799328 0.392729 0.010385 0.067938
5 0.784056 0.396901 0.011607 0.052443
5 0.769395 0.396305 0.009163 0.051251
5 0.753818 0.417759 0.010996 0.056019
5 0.743739 0.399285 0.010385 0.052443
5 0.725718 0.397497 0.009774 0.058403
5 0.715638 0.392729 0.009163 0.058403
5 0.700061 0.404052 0.017104 0.057211
5 0.651802 0.384386 0.028100 0.036949
5 0.623396 0.359356 0.036042 0.022646
5 0.566280 0.249106 0.015883 0.057211
6 0.530849 0.359356 0.054979 0.103695
6 0.592547 0.798570 0.064753 0.059595
7 0.945938 0.335518 0.023824 0.029797
4 0.580024 0.275328 0.029933 0.054827
4 0.618815 0.285459 0.039096 0.034565
4 0.635614 0.321812 0.043372 0.038141
4 0.170739 0.513111 0.042150 0.025030
7 0.011912 0.886174 0.020159 0.034565
7 0.573916 0.313468 0.015272 0.023838
7 0.584606 0.327771 0.014661 0.033373
7 0.529016 0.890942 0.012217 0.029797
7 0.549175 0.893325 0.013439 0.029797
7 0.550703 0.855185 0.015272 0.027414
7 0.429444 0.964839 0.014661 0.036949
4 0.925168 0.742551 0.048259 0.038141
7 0.900122 0.473182 0.032376 0.026222
7 0.637752 0.860548 0.014661 0.033373
7 0.470678 0.884982 0.016494 0.041716
7 0.951130 0.867700 0.017104 0.033373
5 0.021686 0.426103 0.039707 0.020262
7 0.896151 0.886770 0.015883 0.040524
6 0.664006 0.806723 0.052674 0.050420
7 0.705507 0.316807 0.017558 0.035294
1 0.562650 0.082353 0.047885 0.161345
6 0.842777 0.812605 0.073424 0.062185
