7 0.498800 0.631700 0.011700 0.024500
7 0.349200 0.575100 0.014800 0.024200
7 0.206700 0.800800 0.013900 0.023200
7 0.473100 0.094800 0.013100 0.028200
7 0.507700 0.771900 0.010000 0.021200
7 0.906500 0.671200 0.018200 0.021700
7 0.298200 0.763200 0.010400 0.019100
7 0.624200 0.743800 0.011800 0.021800
7 0.038400 0.608700 0.018600 0.026300
7 0.506600 0.753600 0.010600 0.023300
7 0.359100 0.592900 0.012800 0.022700
7 0.481000 0.282800 0.015000 0.032900
7 0.691900 0.739000 0.011900 0.023100
6 0.868400 0.496800 0.052200 0.047200
6 0.783200 0.635400 0.041900 0.047900
6 0.919300 0.478200 0.045000 0.057400
6 0.632400 0.637100 0.043900 0.039200
6 0.978600 0.595800 0.042900 0.041100
1 0.639400 0.561000 0.068900 0.062200
0 0.527000 0.503600 0.065200 0.093600
0 0.242100 0.567100 0.064800 0.049000
0 0.051300 0.572800 0.070400 0.046400
5 0.717776 0.445173 0.007330 0.039333
5 0.702505 0.449940 0.007330 0.041716
5 0.692425 0.446961 0.006720 0.035757
5 0.685706 0.445769 0.006720 0.035757
5 0.677153 0.449940 0.006720 0.039333
5 0.667990 0.451728 0.007941 0.038141
5 0.657605 0.450536 0.006720 0.038141
5 0.648748 0.448749 0.008552 0.039333
5 0.640195 0.455900 0.009774 0.027414
5 0.609957 0.447557 0.015272 0.022646
5 0.591020 0.432658 0.020159 0.016687
5 0.554673 0.367104 0.009774 0.035757
6 0.178986 0.744338 0.031765 0.032181
6 0.215333 0.743743 0.039707 0.030989
6 0.283751 0.726460 0.040929 0.034565
6 0.369884 0.712753 0.037263 0.045292
6 0.411423 0.720501 0.037263 0.034565
6 0.622480 0.711561 0.031765 0.030989
6 0.694563 0.703218 0.041539 0.035757
6 0.980452 0.681764 0.036652 0.038141
6 0.976176 0.282479 0.024435 0.064362
6 0.919365 0.385578 0.034209 0.060787
7 0.766646 0.457688 0.015883 0.016687
7 0.770006 0.407032 0.010385 0.017878
4 0.599267 0.412396 0.026878 0.021454
4 0.545205 0.152563 0.027489 0.028605
4 0.339646 0.556019 0.028100 0.017878
7 0.540012 0.773540 0.009774 0.016687
7 0.554673 0.768772 0.008552 0.023838
7 0.564447 0.761621 0.009774 0.014303
7 0.558033 0.742551 0.006720 0.021454
7 0.492670 0.679976 0.007941 0.013111
7 0.490531 0.694875 0.008552 0.019070
7 0.646915 0.757449 0.009774 0.017878
7 0.639585 0.748510 0.012217 0.016687
7 0.817960 0.707390 0.012217 0.017878
7 0.957544 0.681764 0.017715 0.016687
5 0.459682 0.237187 0.007941 0.042908
7 0.434942 0.488677 0.010996 0.021454
7 0.373244 0.563766 0.010996 0.014303
5 0.334148 0.731228 0.019548 0.015495
3 0.168601 0.577473 0.076970 0.056019
7 0.435553 0.469011 0.008552 0.017878
7 0.359805 0.895709 0.010996 0.017878
7 0.359194 0.877235 0.008552 0.019070
7 0.363775 0.856973 0.010385 0.019070
7 0.450825 0.323004 0.009774 0.016687
7 0.103543 0.986889 0.010385 0.019070
7 0.139585 0.986889 0.014050 0.021454
7 0.711057 0.674613 0.013439 0.016687
7 0.621869 0.727652 0.009774 0.013111
1 0.548284 0.243697 0.031923 0.144538
4 0.570231 0.365546 0.018356 0.035294
0 0.219074 0.663866 0.071030 0.053782
7 0.144852 0.548739 0.016760 0.015126
6 0.459298 0.711765 0.040702 0.035294
6 0.725459 0.565546 0.043097 0.031933
6 0.576217 0.709244 0.039904 0.040336
6 0.737430 0.700840 0.038308 0.030252
6 0.894653 0.615126 0.047885 0.043697
7 0.776935 0.394958 0.013567 0.013445
