7 0.975900 0.614400 0.014200 0.014900
7 0.551700 0.591100 0.009000 0.014900
5 0.516500 0.319900 0.010300 0.041600
4 0.516100 0.322700 0.009300 0.042300
0 0.444900 0.040200 0.022000 0.080300
0 0.940600 0.586700 0.054100 0.038200
0 0.880900 0.581300 0.049700 0.042900
0 0.018500 0.476700 0.037300 0.042500
7 0.554270 0.857143 0.008779 0.023529
7 0.547486 0.808403 0.009577 0.020168
7 0.550678 0.351261 0.011173 0.020168
7 0.701915 0.597479 0.008779 0.015126
7 0.612131 0.451261 0.012769 0.015126
7 0.440942 0.659664 0.007183 0.021849
4 0.458500 0.912605 0.018356 0.040336
4 0.458899 0.956303 0.019154 0.036975
4 0.440543 0.222689 0.007981 0.038655
4 0.442139 0.260504 0.007981 0.033613
6 0.824022 0.542017 0.031125 0.028571
6 0.800878 0.495798 0.029529 0.030252
6 0.446528 0.310924 0.016760 0.067227
6 0.456903 0.694958 0.016760 0.055462
6 0.450918 0.756303 0.015962 0.057143
4 0.505188 0.016807 0.009577 0.033613
3 0.711891 0.572269 0.059058 0.042017
1 0.511572 0.210084 0.023943 0.104202
1 0.707901 0.515126 0.059058 0.038655
1 0.049880 0.548739 0.063049 0.045378
0 0.288109 0.555462 0.047885 0.038655
0 0.507183 0.086555 0.021548 0.072269
0 0.230247 0.557983 0.050279 0.040336
