6 0.477000 0.129700 0.015600 0.055600
1 0.808500 0.528700 0.063300 0.045700
0 0.355300 0.506500 0.055900 0.044200
0 0.943700 0.606000 0.055000 0.042300
0 0.021200 0.476200 0.040300 0.039100
0 0.520000 0.351400 0.019900 0.076700
0 0.518700 0.222000 0.022400 0.095500
0 0.483900 0.237400 0.023700 0.093800
7 0.551875 0.353782 0.013567 0.025210
7 0.581006 0.455462 0.011173 0.020168
7 0.697925 0.167227 0.005587 0.015126
7 0.186353 0.433613 0.010375 0.016807
4 0.451317 0.915966 0.019952 0.040336
4 0.452115 0.961345 0.023144 0.033613
4 0.443735 0.258824 0.007981 0.036975
4 0.443735 0.221008 0.007981 0.038655
4 0.527534 0.125210 0.009577 0.045378
6 0.455307 0.696639 0.016760 0.055462
6 0.446927 0.758824 0.014366 0.052101
6 0.509178 0.116807 0.015962 0.048739
6 0.447326 0.307563 0.016760 0.067227
6 0.470471 0.352941 0.015164 0.053782
0 0.448923 0.036975 0.023144 0.073950
0 0.490024 0.042017 0.020750 0.080672
4 0.484836 0.373109 0.010375 0.043697
1 0.045890 0.534454 0.063049 0.047059
0 0.227055 0.550420 0.050279 0.042017
0 0.285714 0.552101 0.049481 0.042017
