7 0.746900 0.370500 0.018700 0.022900
7 0.894200 0.546400 0.015900 0.025900
7 0.102500 0.497100 0.017300 0.024600
7 0.958500 0.552200 0.021400 0.024600
7 0.473900 0.363600 0.011600 0.025600
7 0.808200 0.572800 0.015300 0.027800
7 0.524900 0.639500 0.011800 0.023000
7 0.097200 0.930600 0.014400 0.027500
7 0.478600 0.652800 0.010800 0.022600
7 0.854000 0.614100 0.017300 0.022800
7 0.939500 0.261100 0.014500 0.024800
6 0.874600 0.398300 0.048600 0.059400
6 0.402500 0.520100 0.042500 0.049300
6 0.870500 0.569500 0.040900 0.047300
3 0.046400 0.613700 0.093100 0.055700
0 0.212900 0.450600 0.061400 0.049200
0 0.027900 0.449100 0.057900 0.054200
0 0.583400 0.444600 0.060500 0.074800
0 0.454900 0.308000 0.030100 0.123900
5 0.682761 0.348315 0.008779 0.044944
5 0.673184 0.345104 0.007183 0.038523
5 0.664804 0.345907 0.009577 0.036918
5 0.656026 0.345104 0.006385 0.038523
5 0.646449 0.349117 0.007981 0.043339
5 0.628093 0.345104 0.006385 0.038523
5 0.618915 0.351525 0.011971 0.032103
5 0.588986 0.338684 0.017558 0.022472
5 0.569433 0.325843 0.021548 0.016051
5 0.532322 0.264848 0.009577 0.044944
6 0.181124 0.627533 0.036042 0.034565
6 0.148137 0.627533 0.033598 0.032181
7 0.043983 0.727652 0.019548 0.020262
6 0.367440 0.573302 0.039707 0.045292
6 0.382101 0.610846 0.038485 0.039333
6 0.433720 0.603099 0.045205 0.038141
6 0.491753 0.597139 0.037874 0.040524
1 0.527489 0.134088 0.031155 0.151371
4 0.525657 0.039928 0.025046 0.032181
4 0.548259 0.261025 0.018937 0.038141
4 0.577276 0.306317 0.028100 0.028605
7 0.432804 0.213945 0.007941 0.015495
7 0.441662 0.237783 0.009774 0.013111
7 0.423030 0.419547 0.011607 0.019070
4 0.312767 0.445769 0.026878 0.019070
5 0.303299 0.619785 0.018937 0.019070
7 0.254123 0.621573 0.015883 0.015495
7 0.878742 0.609058 0.015272 0.016687
5 0.463042 0.618594 0.008552 0.050060
3 0.139279 0.458880 0.080635 0.059595
7 0.106597 0.872467 0.012828 0.023838
7 0.067196 0.869487 0.012217 0.020262
7 0.474038 0.729440 0.012217 0.021454
7 0.513745 0.668653 0.008552 0.019070
7 0.528711 0.665673 0.009163 0.020262
7 0.540012 0.656138 0.009774 0.017878
7 0.643250 0.634684 0.010996 0.017878
7 0.390654 0.409416 0.009163 0.020262
7 0.784056 0.668653 0.012828 0.014303
7 0.906842 0.270560 0.014050 0.019070
6 0.313248 0.572269 0.042298 0.045378
6 0.787709 0.551261 0.044693 0.036975
6 0.752993 0.497479 0.048683 0.036975
6 0.800080 0.425210 0.048683 0.043697
6 0.703911 0.444538 0.043097 0.038655
6 0.714286 0.601681 0.038308 0.030252
6 0.669194 0.601681 0.042298 0.040336
6 0.658021 0.510924 0.040702 0.036975
6 0.598164 0.607563 0.034318 0.031933
6 0.550678 0.604202 0.039904 0.038655
6 0.963687 0.589076 0.047087 0.038655
6 0.843974 0.351261 0.047087 0.036975
