7 0.652900 0.704000 0.012900 0.023400
7 0.814400 0.540700 0.015100 0.022600
7 0.433700 0.720800 0.011800 0.023400
7 0.163600 0.806500 0.013500 0.020800
7 0.833600 0.548000 0.015500 0.021500
7 0.419900 0.725400 0.013100 0.021600
7 0.725300 0.684500 0.014800 0.023700
7 0.711400 0.701700 0.013000 0.022700
7 0.708500 0.682200 0.012900 0.021000
7 0.066100 0.815800 0.019200 0.018200
6 0.695200 0.620700 0.048000 0.052000
6 0.583900 0.524100 0.043400 0.059500
6 0.872800 0.393400 0.049600 0.043000
6 0.487900 0.573400 0.038200 0.071400
4 0.676100 0.573300 0.028500 0.026800
4 0.264000 0.690900 0.028000 0.021400
4 0.343000 0.518900 0.027000 0.026100
3 0.078400 0.705500 0.092200 0.058400
0 0.243400 0.531200 0.066500 0.053500
0 0.048600 0.541200 0.074700 0.051600
0 0.482600 0.371600 0.028100 0.127400
5 0.709497 0.397271 0.009577 0.036918
5 0.700718 0.398074 0.006385 0.035313
5 0.691939 0.396469 0.007981 0.032103
5 0.683958 0.400482 0.009577 0.033708
5 0.673583 0.402087 0.007981 0.040128
5 0.663208 0.398876 0.006385 0.036918
5 0.655626 0.400482 0.007183 0.036918
5 0.646049 0.406100 0.011971 0.032103
5 0.616121 0.398876 0.015962 0.024077
5 0.596967 0.382022 0.022346 0.016051
5 0.557861 0.319422 0.011173 0.038523
7 0.368968 0.862336 0.007330 0.022646
5 0.335675 0.696067 0.015272 0.016687
6 0.748015 0.652563 0.040929 0.032181
7 0.424863 0.486889 0.010385 0.013111
7 0.427001 0.503576 0.010996 0.015495
7 0.447159 0.429082 0.008552 0.016687
7 0.451436 0.396901 0.007330 0.016687
7 0.422724 0.473778 0.009774 0.015495
6 0.524435 0.660310 0.038485 0.040524
6 0.466097 0.669845 0.040318 0.040524
6 0.416616 0.680572 0.039096 0.038141
6 0.214722 0.709178 0.038485 0.035757
6 0.180819 0.710369 0.030544 0.030989
6 0.237019 0.620381 0.039096 0.044100
6 0.347587 0.651967 0.040318 0.040524
6 0.585522 0.663290 0.038485 0.039333
6 0.633476 0.663886 0.034209 0.033373
4 0.546732 0.099523 0.031765 0.032181
4 0.574832 0.319428 0.019548 0.040524
4 0.605070 0.362336 0.026268 0.021454
7 0.510690 0.353993 0.010996 0.023838
7 0.061698 0.801549 0.017104 0.017878
7 0.014050 0.815852 0.019548 0.015495
7 0.575443 0.715137 0.009774 0.014303
7 0.563531 0.726460 0.007941 0.025030
7 0.548564 0.730632 0.009774 0.021454
5 0.854612 0.653159 0.026878 0.023838
7 0.987477 0.583433 0.021381 0.017878
7 0.989615 0.600119 0.019548 0.015495
7 0.983812 0.554827 0.017715 0.025030
7 0.775504 0.429082 0.017715 0.016687
7 0.107514 0.455900 0.014661 0.015495
3 0.168907 0.542908 0.078803 0.060787
7 0.457544 0.133492 0.007330 0.019070
7 0.335370 0.769368 0.013439 0.017878
7 0.805131 0.632300 0.015883 0.020262
7 0.826512 0.629321 0.012217 0.023838
7 0.105376 0.963051 0.012828 0.021454
7 0.144777 0.963051 0.013439 0.026222
7 0.384545 0.758045 0.007941 0.014303
7 0.129200 0.514303 0.015272 0.015495
1 0.551476 0.193277 0.031923 0.147899
6 0.694334 0.504202 0.046289 0.036975
7 0.850359 0.594118 0.021548 0.021849
