7 0.037900 0.832200 0.019200 0.023400
7 0.671300 0.752600 0.014800 0.025600
7 0.773900 0.478300 0.017600 0.021800
7 0.234600 0.611800 0.013600 0.028900
7 0.052500 0.611900 0.014900 0.022400
7 0.253700 0.605900 0.013500 0.023800
7 0.432700 0.770000 0.009000 0.021800
7 0.864800 0.683700 0.014900 0.024100
7 0.471100 0.253800 0.014000 0.026600
7 0.152100 0.513400 0.014700 0.020000
7 0.948100 0.385800 0.016500 0.025100
7 0.422900 0.786900 0.011000 0.018500
7 0.855700 0.706600 0.017900 0.025900
7 0.599500 0.754000 0.012200 0.027500
7 0.521100 0.861800 0.009700 0.022400
7 0.397700 0.754500 0.011100 0.023600
7 0.762400 0.734300 0.013500 0.025400
7 0.917200 0.711700 0.016100 0.026400
6 0.574100 0.493400 0.043700 0.058900
6 0.522200 0.374800 0.026200 0.078900
6 0.885900 0.449700 0.041400 0.034900
5 0.815200 0.562200 0.029000 0.027800
4 0.815400 0.560300 0.027800 0.029400
4 0.769600 0.570500 0.032900 0.029400
0 0.907400 0.515400 0.065500 0.072200
0 0.050000 0.575600 0.073700 0.050300
0 0.242500 0.570300 0.065000 0.048600
0 0.481100 0.420700 0.030300 0.126900
5 0.723464 0.447030 0.010375 0.040128
5 0.707502 0.449438 0.008779 0.041734
5 0.699122 0.447833 0.007981 0.038523
5 0.690742 0.449438 0.007183 0.032103
5 0.681963 0.446228 0.007183 0.041734
5 0.671588 0.452648 0.010375 0.044944
5 0.654030 0.454254 0.007183 0.038523
5 0.644054 0.459872 0.011173 0.030498
5 0.613727 0.450241 0.015962 0.020867
5 0.595371 0.432584 0.022346 0.017657
5 0.557063 0.369181 0.011173 0.044944
6 0.179291 0.749106 0.033598 0.034565
6 0.216555 0.749106 0.040929 0.036949
6 0.284362 0.731824 0.039707 0.038141
6 0.371106 0.724672 0.033598 0.059595
6 0.412951 0.726460 0.037874 0.034565
6 0.463958 0.718713 0.045816 0.035757
6 0.581246 0.713945 0.038485 0.038141
6 0.740990 0.707986 0.042761 0.030989
6 0.927917 0.387962 0.034209 0.063170
1 0.551619 0.243147 0.029322 0.147795
4 0.573610 0.368296 0.019548 0.038141
4 0.602932 0.412396 0.025657 0.021454
4 0.547954 0.151371 0.029322 0.028605
4 0.341173 0.558999 0.025046 0.019070
7 0.450214 0.491061 0.010996 0.023838
7 0.777031 0.412992 0.012217 0.020262
7 0.544594 0.778308 0.009163 0.019070
7 0.559255 0.773540 0.009163 0.023838
5 0.925473 0.638856 0.025657 0.026222
5 0.333537 0.735995 0.019548 0.013111
7 0.776115 0.698451 0.014050 0.021454
5 0.894013 0.418951 0.023824 0.027414
7 0.105681 0.847437 0.020770 0.035757
7 0.102932 0.989869 0.014050 0.015495
7 0.142028 0.990465 0.011607 0.014303
7 0.269395 0.772348 0.015883 0.016687
7 0.364386 0.895113 0.007941 0.014303
7 0.358583 0.910608 0.012217 0.011919
7 0.810324 0.771156 0.007941 0.019070
7 0.810324 0.749106 0.007941 0.020262
6 0.506385 0.139496 0.023144 0.073950
3 0.169194 0.579832 0.078212 0.057143
7 0.389864 0.719328 0.008779 0.016807
6 0.521149 0.706723 0.035116 0.035294
6 0.698723 0.706723 0.043895 0.038655
6 0.723464 0.645378 0.045491 0.043697
6 0.681963 0.546218 0.040702 0.033613
6 0.626496 0.715126 0.033520 0.035294
6 0.897845 0.667227 0.043097 0.043697
6 0.794892 0.668067 0.043097 0.038655
