6 0.536313 0.706723 0.030327 0.035294
7 0.927374 0.711765 0.012769 0.021849
7 0.973663 0.404202 0.017558 0.018487
7 0.974860 0.372269 0.013567 0.025210
7 0.406624 0.950420 0.008779 0.018487
7 0.414605 0.950420 0.008779 0.021849
7 0.801277 0.643697 0.009577 0.013445
7 0.796089 0.644538 0.010375 0.018487
6 0.468875 0.818487 0.018356 0.060504
6 0.466480 0.906723 0.016760 0.065546
5 0.957302 0.335294 0.007183 0.028571
6 0.986034 0.438655 0.024741 0.033613
0 0.726656 0.489076 0.058260 0.040336
0 0.100958 0.548739 0.047087 0.038655
