7 0.361600 0.815000 0.012600 0.033400
7 0.374100 0.765300 0.015300 0.042400
0 0.307100 0.460400 0.112700 0.090800
0 0.034600 0.560200 0.067600 0.084400
7 0.639266 0.099160 0.028731 0.040336
7 0.363128 0.734454 0.012769 0.030252
7 0.886273 0.693277 0.029529 0.031933
7 0.650439 0.676471 0.022346 0.031933
6 0.405427 0.909244 0.041500 0.127731
1 0.066640 0.437815 0.133280 0.112605
6 0.711492 0.496639 0.071030 0.058824
6 0.857542 0.482353 0.075818 0.067227
6 0.430168 0.106723 0.033520 0.136134
1 0.553073 0.087395 0.067039 0.171429
