7 0.521800 0.406700 0.017300 0.040900
7 0.225300 0.849800 0.016300 0.028800
7 0.942500 0.412000 0.019300 0.023900
7 0.278200 0.667500 0.019700 0.034500
7 0.632700 0.877400 0.016900 0.033900
6 0.549600 0.747300 0.060100 0.069100
5 0.717471 0.402861 0.009163 0.061979
5 0.801466 0.401073 0.010996 0.063170
5 0.785889 0.402265 0.010385 0.060787
5 0.771839 0.399285 0.007941 0.059595
5 0.755651 0.421931 0.012217 0.059595
5 0.746182 0.405244 0.010385 0.052443
5 0.729078 0.405244 0.010385 0.061979
5 0.704337 0.412992 0.018326 0.053635
5 0.655162 0.391538 0.028711 0.034565
5 0.624007 0.368296 0.034820 0.023838
5 0.566585 0.259833 0.017715 0.057211
6 0.213195 0.780095 0.068418 0.058403
6 0.597740 0.809893 0.059255 0.058403
6 0.845449 0.817640 0.074527 0.061979
6 0.844838 0.410608 0.059866 0.051251
5 0.343616 0.607271 0.021381 0.091776
7 0.928222 0.378427 0.014050 0.020262
7 0.944105 0.367700 0.018937 0.015495
7 0.957544 0.399881 0.018937 0.022646
7 0.908369 0.478546 0.035431 0.032181
4 0.592242 0.412992 0.033598 0.063170
4 0.578497 0.286055 0.026878 0.050060
4 0.618204 0.298570 0.032987 0.029797
4 0.638363 0.331347 0.043983 0.033373
4 0.170739 0.531585 0.042150 0.026222
7 0.981368 0.829559 0.026268 0.038141
7 0.816127 0.872467 0.023213 0.030989
7 0.669823 0.882598 0.015272 0.032181
7 0.553757 0.901669 0.014050 0.036949
7 0.530544 0.908820 0.014050 0.027414
7 0.536958 0.861144 0.012217 0.034565
7 0.251680 0.898689 0.017104 0.033373
7 0.203421 0.918355 0.028100 0.029797
7 0.260232 0.807509 0.025657 0.032181
7 0.414172 0.355185 0.019548 0.028605
5 0.020159 0.446365 0.036652 0.025030
7 0.828955 0.380810 0.013439 0.022646
6 0.666401 0.817647 0.054270 0.042017
7 0.703512 0.325210 0.013567 0.025210
1 0.562650 0.087395 0.046289 0.174790
0 0.056265 0.540336 0.106145 0.075630
0 0.463687 0.640336 0.098962 0.084034
6 0.898643 0.674790 0.075020 0.058824
0 0.719074 0.668908 0.097366 0.070588
