7 0.073800 0.591700 0.019400 0.023200
7 0.426600 0.718700 0.010500 0.022500
5 0.445900 0.399100 0.016900 0.041800
1 0.515000 0.866900 0.032300 0.135600
0 0.121600 0.527300 0.073300 0.055700
0 0.476000 0.187200 0.027000 0.111800
7 0.572227 0.331933 0.015962 0.031933
7 0.573025 0.331933 0.014366 0.035294
0 0.141660 0.602521 0.067837 0.048739
3 0.513567 0.266387 0.031125 0.136134
3 0.881484 0.623529 0.083799 0.057143
4 0.431764 0.220168 0.009577 0.040336
4 0.045890 0.606723 0.027933 0.036975
6 0.541899 0.654622 0.033520 0.072269
6 0.436552 0.277311 0.020750 0.084034
6 0.438547 0.875630 0.021548 0.077311
6 0.290503 0.611765 0.044693 0.033613
