7 0.683400 0.552800 0.013200 0.017700
0 0.941500 0.587700 0.054300 0.040600
0 0.524900 0.312200 0.023200 0.096900
0 0.481000 0.066900 0.022000 0.084100
0 0.486600 0.165000 0.019400 0.082300
7 0.552275 0.349580 0.012769 0.020168
7 0.116919 0.568908 0.008779 0.011765
4 0.457702 0.908403 0.019952 0.038655
4 0.459697 0.952941 0.017558 0.033613
4 0.444533 0.257143 0.009577 0.033613
4 0.443735 0.219328 0.007981 0.042017
4 0.446129 0.183193 0.007981 0.040336
4 0.884278 0.509244 0.023943 0.023529
0 0.447326 0.038655 0.021548 0.077311
0 0.514366 0.184034 0.024741 0.092437
0 0.882283 0.584034 0.048683 0.042017
0 0.288508 0.552941 0.048683 0.040336
0 0.231445 0.552941 0.049481 0.036975
1 0.798883 0.519328 0.055866 0.043697
1 0.651636 0.511765 0.055068 0.042017
1 0.549082 0.503361 0.047885 0.038655
1 0.051077 0.540336 0.062251 0.045378
3 0.518356 0.062185 0.024741 0.114286
3 0.725060 0.571429 0.059856 0.043697
4 0.483639 0.257983 0.009577 0.038655
6 0.855148 0.502521 0.029529 0.030252
6 0.989625 0.520168 0.017558 0.028571
6 0.484836 0.350420 0.016760 0.055462
6 0.448125 0.306723 0.016760 0.068908
6 0.472067 0.489076 0.023144 0.026891
6 0.532721 0.587395 0.026337 0.052101
6 0.506784 0.681513 0.019154 0.055462
6 0.458500 0.690756 0.016760 0.053782
6 0.451317 0.753782 0.015164 0.052101
1 0.942538 0.531933 0.063847 0.042017
