7 0.296100 0.580000 0.012000 0.018600
0 0.287600 0.555800 0.050100 0.039100
0 0.942300 0.611400 0.054700 0.039700
0 0.611300 0.523900 0.048500 0.040300
0 0.516800 0.891600 0.022600 0.084600
7 0.549880 0.379832 0.009577 0.016807
7 0.554270 0.359664 0.013567 0.023529
7 0.314445 0.447059 0.007981 0.016807
6 0.448524 0.761345 0.014366 0.053782
6 0.479250 0.771429 0.016760 0.053782
6 0.487630 0.660504 0.017558 0.050420
6 0.449322 0.313445 0.015962 0.068908
4 0.506385 0.652101 0.010375 0.036975
4 0.454110 0.916807 0.019154 0.042017
4 0.453711 0.963025 0.018356 0.033613
4 0.445331 0.267227 0.009577 0.040336
4 0.444932 0.228571 0.008779 0.036975
7 0.127694 0.565546 0.007981 0.011765
7 0.133280 0.566387 0.006385 0.010084
0 0.450918 0.040336 0.022346 0.080672
6 0.619314 0.574790 0.031923 0.030252
1 0.049481 0.537815 0.060654 0.047059
6 0.482043 0.893277 0.017558 0.055462
0 0.229848 0.552101 0.049481 0.038655
