7 0.455100 0.655900 0.010000 0.016600
4 0.026400 0.481100 0.024100 0.020500
3 0.503800 0.312200 0.026000 0.108000
1 0.040800 0.548900 0.063200 0.045700
1 0.294400 0.494300 0.062900 0.044500
0 0.224500 0.558800 0.051100 0.040900
0 0.283000 0.558800 0.051000 0.036900
0 0.944700 0.591600 0.055400 0.040400
0 0.723200 0.515800 0.051500 0.041000
7 0.549481 0.351261 0.015164 0.023529
7 0.584198 0.451261 0.009577 0.018487
7 0.070630 0.434454 0.010375 0.018487
7 0.428970 0.206723 0.005587 0.016807
4 0.454110 0.916807 0.022346 0.035294
4 0.455307 0.963866 0.021548 0.031933
4 0.439346 0.219328 0.007183 0.038655
4 0.440543 0.260504 0.007981 0.036975
5 0.772945 0.487395 0.018356 0.020168
4 0.861931 0.515966 0.023943 0.020168
4 0.486433 0.520168 0.023144 0.021849
6 0.444533 0.308403 0.015962 0.065546
6 0.452913 0.617647 0.018356 0.052101
6 0.454509 0.701681 0.019952 0.062185
6 0.447725 0.761345 0.014366 0.057143
6 0.492817 0.715126 0.019952 0.062185
6 0.593775 0.493277 0.028731 0.031933
6 0.632881 0.552941 0.028731 0.033613
6 0.700718 0.563866 0.030327 0.031933
6 0.780527 0.563866 0.030327 0.031933
6 0.915802 0.536134 0.031125 0.030252
0 0.443336 0.036975 0.023144 0.073950
6 0.521947 0.608403 0.023943 0.050420
