5 0.515900 0.323000 0.009800 0.042600
4 0.515700 0.323200 0.009400 0.041900
0 0.177500 0.487200 0.051500 0.044300
0 0.939800 0.586700 0.053600 0.039100
0 0.444900 0.040800 0.022300 0.081100
0 0.507400 0.090700 0.021800 0.076400
7 0.549082 0.647899 0.011173 0.021849
7 0.553073 0.800000 0.007981 0.023529
7 0.553472 0.860504 0.008779 0.023529
7 0.430966 0.510084 0.006385 0.015126
7 0.550678 0.352941 0.011173 0.023529
7 0.612929 0.452101 0.011173 0.013445
7 0.707901 0.598319 0.012769 0.016807
7 0.434956 0.594118 0.009577 0.018487
4 0.457702 0.910084 0.021548 0.038655
4 0.458101 0.954622 0.020750 0.030252
4 0.441740 0.262185 0.008779 0.036975
4 0.441341 0.224370 0.007981 0.038655
0 0.880686 0.581513 0.047087 0.040336
0 0.288508 0.556303 0.047087 0.040336
0 0.230247 0.557983 0.048683 0.036975
1 0.511572 0.209244 0.022346 0.102521
1 0.707103 0.515966 0.059058 0.040336
1 0.050678 0.548739 0.063049 0.045378
3 0.703113 0.571429 0.057462 0.043697
6 0.942139 0.542857 0.031125 0.033613
6 0.458101 0.693277 0.015962 0.055462
6 0.450519 0.755462 0.015164 0.055462
6 0.445730 0.311765 0.016760 0.065546
6 0.800080 0.495798 0.029529 0.026891
