7 0.182000 0.637600 0.020400 0.033400
7 0.541900 0.456800 0.016800 0.038100
7 0.243400 0.873000 0.021900 0.029300
7 0.959700 0.705100 0.025600 0.034200
0 0.687800 0.597700 0.103700 0.083400
0 0.056800 0.558500 0.107300 0.082500
5 0.799633 0.426103 0.009774 0.058403
5 0.785889 0.421335 0.010385 0.063170
5 0.770006 0.421335 0.010385 0.058403
5 0.753513 0.436830 0.015272 0.067938
5 0.726023 0.425507 0.009163 0.059595
5 0.700977 0.432062 0.016494 0.053635
5 0.652108 0.411800 0.027489 0.034565
5 0.623702 0.386174 0.032987 0.021454
5 0.567196 0.280691 0.016494 0.058403
5 0.676848 0.473182 0.041539 0.030989
5 0.732743 0.473778 0.017715 0.060787
6 0.461210 0.729440 0.063531 0.064362
6 0.406231 0.810489 0.061087 0.057211
6 0.594991 0.831347 0.063531 0.058403
6 0.666463 0.839094 0.057422 0.054827
6 0.632254 0.751490 0.063531 0.079857
6 0.677153 0.695471 0.066585 0.058403
6 0.744655 0.759833 0.073305 0.063170
6 0.775199 0.841478 0.070861 0.057211
6 0.846671 0.839690 0.070861 0.063170
6 0.828039 0.747914 0.073916 0.060787
6 0.844838 0.430274 0.063531 0.057211
7 0.742822 0.340286 0.012217 0.025030
7 0.398900 0.413588 0.017104 0.021454
7 0.414478 0.371275 0.011607 0.034565
7 0.486255 0.070322 0.015883 0.038141
7 0.523519 0.165673 0.018326 0.035757
7 0.886988 0.752682 0.032987 0.044100
7 0.848198 0.912992 0.021381 0.040524
7 0.862248 0.886174 0.028711 0.032181
7 0.978925 0.886174 0.026268 0.034565
7 0.624313 0.884386 0.017104 0.038141
7 0.556506 0.885578 0.018326 0.026222
7 0.553451 0.923719 0.012217 0.038141
7 0.531765 0.923123 0.012828 0.032181
7 0.330177 0.934446 0.016494 0.026222
4 0.578497 0.302145 0.031765 0.065554
4 0.618204 0.312872 0.034209 0.039333
4 0.637447 0.353397 0.040929 0.041716
4 0.169517 0.551847 0.040929 0.028605
7 0.872633 0.914779 0.022602 0.032181
7 0.922724 0.573897 0.021381 0.025030
7 0.945021 0.535161 0.013439 0.033373
7 0.948076 0.563766 0.024435 0.026222
7 0.903177 0.493445 0.028711 0.021454
7 0.833537 0.402861 0.017715 0.019070
6 0.808186 0.594756 0.078192 0.069130
5 0.019853 0.463051 0.038485 0.025030
7 0.344227 0.496424 0.012828 0.010727
7 0.703512 0.343697 0.015164 0.031933
1 0.561453 0.095798 0.051875 0.191597
7 0.962091 0.962185 0.015164 0.028571
