7 0.161800 0.438300 0.011100 0.014000
5 0.472300 0.131800 0.011500 0.034800
4 0.473000 0.058800 0.013900 0.046900
0 0.626500 0.507600 0.051600 0.040400
0 0.940200 0.585400 0.053600 0.038900
0 0.880400 0.581200 0.048600 0.043600
0 0.490100 0.476300 0.022400 0.090000
0 0.508100 0.297200 0.021500 0.091100
7 0.551077 0.349580 0.013567 0.023529
7 0.547087 0.284034 0.008779 0.026891
7 0.550678 0.424370 0.007981 0.018487
7 0.584597 0.449580 0.008779 0.018487
7 0.696728 0.606723 0.009577 0.016807
7 0.025140 0.571429 0.011971 0.020168
7 0.206704 0.442857 0.012769 0.015126
4 0.458500 0.910084 0.018356 0.035294
4 0.459298 0.952941 0.018356 0.030252
4 0.441740 0.262185 0.008779 0.036975
4 0.440942 0.221849 0.008779 0.040336
5 0.530726 0.414286 0.009577 0.042017
0 0.444134 0.038655 0.023144 0.077311
0 0.509976 0.663866 0.020750 0.090756
0 0.288109 0.555462 0.047885 0.038655
0 0.230646 0.557143 0.049481 0.038655
1 0.717877 0.515966 0.059856 0.040336
6 0.446129 0.309244 0.015962 0.063866
6 0.474860 0.293277 0.015962 0.052101
6 0.456903 0.691597 0.018356 0.055462
6 0.450519 0.754622 0.016760 0.053782
1 0.050279 0.547059 0.063847 0.045378
4 0.595770 0.549580 0.024741 0.023529
