7 0.767500 0.464500 0.018700 0.023600
7 0.640400 0.732600 0.012700 0.025100
7 0.554400 0.724900 0.013800 0.024200
7 0.695500 0.728200 0.014300 0.024000
7 0.865400 0.674500 0.017200 0.028100
7 0.333600 0.756800 0.013800 0.021700
7 0.770500 0.694400 0.014800 0.024700
7 0.811600 0.719500 0.014800 0.024300
7 0.566500 0.739900 0.015700 0.027100
6 0.764000 0.636100 0.043100 0.048100
6 0.536500 0.548600 0.039200 0.066800
6 0.865000 0.434400 0.047900 0.046200
6 0.974700 0.591200 0.051200 0.044200
6 0.948200 0.443100 0.048400 0.068700
4 0.614900 0.578000 0.030500 0.031600
1 0.547400 0.220900 0.032700 0.145000
0 0.234500 0.542000 0.063500 0.051700
0 0.040600 0.543500 0.074100 0.052900
0 0.679800 0.538600 0.062400 0.053000
0 0.475600 0.394900 0.029700 0.123700
5 0.702713 0.427769 0.008779 0.040128
5 0.694733 0.430177 0.007183 0.032103
5 0.685555 0.426164 0.007981 0.030498
5 0.677574 0.429374 0.007981 0.036918
5 0.666401 0.430177 0.007981 0.041734
5 0.648045 0.430979 0.007981 0.036918
5 0.639266 0.436597 0.009577 0.028892
5 0.608939 0.425361 0.019154 0.032103
5 0.588587 0.410915 0.021548 0.019262
5 0.551476 0.347512 0.012769 0.046549
5 0.324679 0.709774 0.016494 0.017878
6 0.203115 0.720501 0.037263 0.034565
6 0.170128 0.721097 0.032376 0.035757
6 0.405009 0.700238 0.039096 0.036949
6 0.454490 0.693087 0.040318 0.036949
6 0.419976 0.657330 0.039707 0.044100
6 0.514356 0.684148 0.035431 0.040524
6 0.573916 0.690703 0.039707 0.034565
6 0.621258 0.694279 0.034209 0.032181
7 0.404704 0.504768 0.007941 0.013111
7 0.387905 0.547676 0.010996 0.015495
7 0.444716 0.421931 0.008552 0.019070
4 0.334148 0.535757 0.025657 0.017878
6 0.983201 0.671633 0.032376 0.039333
6 0.498167 0.039333 0.022602 0.073897
4 0.543372 0.124553 0.027489 0.029797
4 0.568418 0.343862 0.017715 0.036949
4 0.598351 0.387962 0.029933 0.027414
7 0.450519 0.305721 0.009163 0.020262
7 0.536042 0.753278 0.009163 0.016687
7 0.551008 0.752682 0.008552 0.020262
7 0.783445 0.685936 0.011607 0.017878
7 0.790165 0.700238 0.007941 0.017878
7 0.812156 0.699046 0.012828 0.013111
7 0.369578 0.792014 0.009774 0.017878
7 0.934637 0.662694 0.015883 0.016687
7 0.900122 0.698451 0.016494 0.014303
7 0.043372 0.437426 0.020770 0.023838
7 0.795357 0.412992 0.009774 0.015495
7 0.785889 0.418355 0.010385 0.014303
7 0.824068 0.442193 0.010996 0.016687
3 0.160965 0.550656 0.080024 0.059595
5 0.611484 0.459476 0.025657 0.020262
7 0.449297 0.784267 0.012828 0.021454
7 0.130116 0.966031 0.012217 0.027414
7 0.091020 0.965435 0.013439 0.019070
7 0.413867 0.495828 0.009163 0.011919
7 0.352779 0.864124 0.009163 0.033373
3 0.066241 0.709244 0.089385 0.057143
7 0.081804 0.685714 0.011971 0.016807
6 0.339186 0.610084 0.041500 0.040336
6 0.355946 0.670588 0.039904 0.040336
6 0.735834 0.684874 0.041500 0.028571
6 0.691540 0.685714 0.043895 0.040336
