7 0.438100 0.835500 0.014600 0.027800
6 0.510000 0.208000 0.021600 0.069400
1 0.225700 0.587400 0.090100 0.065400
0 0.542500 0.265600 0.026400 0.115800
7 0.586592 0.337815 0.015962 0.026891
6 0.476856 0.240336 0.026337 0.084034
6 0.447326 0.273950 0.021548 0.084034
6 0.436552 0.890756 0.019154 0.070588
6 0.488029 0.331933 0.019952 0.072269
4 0.442538 0.215126 0.010375 0.040336
4 0.076616 0.579832 0.019154 0.033613
4 0.046289 0.586555 0.028731 0.036975
3 0.897845 0.656303 0.086193 0.058824
4 0.959697 0.610084 0.035914 0.026891
5 0.580607 0.659664 0.026337 0.025210
7 0.586991 0.667227 0.011971 0.020168
0 0.140463 0.588235 0.068635 0.053782
