7 0.277000 0.869300 0.019900 0.031600
7 0.527400 0.791300 0.015600 0.026800
7 0.620800 0.764900 0.014300 0.023400
7 0.477100 0.799900 0.016000 0.027200
7 0.624000 0.745700 0.014000 0.023900
7 0.608500 0.810400 0.013800 0.024600
4 0.210900 0.434600 0.039100 0.030700
4 0.717800 0.381600 0.040200 0.038500
0 0.473400 0.116400 0.046700 0.210100
5 0.836591 0.284267 0.009163 0.063170
5 0.822847 0.286055 0.009774 0.057211
5 0.810018 0.284267 0.007330 0.060787
5 0.793219 0.306913 0.009163 0.053635
5 0.781613 0.289631 0.009163 0.057211
5 0.764814 0.292610 0.008552 0.053635
5 0.755040 0.289631 0.008552 0.057211
5 0.739157 0.297974 0.014661 0.057211
5 0.765119 0.348033 0.028711 0.023838
5 0.689676 0.281883 0.026878 0.034565
5 0.660660 0.258045 0.036042 0.020262
5 0.602627 0.149583 0.015272 0.053635
6 0.048870 0.723480 0.075748 0.052443
6 0.639890 0.693683 0.062920 0.057211
6 0.706781 0.698451 0.057422 0.045292
6 0.767257 0.538141 0.069640 0.063170
6 0.887599 0.691895 0.072083 0.058403
6 0.969762 0.534565 0.059255 0.063170
6 0.905925 0.417163 0.073305 0.054827
0 0.099878 0.449940 0.108125 0.072706
5 0.058033 0.355185 0.048870 0.028605
7 0.574527 0.791418 0.012828 0.033373
7 0.596213 0.787843 0.013439 0.035757
4 0.917838 0.558999 0.042150 0.040524
7 0.285583 0.795590 0.017715 0.025030
7 0.306659 0.771156 0.019548 0.040524
7 0.256872 0.932062 0.020159 0.040524
7 0.284362 0.908224 0.020159 0.030989
7 0.944716 0.769368 0.016494 0.039333
7 0.465180 0.744338 0.014050 0.029797
7 0.452046 0.789035 0.013439 0.038141
7 0.968845 0.269368 0.025657 0.033373
7 0.937691 0.345650 0.025657 0.035757
4 0.614233 0.178784 0.029933 0.059595
4 0.655162 0.186532 0.037263 0.039333
4 0.673183 0.224076 0.045205 0.038141
7 0.742618 0.201681 0.016760 0.030252
7 0.768955 0.357983 0.013567 0.030252
