6 0.983600 0.408800 0.034500 0.032900
6 0.537909 0.698319 0.030327 0.035294
7 0.939745 0.215126 0.010375 0.023529
7 0.964086 0.344538 0.011173 0.023529
7 0.993615 0.223529 0.009577 0.013445
7 0.411413 0.942017 0.011971 0.021849
7 0.422586 0.942857 0.010375 0.020168
6 0.473264 0.811765 0.017558 0.057143
6 0.472466 0.894958 0.017558 0.065546
0 0.480048 0.373109 0.027933 0.094118
1 0.399441 0.478992 0.056664 0.040336
3 0.232642 0.480672 0.064645 0.043697
5 0.946927 0.308403 0.008779 0.031933
5 0.844374 0.430252 0.017558 0.030252
6 0.782522 0.588235 0.032721 0.033613
6 0.590583 0.476471 0.033520 0.031933
6 0.456903 0.571429 0.031125 0.030252
