7 0.637200 0.649800 0.012900 0.020400
6 0.841400 0.472500 0.035200 0.054000
6 0.535116 0.699160 0.031125 0.036975
7 0.967678 0.357143 0.013567 0.021849
7 0.994812 0.238655 0.007183 0.016807
7 0.011971 0.031092 0.012769 0.015126
7 0.407821 0.943697 0.009577 0.018487
6 0.468476 0.809244 0.017558 0.062185
6 0.467279 0.896639 0.018356 0.062185
6 0.983240 0.423529 0.028731 0.030252
5 0.949721 0.324370 0.007981 0.026891
5 0.103751 0.443697 0.020750 0.026891
4 0.535116 0.373950 0.013567 0.038655
4 0.646049 0.467227 0.023144 0.023529
0 0.408619 0.466387 0.055866 0.045378
