7 0.814900 0.651600 0.031200 0.032900
7 0.376600 0.760200 0.017800 0.048400
7 0.358100 0.655300 0.018300 0.030400
7 0.375500 0.848800 0.017000 0.036600
7 0.365300 0.835300 0.011700 0.043100
6 0.432300 0.105300 0.034900 0.128800
0 0.037200 0.558500 0.075200 0.085100
7 0.640064 0.104202 0.027135 0.043697
7 0.659617 0.573109 0.024741 0.040336
6 0.406624 0.904202 0.037510 0.121008
1 0.552275 0.110084 0.068635 0.220168
4 0.464884 0.457983 0.050279 0.035294
6 0.181165 0.451261 0.081405 0.058824
6 0.308061 0.430252 0.075020 0.063866
