7 0.147900 0.601800 0.019700 0.022600
7 0.811700 0.561600 0.016800 0.023400
7 0.958300 0.641800 0.020600 0.023000
7 0.901400 0.582200 0.021000 0.025300
7 0.829500 0.625800 0.015100 0.026000
7 0.517400 0.802400 0.010800 0.027900
7 0.663400 0.725400 0.013000 0.027200
7 0.789700 0.444500 0.014500 0.022500
7 0.476500 0.393500 0.012200 0.029200
7 0.274500 0.748200 0.014700 0.025500
7 0.502000 0.753000 0.012500 0.022400
7 0.793700 0.421200 0.011200 0.021600
7 0.360500 0.563000 0.013900 0.027500
7 0.462000 0.316800 0.012300 0.029200
7 0.349000 0.756700 0.010500 0.021000
7 0.488700 0.735300 0.010100 0.019000
6 0.231100 0.648400 0.044400 0.044800
6 0.697500 0.647000 0.043700 0.045900
6 0.583000 0.696800 0.040100 0.041900
1 0.553100 0.225900 0.033900 0.147100
0 0.574000 0.618800 0.068300 0.054800
0 0.242500 0.556300 0.064700 0.048600
0 0.893900 0.498900 0.071900 0.066600
0 0.133600 0.644400 0.058300 0.045900
0 0.048900 0.561800 0.073500 0.049500
0 0.488400 0.279600 0.028200 0.109300
5 0.723885 0.427890 0.009774 0.038141
5 0.708308 0.432658 0.009163 0.038141
5 0.699756 0.430274 0.006720 0.038141
5 0.691509 0.430870 0.006109 0.032181
5 0.683262 0.435638 0.006720 0.036949
5 0.673488 0.438617 0.006720 0.040524
5 0.663409 0.436830 0.006109 0.039333
5 0.655162 0.436234 0.007941 0.040524
5 0.646304 0.443385 0.012217 0.028605
5 0.615761 0.433850 0.013439 0.019070
5 0.596518 0.417759 0.021381 0.013111
5 0.558644 0.352205 0.009163 0.034565
6 0.058949 0.692491 0.050703 0.042908
6 0.178681 0.735399 0.029933 0.033373
6 0.213806 0.733611 0.040318 0.032181
6 0.284362 0.716925 0.042150 0.034565
6 0.372633 0.704410 0.039096 0.047676
6 0.414172 0.710369 0.037874 0.035757
6 0.464569 0.700834 0.040929 0.038141
6 0.628589 0.699046 0.034209 0.032181
6 0.701894 0.690703 0.041539 0.034565
6 0.743739 0.689511 0.039707 0.029797
6 0.986866 0.263409 0.023824 0.059595
6 0.928528 0.368296 0.036652 0.064362
7 0.774282 0.454708 0.012828 0.013111
4 0.342089 0.546484 0.025657 0.020262
4 0.547343 0.131704 0.028100 0.027414
4 0.574832 0.352801 0.017104 0.035757
4 0.603543 0.393921 0.028100 0.025030
7 0.487783 0.677592 0.007941 0.015495
7 0.490531 0.690703 0.010996 0.015495
7 0.544594 0.763409 0.010385 0.013111
7 0.559866 0.761025 0.009163 0.022646
7 0.569640 0.755066 0.009163 0.017878
7 0.575748 0.747914 0.007941 0.013111
7 0.627367 0.718713 0.009774 0.014303
7 0.521991 0.853397 0.011607 0.016687
7 0.967624 0.662098 0.017104 0.015495
5 0.462126 0.220501 0.007941 0.045292
7 0.775504 0.722884 0.011607 0.022646
5 0.334148 0.719309 0.019548 0.010727
7 0.361026 0.545888 0.009774 0.014303
3 0.168601 0.564958 0.078192 0.052443
7 0.439524 0.458880 0.009163 0.016687
7 0.365608 0.884982 0.006720 0.015495
7 0.361332 0.867700 0.007941 0.014303
7 0.372327 0.762813 0.007941 0.016687
7 0.387294 0.761025 0.009774 0.015495
7 0.382101 0.775328 0.009163 0.017878
7 0.139890 0.980930 0.012217 0.023838
7 0.102627 0.981526 0.012217 0.020262
7 0.141660 0.539496 0.015164 0.020168
6 0.884677 0.636134 0.047087 0.045378
1 0.984437 0.384874 0.027933 0.094118
