1 0.204500 0.613100 0.091800 0.065700
0 0.468000 0.084400 0.026600 0.106600
2 0.521947 0.907563 0.049481 0.174790
3 0.886273 0.626891 0.088587 0.050420
4 0.052674 0.621008 0.017558 0.031933
4 0.017159 0.627731 0.034318 0.045378
5 0.455706 0.230252 0.012769 0.053782
6 0.427374 0.134454 0.026337 0.087395
6 0.421389 0.277311 0.020750 0.087395
4 0.416600 0.218487 0.011173 0.036975
6 0.974860 0.642017 0.043895 0.030252
7 0.414605 0.944538 0.008779 0.016807
7 0.401038 0.100000 0.007183 0.038655
7 0.394254 0.461345 0.007981 0.018487
6 0.589385 0.510084 0.039106 0.038655
6 0.426576 0.899160 0.019952 0.077311
7 0.565044 0.328571 0.014366 0.025210
0 0.116919 0.621849 0.069433 0.050420
