1 0.204900 0.616900 0.090300 0.063500
0 0.200100 0.531100 0.070300 0.062200
7 0.562251 0.335294 0.016760 0.028571
7 0.413408 0.810084 0.011173 0.020168
7 0.415004 0.710084 0.011173 0.025210
6 0.455706 0.315126 0.020750 0.068908
6 0.420591 0.280672 0.020750 0.080672
6 0.427773 0.142017 0.027135 0.085714
6 0.426177 0.903361 0.019154 0.078992
4 0.415802 0.223529 0.009577 0.036975
4 0.461692 0.234454 0.011971 0.052101
4 0.052674 0.626050 0.019154 0.035294
4 0.019154 0.630252 0.030327 0.040336
3 0.883879 0.631933 0.085395 0.053782
0 0.117717 0.625210 0.071030 0.053782
