0 0.489500 0.192900 0.022900 0.094900
6 0.538308 0.697479 0.031125 0.033613
7 0.963288 0.342857 0.011173 0.023529
7 0.964086 0.671429 0.014366 0.015126
7 0.968875 0.685714 0.014366 0.013445
7 0.994014 0.222689 0.010375 0.015126
7 0.412610 0.942017 0.009577 0.018487
7 0.422586 0.942017 0.008779 0.021849
6 0.472466 0.810084 0.017558 0.060504
6 0.472067 0.894118 0.016760 0.063866
6 0.981644 0.408403 0.035116 0.030252
1 0.817638 0.521849 0.064645 0.078992
3 0.513966 0.469748 0.062251 0.045378
5 0.607342 0.563866 0.020750 0.018487
5 0.627694 0.577311 0.016760 0.018487
5 0.944932 0.308403 0.007981 0.028571
6 0.781325 0.589076 0.031923 0.031933
6 0.225858 0.571429 0.036712 0.030252
