1 0.046700 0.531500 0.059500 0.051200
0 0.939100 0.610000 0.055300 0.039700
0 0.286400 0.550100 0.049000 0.037000
7 0.547486 0.384874 0.007981 0.016807
7 0.552275 0.356303 0.014366 0.023529
7 0.437749 0.915966 0.005587 0.020168
7 0.263368 0.576471 0.011173 0.013445
7 0.275339 0.575630 0.009577 0.015126
7 0.171189 0.564706 0.010375 0.016807
4 0.451716 0.909244 0.017558 0.033613
4 0.450120 0.958824 0.020750 0.035294
4 0.444533 0.261345 0.009577 0.035294
4 0.444134 0.221008 0.008779 0.042017
0 0.609338 0.519328 0.047087 0.040336
0 0.449721 0.039496 0.024741 0.078992
4 0.660016 0.503361 0.020750 0.018487
6 0.446129 0.757143 0.015962 0.055462
6 0.447326 0.308403 0.016760 0.065546
6 0.490822 0.115966 0.019154 0.060504
6 0.586193 0.569748 0.032721 0.030252
0 0.227454 0.547899 0.051077 0.036975
