6 0.535116 0.705042 0.031125 0.031933
7 0.760974 0.371429 0.008779 0.020168
7 0.952115 0.194118 0.015962 0.018487
7 0.966480 0.380672 0.012769 0.021849
7 0.967279 0.363025 0.011173 0.020168
7 0.852753 0.705042 0.013567 0.021849
7 0.407422 0.948739 0.008779 0.018487
7 0.802873 0.749580 0.011173 0.020168
7 0.808859 0.749580 0.015164 0.030252
6 0.468476 0.815966 0.017558 0.058824
6 0.467678 0.900840 0.015962 0.063866
6 0.984437 0.429412 0.029529 0.031933
6 0.836792 0.491597 0.035914 0.031933
6 0.782921 0.605042 0.033520 0.033613
5 0.951716 0.328571 0.008779 0.028571
