7 0.660100 0.411900 0.016700 0.020200
7 0.939900 0.414300 0.019300 0.024300
7 0.087900 0.507600 0.016300 0.024400
7 0.462200 0.792800 0.013000 0.020100
7 0.052000 0.855700 0.019200 0.020600
7 0.473900 0.763400 0.012100 0.020500
7 0.507800 0.769300 0.012800 0.019800
7 0.564100 0.771600 0.012700 0.021000
7 0.783700 0.720700 0.016000 0.026200
7 0.080500 0.873500 0.018000 0.023900
6 0.801300 0.550800 0.049800 0.049100
6 0.871900 0.519700 0.047100 0.048300
6 0.489000 0.530600 0.036600 0.069800
6 0.408500 0.679000 0.043300 0.051100
6 0.456900 0.729400 0.039500 0.040200
6 0.019200 0.702500 0.041300 0.043900
4 0.639100 0.559000 0.033400 0.032200
3 0.068700 0.760500 0.092500 0.057000
0 0.039700 0.596300 0.075000 0.051000
0 0.234100 0.587500 0.067600 0.049900
0 0.472900 0.432200 0.029800 0.122700
5 0.699122 0.460674 0.007981 0.041734
5 0.689146 0.459872 0.007183 0.036918
5 0.681165 0.460674 0.007183 0.032103
5 0.672785 0.462279 0.007981 0.035313
5 0.662809 0.464687 0.007183 0.040128
5 0.652434 0.460674 0.008779 0.044944
5 0.644054 0.463082 0.007981 0.040128
5 0.634477 0.467095 0.012769 0.028892
5 0.606145 0.459872 0.018356 0.027287
5 0.586991 0.446228 0.023144 0.022472
5 0.548284 0.382825 0.011173 0.046549
6 0.171350 0.766985 0.031155 0.032181
6 0.206475 0.765793 0.039096 0.034565
7 0.358888 0.920143 0.009163 0.019070
7 0.521381 0.766985 0.007941 0.017878
7 0.679902 0.719905 0.014661 0.021454
6 0.733965 0.710965 0.039707 0.029797
7 0.413256 0.538141 0.007941 0.013111
7 0.402871 0.548868 0.007941 0.013111
7 0.552841 0.785459 0.008552 0.023838
7 0.537569 0.791418 0.008552 0.014303
7 0.513134 0.679380 0.009774 0.019070
5 0.325901 0.750298 0.015272 0.015495
6 0.405315 0.739571 0.037263 0.034565
7 0.457239 0.433254 0.006720 0.013111
7 0.437996 0.486293 0.008552 0.014303
7 0.441662 0.456496 0.006109 0.014303
4 0.333232 0.577473 0.026268 0.022646
6 0.980452 0.690107 0.036652 0.035757
6 0.621258 0.725864 0.032987 0.035757
4 0.538485 0.161502 0.027489 0.029797
4 0.565058 0.381406 0.019548 0.040524
4 0.594991 0.421931 0.028100 0.026222
4 0.251374 0.750894 0.029933 0.030989
7 0.021075 0.813468 0.020159 0.020262
5 0.841478 0.716329 0.023824 0.019070
7 0.775199 0.425507 0.009774 0.021454
7 0.762676 0.492849 0.015272 0.015495
7 0.758705 0.759237 0.009774 0.021454
7 0.791998 0.405840 0.011607 0.017878
3 0.160354 0.599523 0.081246 0.059595
7 0.446243 0.239571 0.006720 0.021454
7 0.575748 0.763409 0.009163 0.017878
1 0.542698 0.254622 0.030327 0.146218
6 0.514366 0.721008 0.035914 0.036975
6 0.513966 0.605882 0.039904 0.038655
6 0.723065 0.593277 0.046289 0.036975
6 0.573025 0.724370 0.039904 0.040336
6 0.858739 0.458824 0.047885 0.040336
