7 0.411500 0.370700 0.018600 0.037100
7 0.933300 0.813400 0.024600 0.032000
7 0.587100 0.863400 0.016300 0.028900
6 0.414600 0.772900 0.057600 0.068800
4 0.763000 0.533000 0.049300 0.039100
0 0.064800 0.515800 0.114200 0.083900
5 0.723580 0.386174 0.007941 0.059595
5 0.809407 0.383194 0.009774 0.067938
5 0.794441 0.382002 0.007941 0.056019
5 0.778864 0.384386 0.009774 0.056019
5 0.764508 0.407032 0.012828 0.053635
5 0.753207 0.387366 0.012217 0.054827
5 0.736408 0.387962 0.009163 0.058403
5 0.711362 0.393921 0.016494 0.053635
5 0.660965 0.375447 0.029322 0.033373
5 0.633170 0.349225 0.036042 0.021454
5 0.573916 0.237783 0.016494 0.058403
6 0.162187 0.765793 0.069029 0.065554
6 0.602627 0.784863 0.066585 0.065554
6 0.778864 0.796186 0.073305 0.064362
6 0.852779 0.802741 0.074527 0.063170
6 0.853085 0.390942 0.064142 0.047676
6 0.710751 0.656138 0.073916 0.058403
7 0.751985 0.299166 0.013439 0.019070
4 0.177764 0.508343 0.041539 0.029797
4 0.588577 0.265793 0.028711 0.057211
4 0.625535 0.277116 0.035431 0.039333
4 0.645999 0.313468 0.045816 0.033373
7 0.911729 0.457092 0.029933 0.029797
7 0.962431 0.783671 0.031155 0.027414
7 0.962126 0.833135 0.029322 0.026222
7 0.862553 0.862932 0.026878 0.030989
7 0.791387 0.852205 0.022602 0.030989
7 0.587355 0.839094 0.014050 0.028605
7 0.561393 0.883790 0.013439 0.039333
7 0.538180 0.883194 0.013439 0.030989
7 0.184484 0.950536 0.015883 0.039333
7 0.836591 0.359356 0.017715 0.025030
7 0.911729 0.874255 0.016494 0.046484
7 0.986561 0.398093 0.025657 0.028605
0 0.569945 0.078665 0.047648 0.154946
5 0.025351 0.421931 0.042150 0.023838
7 0.351252 0.456496 0.009774 0.019070
7 0.713488 0.305882 0.019154 0.033613
6 0.674381 0.798319 0.052674 0.053782
