6 0.535515 0.700000 0.030327 0.035294
7 0.950519 0.206723 0.012769 0.020168
7 0.962091 0.348739 0.010375 0.021849
7 0.952115 0.699160 0.015962 0.016807
7 0.950120 0.708403 0.013567 0.015126
7 0.029928 0.267227 0.010375 0.016807
7 0.409417 0.942017 0.009577 0.025210
7 0.418595 0.946218 0.008779 0.020168
6 0.470471 0.812605 0.018356 0.058824
6 0.470072 0.897479 0.019154 0.063866
6 0.982043 0.412605 0.032721 0.031933
0 0.930168 0.532773 0.047087 0.036975
1 0.893456 0.719328 0.037510 0.107563
5 0.945730 0.312605 0.007981 0.030252
6 0.780527 0.593277 0.031923 0.033613
