7 0.057200 0.420000 0.017900 0.021000
1 0.247800 0.573200 0.088000 0.066900
0 0.494000 0.040700 0.026200 0.080300
0 0.785900 0.548600 0.072400 0.054800
0 0.492900 0.151300 0.025300 0.095400
0 0.138468 0.576471 0.067837 0.053782
1 0.623304 0.531933 0.068635 0.052101
5 0.455307 0.015966 0.011971 0.031933
4 0.432562 0.204202 0.009577 0.038655
4 0.075419 0.569748 0.021548 0.033613
4 0.045491 0.575630 0.028731 0.035294
3 0.884278 0.625210 0.083001 0.057143
1 0.536313 0.189916 0.030327 0.141176
6 0.502394 0.292437 0.019952 0.073950
6 0.472067 0.321849 0.019952 0.068908
6 0.437749 0.258824 0.019952 0.084034
6 0.153232 0.475630 0.047885 0.040336
6 0.433360 0.861345 0.019154 0.075630
7 0.573823 0.320168 0.014366 0.028571
7 0.583001 0.466387 0.011971 0.025210
