6 0.800300 0.603500 0.035100 0.035700
0 0.502100 0.361600 0.022700 0.102700
6 0.539106 0.705882 0.031125 0.036975
7 0.959298 0.328571 0.017558 0.021849
7 0.978053 0.363866 0.011971 0.025210
7 0.406624 0.950420 0.010375 0.018487
7 0.418196 0.952101 0.007981 0.018487
7 0.804868 0.632773 0.008779 0.018487
7 0.799681 0.636975 0.012769 0.016807
6 0.472067 0.819328 0.018356 0.058824
6 0.470471 0.905882 0.016760 0.063866
6 0.464086 0.483193 0.032721 0.028571
4 0.383879 0.482353 0.025539 0.020168
1 0.287310 0.478992 0.052674 0.043697
0 0.583799 0.499160 0.045491 0.036975
