7 0.072500 0.432300 0.015500 0.017300
4 0.475500 0.476500 0.013000 0.042500
0 0.281800 0.497700 0.046100 0.038800
0 0.585800 0.512200 0.051500 0.041900
0 0.648600 0.515000 0.041900 0.037900
0 0.511400 0.255300 0.021700 0.086200
0 0.940300 0.586400 0.054000 0.040500
0 0.444000 0.037800 0.021900 0.074700
0 0.518600 0.656900 0.020900 0.089500
0 0.747900 0.519100 0.047800 0.038300
0 0.482800 0.152700 0.022000 0.098000
7 0.049481 0.567227 0.011173 0.021849
7 0.540303 0.295798 0.009577 0.013445
7 0.549481 0.347899 0.010375 0.020168
4 0.454908 0.909244 0.019154 0.040336
4 0.456105 0.954622 0.019952 0.033613
4 0.440942 0.256303 0.008779 0.035294
4 0.439745 0.218487 0.007981 0.036975
4 0.442937 0.183193 0.007981 0.047059
6 0.959697 0.540336 0.031125 0.028571
6 0.808460 0.500000 0.030327 0.031933
6 0.701516 0.527731 0.031923 0.030252
6 0.480846 0.294958 0.016760 0.055462
6 0.444533 0.305042 0.015962 0.065546
6 0.454908 0.690756 0.017558 0.053782
6 0.448125 0.753782 0.015164 0.052101
4 0.594174 0.554622 0.023144 0.023529
3 0.722666 0.570588 0.059856 0.042017
1 0.046688 0.542017 0.061453 0.045378
0 0.227454 0.552101 0.049481 0.038655
0 0.285315 0.552101 0.047087 0.038655
0 0.879888 0.580672 0.047087 0.045378
0 0.482841 0.615966 0.022346 0.089076
