7 0.802500 0.578500 0.015400 0.025100
7 0.145700 0.516600 0.017400 0.024800
7 0.266500 0.516600 0.016500 0.022100
7 0.493500 0.786300 0.011800 0.021900
7 0.771200 0.685000 0.014200 0.021500
7 0.338800 0.795800 0.010900 0.020600
7 0.852000 0.687300 0.017500 0.025300
7 0.396600 0.558500 0.013900 0.025400
7 0.788700 0.637800 0.015700 0.019100
7 0.467500 0.746600 0.010300 0.024500
7 0.383200 0.570400 0.011100 0.021800
7 0.323400 0.766300 0.013800 0.020000
7 0.458600 0.364000 0.012300 0.020800
7 0.763400 0.728500 0.012300 0.021100
7 0.927200 0.676500 0.012600 0.024900
6 0.869400 0.450300 0.049700 0.044700
6 0.897400 0.665300 0.043200 0.047300
6 0.579000 0.711100 0.039600 0.042000
5 0.153300 0.666700 0.030600 0.018600
5 0.619800 0.646300 0.024500 0.022400
4 0.096100 0.680900 0.036300 0.026600
0 0.045300 0.576500 0.075000 0.051700
0 0.320800 0.636000 0.070600 0.055100
0 0.238700 0.570300 0.064900 0.049900
0 0.479700 0.418600 0.030400 0.124500
5 0.722267 0.443018 0.011173 0.038523
5 0.705507 0.447030 0.007981 0.043339
5 0.697526 0.447833 0.007981 0.044944
5 0.687949 0.448636 0.007981 0.043339
5 0.680367 0.447030 0.008779 0.040128
5 0.670391 0.451043 0.007981 0.044944
5 0.651636 0.450241 0.008779 0.043339
5 0.642857 0.457464 0.010375 0.032103
5 0.613328 0.447030 0.015164 0.024077
5 0.594972 0.432584 0.023144 0.017657
5 0.555467 0.365169 0.011173 0.033708
6 0.927917 0.383194 0.036652 0.063170
6 0.625840 0.716329 0.034820 0.035757
6 0.741295 0.705006 0.042150 0.029797
6 0.410202 0.724076 0.037263 0.036949
6 0.367440 0.724076 0.037263 0.060787
6 0.281307 0.733015 0.040929 0.038141
6 0.236103 0.686532 0.043372 0.038141
6 0.210751 0.750894 0.040318 0.030989
6 0.175932 0.749106 0.031765 0.032181
6 0.524740 0.500596 0.030544 0.076281
1 0.549786 0.241359 0.030544 0.151371
7 0.548259 0.383790 0.009163 0.021454
4 0.546121 0.146007 0.028100 0.027414
4 0.572694 0.367700 0.017715 0.029797
4 0.601710 0.409416 0.025657 0.020262
7 0.455101 0.423123 0.009774 0.019070
7 0.452046 0.451728 0.010996 0.014303
4 0.336591 0.560787 0.024435 0.015495
5 0.330788 0.735399 0.018937 0.014303
7 0.542761 0.779499 0.011607 0.016687
7 0.557422 0.775328 0.007941 0.025030
7 0.771533 0.485697 0.014661 0.017878
5 0.892486 0.421931 0.025657 0.026222
7 0.098656 0.992253 0.012828 0.013111
7 0.136225 0.991061 0.014661 0.013111
3 0.165547 0.581645 0.079414 0.059595
7 0.362859 0.896305 0.008552 0.016687
7 0.802688 0.724672 0.012217 0.023838
7 0.810935 0.737783 0.009163 0.016687
5 0.598962 0.501788 0.027489 0.028605
7 0.574621 0.394958 0.011173 0.026891
7 0.304469 0.768067 0.008779 0.016807
6 0.464485 0.621849 0.036712 0.040336
6 0.519154 0.707563 0.035914 0.036975
6 0.459298 0.715966 0.040702 0.036975
6 0.646449 0.560504 0.043097 0.042017
3 0.712291 0.596639 0.079010 0.060504
6 0.698324 0.707563 0.041500 0.036975
