7 0.903600 0.635200 0.019900 0.022200
7 0.457300 0.494600 0.015800 0.027200
7 0.367500 0.559200 0.015200 0.019200
7 0.073000 0.598500 0.016900 0.025700
7 0.856300 0.483700 0.016900 0.025100
7 0.812600 0.483700 0.015300 0.023500
7 0.468400 0.760600 0.013600 0.023300
7 0.580900 0.635200 0.014300 0.024200
7 0.819500 0.458700 0.014500 0.019600
7 0.224200 0.758300 0.015700 0.023800
7 0.084900 0.829200 0.020900 0.020300
7 0.791600 0.542600 0.020700 0.027200
7 0.800900 0.454600 0.017000 0.025500
7 0.609000 0.725800 0.011700 0.025300
7 0.940900 0.645200 0.018600 0.021100
7 0.580400 0.743000 0.013300 0.018500
7 0.906000 0.665800 0.023400 0.027600
7 0.530500 0.773200 0.012500 0.018200
7 0.559700 0.717400 0.009800 0.022200
7 0.430400 0.746600 0.012800 0.020300
6 0.238000 0.662300 0.045200 0.044300
6 0.724900 0.633900 0.048100 0.047400
6 0.704500 0.683600 0.045100 0.037600
1 0.557800 0.224000 0.034300 0.147600
0 0.578600 0.613800 0.066500 0.054500
0 0.931900 0.473800 0.070400 0.082000
0 0.338000 0.612800 0.055900 0.048900
0 0.056000 0.557000 0.075000 0.049800
0 0.248900 0.550900 0.065200 0.049200
0 0.493400 0.326600 0.029600 0.106300
5 0.728772 0.423123 0.009774 0.040524
5 0.712889 0.429082 0.007330 0.040524
5 0.703421 0.427294 0.005498 0.039333
5 0.695785 0.426103 0.007330 0.036949
5 0.687538 0.429678 0.006720 0.046484
5 0.677459 0.433254 0.006109 0.041716
5 0.667074 0.429678 0.007330 0.041716
5 0.659133 0.431466 0.006109 0.035757
5 0.650580 0.438617 0.010996 0.028605
5 0.620648 0.428486 0.014661 0.020262
5 0.601100 0.415971 0.020770 0.014303
5 0.562920 0.347437 0.009163 0.034565
6 0.186011 0.728844 0.032376 0.032181
6 0.221442 0.728844 0.039707 0.032181
6 0.291387 0.710965 0.042761 0.034565
6 0.378131 0.696663 0.039096 0.044100
6 0.419670 0.703218 0.037874 0.033373
6 0.469151 0.694279 0.043983 0.034565
6 0.586133 0.694279 0.038485 0.039333
6 0.633170 0.694875 0.034820 0.033373
6 0.747709 0.684148 0.041539 0.028605
6 0.989615 0.257449 0.019548 0.061979
6 0.932804 0.362336 0.034209 0.066746
7 0.777642 0.451132 0.013439 0.017878
4 0.348809 0.541120 0.028100 0.016687
4 0.553146 0.129917 0.026268 0.026222
4 0.609652 0.391538 0.028100 0.025030
7 0.560476 0.734803 0.006720 0.015495
7 0.566280 0.741359 0.008552 0.014303
7 0.565363 0.758641 0.009163 0.020262
7 0.551008 0.756853 0.008552 0.016687
7 0.496029 0.687723 0.008552 0.019070
7 0.490531 0.671633 0.008552 0.015495
7 0.970678 0.656734 0.015883 0.016687
5 0.467013 0.216925 0.007941 0.042908
5 0.340257 0.714541 0.020770 0.015495
7 0.297190 0.744338 0.014050 0.017878
7 0.344533 0.784267 0.008552 0.016687
7 0.350336 0.765793 0.014050 0.022646
7 0.399817 0.755662 0.012828 0.016687
7 0.365913 0.541716 0.008552 0.015495
3 0.175932 0.559595 0.078192 0.053635
7 0.445938 0.452324 0.008552 0.020262
7 0.364081 0.858760 0.008552 0.013111
7 0.370800 0.877235 0.008552 0.019070
7 0.481979 0.207390 0.010996 0.023838
7 0.110568 0.971395 0.010996 0.019070
7 0.146610 0.973778 0.013439 0.023838
7 0.632560 0.711561 0.010385 0.011919
4 0.581006 0.345378 0.017558 0.035294
7 0.150838 0.532773 0.014366 0.016807
6 0.468476 0.563025 0.038308 0.043697
