7 0.044400 0.794000 0.017200 0.022600
7 0.773400 0.416400 0.018400 0.023800
7 0.808600 0.497900 0.017400 0.025500
7 0.085500 0.778800 0.017600 0.022000
7 0.411700 0.718500 0.011900 0.023400
7 0.851400 0.572600 0.016700 0.019800
7 0.798700 0.581900 0.016700 0.022800
7 0.368700 0.754800 0.011500 0.020400
7 0.153100 0.479400 0.019100 0.022100
7 0.748700 0.671100 0.013600 0.024500
7 0.108800 0.444500 0.018400 0.025100
7 0.088100 0.796800 0.012600 0.019500
7 0.734500 0.671000 0.012900 0.023700
7 0.724600 0.684300 0.014200 0.025400
7 0.574600 0.700500 0.012300 0.021600
7 0.173200 0.791700 0.012500 0.021100
6 0.625600 0.479100 0.043600 0.060200
6 0.389400 0.628700 0.040100 0.040000
6 0.871100 0.380400 0.047400 0.046000
6 0.511300 0.594600 0.039200 0.048300
6 0.705600 0.489000 0.045900 0.043200
4 0.342900 0.507300 0.030300 0.025800
4 0.718700 0.547100 0.027100 0.026200
3 0.078600 0.693400 0.091500 0.060000
0 0.243100 0.520100 0.065800 0.052400
0 0.049000 0.529600 0.074600 0.049700
0 0.482200 0.360300 0.028400 0.130800
5 0.707901 0.383628 0.007981 0.035313
5 0.698324 0.385233 0.007981 0.035313
5 0.690343 0.386035 0.006385 0.033708
5 0.681963 0.385233 0.007183 0.038523
5 0.673184 0.390048 0.008779 0.038523
5 0.662809 0.390048 0.008779 0.038523
5 0.654030 0.387640 0.008779 0.036918
5 0.644852 0.394864 0.011173 0.032103
5 0.614924 0.384430 0.018356 0.024077
5 0.594972 0.371589 0.021548 0.014446
5 0.556664 0.307384 0.010375 0.036918
7 0.368662 0.848629 0.007941 0.021454
5 0.334759 0.681764 0.017104 0.016687
6 0.744960 0.638856 0.038485 0.030989
7 0.423030 0.464243 0.009163 0.013111
7 0.413561 0.479142 0.007330 0.019070
7 0.450825 0.474374 0.010996 0.016687
7 0.445632 0.415375 0.007941 0.015495
7 0.450825 0.386174 0.007330 0.016687
6 0.214417 0.699046 0.037874 0.036949
6 0.181124 0.697855 0.032376 0.029797
6 0.415089 0.668057 0.037263 0.036949
6 0.465180 0.656734 0.039707 0.038141
6 0.524130 0.647795 0.036652 0.041716
6 0.584606 0.651371 0.039096 0.039333
6 0.632254 0.650179 0.034209 0.034565
4 0.545205 0.088200 0.029933 0.033373
4 0.572389 0.306317 0.018326 0.033373
4 0.603543 0.350417 0.026878 0.026222
7 0.502138 0.305721 0.010996 0.029797
7 0.007330 0.803337 0.012217 0.021454
7 0.547954 0.716329 0.008552 0.016687
7 0.563225 0.713349 0.008552 0.020262
5 0.854612 0.634684 0.025657 0.022646
7 0.675932 0.692491 0.009163 0.021454
7 0.827123 0.551847 0.015883 0.019070
7 0.971594 0.575685 0.020159 0.019070
7 0.952046 0.562574 0.017715 0.023838
7 0.882101 0.606675 0.018326 0.019070
7 0.823763 0.342670 0.015272 0.017878
7 0.386988 0.720501 0.009163 0.015495
3 0.167074 0.530393 0.077581 0.057211
7 0.460293 0.301549 0.010385 0.016687
7 0.145388 0.949344 0.012217 0.025030
7 0.106597 0.949344 0.010385 0.017878
7 0.460599 0.018474 0.007330 0.022646
1 0.550279 0.181513 0.032721 0.144538
6 0.332801 0.580672 0.041500 0.048739
4 0.261772 0.677311 0.028731 0.023529
6 0.714286 0.598319 0.044693 0.043697
