1 0.194100 0.543700 0.089300 0.106600
0 0.486200 0.040100 0.025700 0.077800
0 0.485600 0.151800 0.024900 0.097100
0 0.468300 0.968600 0.030900 0.063700
7 0.425778 0.172269 0.011971 0.025210
5 0.423384 0.174790 0.007183 0.036975
1 0.529529 0.226891 0.031125 0.147899
3 0.881883 0.615966 0.084597 0.055462
4 0.509577 0.062185 0.013567 0.053782
4 0.427374 0.205882 0.010375 0.042017
4 0.069034 0.584874 0.019952 0.033613
4 0.037111 0.589916 0.029529 0.040336
6 0.497606 0.292437 0.019952 0.073950
6 0.466480 0.322689 0.019952 0.070588
6 0.430966 0.264706 0.019154 0.089076
6 0.431365 0.867227 0.019952 0.070588
7 0.286113 0.437815 0.008779 0.028571
7 0.561053 0.242857 0.012769 0.031933
7 0.570630 0.315966 0.014366 0.030252
7 0.568635 0.696639 0.010375 0.018487
0 0.132083 0.589916 0.067837 0.050420
