4 0.483600 0.387600 0.013000 0.039300
1 0.039500 0.545100 0.063600 0.046000
1 0.620700 0.509200 0.063000 0.043100
0 0.283000 0.556600 0.051500 0.038700
0 0.949400 0.594400 0.054900 0.039800
0 0.516200 0.217400 0.024200 0.092600
0 0.481300 0.230900 0.023800 0.093100
0 0.518800 0.368800 0.020000 0.083400
7 0.552275 0.348739 0.012769 0.025210
7 0.581804 0.450420 0.009577 0.016807
7 0.767358 0.250420 0.010375 0.023529
7 0.667598 0.602521 0.010375 0.018487
7 0.411413 0.552101 0.010375 0.018487
7 0.312051 0.452101 0.007981 0.016807
4 0.455307 0.920168 0.019952 0.038655
4 0.456105 0.965546 0.019952 0.035294
4 0.440543 0.216807 0.007981 0.036975
4 0.441740 0.257143 0.008779 0.036975
6 0.515962 0.059664 0.019952 0.055462
6 0.505986 0.111765 0.015962 0.048739
6 0.473264 0.124370 0.015962 0.057143
6 0.445730 0.306723 0.016760 0.068908
6 0.468875 0.349580 0.015164 0.053782
6 0.724262 0.500840 0.031125 0.033613
6 0.456105 0.697479 0.018356 0.053782
6 0.448923 0.761345 0.015164 0.053782
4 0.524342 0.116807 0.009577 0.042017
0 0.486433 0.038655 0.021548 0.077311
0 0.444533 0.034454 0.023943 0.068908
0 0.224262 0.556303 0.049481 0.040336
