4 0.042900 0.602900 0.028800 0.038300
0 0.482900 0.600700 0.030900 0.122300
0 0.475200 0.297200 0.023500 0.097700
0 0.511600 0.041400 0.023600 0.082900
5 0.422187 0.180672 0.009577 0.045378
0 0.137670 0.599160 0.067837 0.048739
7 0.404230 0.441176 0.008779 0.021849
7 0.290104 0.446218 0.011971 0.021849
6 0.286113 0.608403 0.045491 0.033613
6 0.434158 0.874790 0.020750 0.075630
6 0.840383 0.558824 0.039904 0.038655
6 0.474062 0.079832 0.020750 0.078992
6 0.639665 0.512605 0.035914 0.036975
5 0.851157 0.503361 0.024741 0.028571
6 0.432961 0.272269 0.021548 0.080672
4 0.538308 0.070588 0.013567 0.050420
3 0.879888 0.622689 0.086991 0.055462
4 0.428571 0.216807 0.009577 0.040336
2 0.525539 0.257983 0.050279 0.290756
7 0.570630 0.327731 0.015962 0.026891
