7 0.151400 0.809000 0.016100 0.021500
7 0.179500 0.793000 0.015600 0.021500
7 0.423400 0.736100 0.012200 0.024200
7 0.787800 0.529400 0.017400 0.029300
7 0.689000 0.730100 0.016400 0.023400
7 0.441600 0.757400 0.011100 0.023000
7 0.573900 0.722100 0.012600 0.024300
7 0.635900 0.734800 0.012800 0.022600
7 0.482900 0.814700 0.013400 0.023200
7 0.142300 0.459900 0.015000 0.026100
6 0.867200 0.429400 0.049200 0.041600
6 0.521600 0.469800 0.024000 0.069000
6 0.604800 0.549600 0.039400 0.058900
4 0.682100 0.550400 0.027000 0.024600
4 0.264300 0.702700 0.032100 0.023700
4 0.337700 0.533700 0.031000 0.027200
3 0.071100 0.709400 0.091200 0.056400
0 0.237500 0.541900 0.066600 0.053900
0 0.028400 0.633700 0.058500 0.051100
0 0.043800 0.544200 0.073800 0.050400
0 0.478500 0.391200 0.028200 0.125700
5 0.655227 0.457464 0.020750 0.019262
5 0.704310 0.426164 0.007183 0.046549
5 0.695531 0.424559 0.007183 0.036918
5 0.686353 0.422953 0.007981 0.040128
5 0.678771 0.424559 0.007183 0.043339
5 0.669194 0.425361 0.008779 0.044944
5 0.650040 0.424559 0.008779 0.043339
5 0.640463 0.433387 0.013567 0.028892
5 0.612131 0.422953 0.019154 0.024077
5 0.592977 0.407705 0.023943 0.022472
5 0.553871 0.346709 0.011173 0.048154
5 0.327734 0.709178 0.022602 0.019070
6 0.171961 0.719309 0.032376 0.032181
6 0.206475 0.719309 0.036652 0.032181
6 0.406842 0.697259 0.037874 0.035757
6 0.458461 0.688915 0.040929 0.035757
6 0.432498 0.650179 0.035431 0.036949
6 0.516799 0.681168 0.037874 0.041716
6 0.467929 0.585816 0.037874 0.046484
6 0.645999 0.569130 0.042150 0.034565
6 0.698839 0.685340 0.039096 0.040524
6 0.624007 0.691299 0.033598 0.033373
6 0.575748 0.688915 0.039707 0.038141
6 0.740379 0.683552 0.037874 0.032181
6 0.984117 0.663886 0.030544 0.038141
7 0.417532 0.497020 0.006720 0.014303
7 0.405009 0.506555 0.007330 0.011919
7 0.442578 0.447557 0.007941 0.015495
7 0.446243 0.417163 0.006720 0.016687
4 0.545510 0.121573 0.028100 0.035757
7 0.476787 0.142431 0.012828 0.020262
7 0.536042 0.069726 0.007941 0.025030
4 0.569945 0.342670 0.017104 0.041716
4 0.599572 0.384982 0.028711 0.026222
7 0.456628 0.190107 0.007941 0.025030
7 0.449908 0.294994 0.009163 0.020262
7 0.608125 0.738975 0.010385 0.014303
7 0.598045 0.722884 0.008552 0.020262
7 0.554062 0.750894 0.007330 0.021454
7 0.539401 0.752682 0.009774 0.017878
7 0.923030 0.669249 0.017104 0.015495
7 0.927001 0.654946 0.017715 0.015495
7 0.940745 0.650775 0.014661 0.016687
7 0.902871 0.692491 0.015883 0.014303
4 0.914783 0.372467 0.027489 0.044100
3 0.162187 0.551847 0.077581 0.059595
7 0.094991 0.964839 0.011607 0.020262
7 0.133170 0.968415 0.010996 0.022646
7 0.768784 0.461859 0.017715 0.017878
7 0.554669 0.298319 0.011173 0.018487
1 0.548683 0.215966 0.032721 0.146218
6 0.320431 0.603361 0.045491 0.040336
6 0.358739 0.668067 0.040702 0.042017
7 0.860734 0.674790 0.019952 0.021849
6 0.859537 0.637815 0.047885 0.038655
