7 0.142400 0.822900 0.016600 0.024500
7 0.951600 0.658500 0.017200 0.023200
7 0.646900 0.672400 0.012100 0.023300
7 0.514600 0.740800 0.013300 0.023400
7 0.634600 0.751000 0.011500 0.022600
7 0.863200 0.689600 0.015600 0.022000
7 0.766700 0.457600 0.017900 0.020500
7 0.220300 0.790600 0.011600 0.020100
6 0.735600 0.519100 0.049400 0.039100
6 0.816500 0.625500 0.047500 0.040800
6 0.627000 0.640900 0.045000 0.045600
6 0.582900 0.639600 0.036000 0.056600
6 0.906800 0.498400 0.048900 0.055900
4 0.337200 0.557500 0.029100 0.025700
1 0.421600 0.621600 0.067600 0.059700
0 0.238300 0.568300 0.065000 0.049500
0 0.046400 0.573200 0.076400 0.050600
0 0.490600 0.462800 0.045400 0.123500
5 0.551924 0.372467 0.009163 0.041716
5 0.715944 0.445769 0.008552 0.042908
5 0.701283 0.449940 0.007330 0.039333
5 0.691509 0.450536 0.006109 0.030989
5 0.684178 0.448749 0.007330 0.029797
5 0.675321 0.451132 0.005498 0.034565
5 0.665852 0.456496 0.006109 0.038141
5 0.656078 0.452324 0.006109 0.034565
5 0.647526 0.451728 0.006109 0.035757
5 0.640195 0.458284 0.010996 0.029797
5 0.609346 0.448153 0.015272 0.021454
5 0.589188 0.435638 0.020159 0.015495
6 0.174404 0.746722 0.031155 0.032181
6 0.209835 0.744934 0.040929 0.030989
6 0.279780 0.728248 0.041539 0.035757
6 0.408369 0.721097 0.038485 0.042908
6 0.458461 0.712753 0.043372 0.035757
6 0.574527 0.710965 0.037263 0.036949
6 0.620953 0.713349 0.033598 0.034565
6 0.691814 0.705006 0.042150 0.039333
6 0.979841 0.687128 0.037874 0.039333
6 0.977092 0.283671 0.025046 0.061979
6 0.918448 0.385578 0.034820 0.060787
4 0.597434 0.412992 0.028100 0.022646
4 0.570250 0.365316 0.021381 0.039333
4 0.542150 0.150179 0.027489 0.026222
7 0.557422 0.738379 0.006720 0.020262
7 0.553451 0.748510 0.008552 0.016687
7 0.562920 0.762217 0.009163 0.015495
7 0.553451 0.772348 0.009774 0.028605
7 0.538180 0.775328 0.010996 0.015495
7 0.597740 0.761621 0.009163 0.016687
7 0.589188 0.751490 0.009163 0.017878
7 0.877214 0.707986 0.015883 0.023838
7 0.762065 0.716925 0.014050 0.020262
7 0.957850 0.679976 0.015883 0.015495
5 0.457239 0.236591 0.006720 0.044100
7 0.458155 0.407628 0.009774 0.023838
7 0.451741 0.462455 0.009163 0.021454
7 0.419976 0.541716 0.007941 0.015495
7 0.415394 0.524434 0.008552 0.014303
5 0.330483 0.731824 0.019548 0.016687
3 0.165241 0.579261 0.077581 0.057211
7 0.434026 0.470203 0.009163 0.017878
7 0.090715 0.606675 0.022602 0.021454
7 0.356445 0.897497 0.010385 0.016687
7 0.358277 0.882002 0.011607 0.016687
7 0.359194 0.852801 0.010996 0.020262
7 0.098962 0.987485 0.012217 0.017878
7 0.135308 0.989869 0.012828 0.017878
7 0.713195 0.683552 0.012828 0.017878
7 0.521548 0.038655 0.010375 0.026891
1 0.546289 0.244538 0.032721 0.142857
7 0.142059 0.547899 0.014366 0.016807
6 0.367518 0.714286 0.039106 0.047059
7 0.348763 0.710924 0.004789 0.013445
7 0.488827 0.698319 0.010375 0.015126
7 0.495211 0.690756 0.008779 0.016807
6 0.872306 0.623529 0.047885 0.040336
6 0.790503 0.522689 0.047087 0.036975
6 0.735036 0.702521 0.041500 0.030252
6 0.725060 0.638655 0.040702 0.040336
6 0.683160 0.591597 0.043097 0.036975
