7 0.355900 0.832100 0.016900 0.032000
7 0.913900 0.704100 0.021200 0.032700
7 0.951800 0.491600 0.024800 0.028700
7 0.918100 0.340800 0.023300 0.031300
4 0.793100 0.592700 0.041000 0.040500
0 0.066600 0.530700 0.110300 0.082200
5 0.715333 0.393921 0.008552 0.065554
5 0.798412 0.390942 0.009774 0.064362
5 0.783751 0.393325 0.009774 0.059595
5 0.769701 0.393921 0.008552 0.058403
5 0.753513 0.414779 0.012828 0.059595
5 0.742517 0.396305 0.010385 0.053635
5 0.726329 0.397497 0.009774 0.063170
5 0.701588 0.402861 0.017715 0.054827
5 0.653940 0.384982 0.031155 0.033373
5 0.624924 0.359356 0.032987 0.020262
5 0.569640 0.255066 0.018937 0.057211
6 0.040012 0.634684 0.067807 0.053635
6 0.129200 0.752086 0.075137 0.064362
6 0.352779 0.694875 0.056811 0.057211
6 0.414783 0.778903 0.059866 0.067938
6 0.598045 0.793206 0.063531 0.060787
6 0.829872 0.671037 0.072694 0.061979
6 0.820709 0.743743 0.070250 0.057211
6 0.840562 0.800358 0.076970 0.056019
6 0.840562 0.401073 0.061087 0.056019
7 0.318876 0.542312 0.014661 0.030989
4 0.178070 0.521454 0.042150 0.027414
4 0.581246 0.273540 0.031155 0.058403
4 0.620648 0.288439 0.040318 0.035757
4 0.637447 0.324195 0.045816 0.040524
7 0.970984 0.593564 0.027489 0.035757
7 0.901955 0.463051 0.039707 0.027414
7 0.933720 0.454112 0.028711 0.028605
7 0.718998 0.867104 0.020770 0.036949
7 0.532987 0.885578 0.014050 0.033373
7 0.557728 0.887962 0.014661 0.042908
7 0.899817 0.803337 0.023213 0.033373
7 0.982896 0.802741 0.029322 0.032181
7 0.290776 0.864124 0.023213 0.028605
7 0.204032 0.945769 0.023213 0.027414
7 0.074221 0.858164 0.028711 0.033373
5 0.027184 0.436234 0.043372 0.019070
7 0.897679 0.874851 0.018937 0.030989
7 0.803299 0.312872 0.020770 0.017878
6 0.667199 0.801681 0.055866 0.047059
7 0.703911 0.319328 0.015962 0.030252
1 0.563448 0.084034 0.049481 0.164706
7 0.976856 0.846218 0.017558 0.028571
