7 0.407300 0.665100 0.009500 0.019800
5 0.010200 0.494200 0.020800 0.027200
4 0.461200 0.118400 0.013900 0.051700
1 0.205700 0.612800 0.090600 0.065300
0 0.115300 0.544900 0.066600 0.060500
0 0.355400 0.609700 0.072700 0.071600
0 0.119400 0.618200 0.069900 0.050300
3 0.883879 0.627731 0.086991 0.055462
4 0.417398 0.219328 0.012769 0.042017
4 0.052275 0.618487 0.021548 0.030252
4 0.020351 0.625210 0.031125 0.040336
6 0.970870 0.642017 0.045491 0.036975
6 0.922586 0.526050 0.043097 0.036975
6 0.588986 0.510084 0.039904 0.042017
6 0.426975 0.897479 0.019154 0.077311
6 0.466480 0.554622 0.023144 0.073950
6 0.421788 0.278151 0.021548 0.085714
6 0.428172 0.136975 0.023144 0.082353
7 0.564246 0.329412 0.014366 0.026891
7 0.409018 0.520168 0.016760 0.025210
