7 0.183200 0.440100 0.012200 0.014400
0 0.626800 0.507300 0.051900 0.040600
0 0.940100 0.585000 0.053800 0.039400
0 0.513300 0.866700 0.021200 0.079900
0 0.445100 0.038500 0.022700 0.079300
7 0.550678 0.349580 0.012769 0.023529
7 0.541500 0.323529 0.008779 0.025210
7 0.585395 0.448739 0.008779 0.016807
7 0.701117 0.596639 0.011971 0.016807
7 0.046289 0.573950 0.009577 0.021849
7 0.142059 0.436134 0.012769 0.015126
4 0.458899 0.908403 0.019154 0.038655
4 0.458101 0.953782 0.020750 0.031933
4 0.441341 0.221849 0.009577 0.040336
4 0.441740 0.261345 0.008779 0.035294
5 0.531524 0.516807 0.009577 0.038655
1 0.050678 0.546218 0.063049 0.047059
0 0.230247 0.556303 0.048683 0.036975
0 0.288508 0.554622 0.047087 0.040336
0 0.509178 0.466387 0.020750 0.089076
0 0.494812 0.673950 0.020750 0.087395
1 0.708300 0.515126 0.058260 0.042017
4 0.469274 0.158824 0.009577 0.045378
5 0.469673 0.219328 0.010375 0.038655
6 0.446129 0.308403 0.017558 0.065546
6 0.474461 0.415126 0.016760 0.053782
6 0.457702 0.689916 0.018356 0.055462
6 0.450918 0.754622 0.015962 0.053782
6 0.482442 0.033613 0.016760 0.060504
0 0.879888 0.579832 0.048683 0.043697
4 0.596169 0.548739 0.023943 0.025210
