1 0.040400 0.543900 0.063000 0.046600
1 0.620500 0.508100 0.060800 0.045300
0 0.948800 0.593800 0.055900 0.039600
0 0.283500 0.555500 0.051500 0.037900
0 0.519500 0.435700 0.022200 0.080900
0 0.516500 0.221100 0.023700 0.093600
0 0.482500 0.236900 0.022600 0.094400
7 0.551875 0.348739 0.013567 0.025210
7 0.583001 0.448739 0.011971 0.020168
7 0.770551 0.248739 0.010375 0.013445
7 0.700319 0.178992 0.010375 0.021849
7 0.668396 0.599160 0.010375 0.018487
7 0.399042 0.521008 0.011173 0.016807
7 0.325219 0.447899 0.010375 0.015126
4 0.455307 0.918487 0.018356 0.042017
4 0.456903 0.963866 0.019952 0.035294
4 0.442139 0.257983 0.007981 0.035294
4 0.441740 0.215966 0.008779 0.038655
4 0.524741 0.117647 0.010375 0.050420
4 0.482043 0.493277 0.011173 0.045378
6 0.516361 0.063866 0.019154 0.053782
6 0.505986 0.130252 0.015962 0.052101
6 0.474062 0.124370 0.015962 0.057143
6 0.468875 0.358824 0.018356 0.055462
6 0.690742 0.496639 0.031125 0.031933
6 0.456105 0.696639 0.018356 0.052101
6 0.448923 0.760504 0.015164 0.055462
0 0.486433 0.039496 0.021548 0.078992
6 0.446528 0.304202 0.016760 0.067227
0 0.445331 0.035294 0.023943 0.070588
0 0.225060 0.555462 0.051077 0.038655
