7 0.775800 0.487400 0.017200 0.028800
7 0.811900 0.583200 0.016800 0.023800
7 0.378000 0.559800 0.012700 0.022800
7 0.409600 0.766400 0.011000 0.020700
7 0.149000 0.540600 0.014400 0.024100
7 0.237600 0.511900 0.014900 0.022500
7 0.297000 0.588000 0.014800 0.023800
7 0.974000 0.640000 0.017900 0.025100
7 0.828400 0.669000 0.015200 0.023600
7 0.548500 0.511300 0.013200 0.020200
7 0.345200 0.782700 0.011600 0.021000
7 0.731100 0.751900 0.015800 0.023500
6 0.703100 0.510700 0.047300 0.039000
6 0.561100 0.594500 0.039300 0.038800
4 0.272800 0.639100 0.032000 0.027400
1 0.396300 0.613800 0.079600 0.066500
0 0.711000 0.584600 0.069100 0.054100
0 0.048900 0.568100 0.073700 0.050300
0 0.242800 0.564000 0.065400 0.048400
0 0.625300 0.605200 0.070600 0.055500
0 0.483200 0.414900 0.029500 0.130000
5 0.725459 0.441413 0.009577 0.041734
5 0.711093 0.443018 0.007981 0.041734
5 0.701117 0.444623 0.007183 0.032103
5 0.692737 0.445425 0.007981 0.036918
5 0.683958 0.447030 0.009577 0.043339
5 0.674781 0.450241 0.007183 0.049759
5 0.656026 0.447030 0.007981 0.040128
5 0.647247 0.454254 0.009577 0.028892
5 0.617318 0.443018 0.016760 0.022472
5 0.598563 0.430177 0.023943 0.019262
5 0.559457 0.369984 0.009577 0.049759
6 0.178681 0.743147 0.032376 0.034565
6 0.213195 0.744338 0.037874 0.036949
6 0.371717 0.714541 0.038485 0.041716
6 0.412645 0.721097 0.036042 0.038141
6 0.463042 0.712753 0.045205 0.035757
6 0.521991 0.704410 0.037263 0.040524
6 0.515577 0.653754 0.034209 0.032181
6 0.557728 0.655542 0.037874 0.033373
6 0.582468 0.710965 0.039707 0.034565
6 0.629811 0.714541 0.032987 0.034565
6 0.700672 0.702622 0.039096 0.034565
6 0.744655 0.703814 0.041539 0.029797
6 0.861026 0.668653 0.037263 0.047676
6 0.901649 0.665673 0.040318 0.046484
6 0.932193 0.381406 0.034209 0.061979
6 0.534209 0.474970 0.031155 0.070322
6 0.553757 0.432062 0.036042 0.077473
6 0.644472 0.511323 0.036652 0.038141
6 0.284973 0.726460 0.042150 0.036949
4 0.342089 0.556615 0.023213 0.019070
4 0.549786 0.141240 0.028100 0.032181
7 0.561698 0.070322 0.009163 0.026222
7 0.466402 0.179380 0.010385 0.017878
7 0.773366 0.443981 0.017104 0.015495
4 0.576970 0.363528 0.017715 0.038141
4 0.605681 0.407628 0.028711 0.019070
7 0.545205 0.775328 0.009163 0.017878
7 0.559866 0.772348 0.010385 0.028605
5 0.942883 0.653754 0.029933 0.017878
7 0.965791 0.663886 0.009774 0.019070
5 0.334759 0.730036 0.018326 0.015495
7 0.978925 0.464243 0.017715 0.020262
5 0.921808 0.425507 0.026878 0.023838
7 0.552230 0.395709 0.009774 0.016687
7 0.364386 0.898093 0.009163 0.022646
7 0.845754 0.707986 0.011607 0.016687
5 0.860721 0.711561 0.021991 0.028605
7 0.441662 0.469011 0.007330 0.020262
7 0.692425 0.739571 0.010385 0.015495
7 0.101710 0.986293 0.011607 0.020262
7 0.138668 0.987485 0.012217 0.017878
1 0.553073 0.237815 0.031923 0.149580
3 0.169194 0.574790 0.078212 0.053782
7 0.599761 0.500840 0.011971 0.016807
5 0.595770 0.508403 0.024741 0.021849
7 0.366321 0.726050 0.006385 0.013445
7 0.463288 0.738655 0.008779 0.015126
7 0.471269 0.738655 0.010375 0.018487
