5 0.252700 0.473600 0.020800 0.015400
4 0.613700 0.557900 0.027900 0.021100
3 0.505600 0.312200 0.024600 0.106800
0 0.627700 0.509000 0.051800 0.039300
0 0.942900 0.587200 0.054500 0.038300
0 0.882500 0.582400 0.050900 0.042600
7 0.551476 0.350420 0.012769 0.021849
7 0.549880 0.605882 0.009577 0.018487
7 0.516361 0.898319 0.009577 0.025210
7 0.541101 0.009244 0.011173 0.018487
7 0.584597 0.449580 0.008779 0.015126
7 0.912610 0.616807 0.013567 0.020168
7 0.393057 0.591597 0.007183 0.016807
7 0.346369 0.440336 0.007981 0.016807
7 0.316441 0.447059 0.008779 0.016807
4 0.458101 0.912605 0.017558 0.040336
4 0.457302 0.957983 0.022346 0.030252
4 0.440942 0.221849 0.007183 0.036975
4 0.442538 0.258824 0.008779 0.036975
0 0.444932 0.038655 0.023144 0.077311
0 0.486433 0.048739 0.021548 0.090756
0 0.497606 0.165546 0.021548 0.095798
7 0.424980 0.006723 0.008779 0.013445
0 0.288109 0.556303 0.047885 0.040336
0 0.229050 0.557143 0.049481 0.038655
4 0.472466 0.344538 0.011173 0.047059
6 0.446129 0.309244 0.015962 0.067227
6 0.456504 0.694118 0.017558 0.053782
6 0.450918 0.757143 0.015962 0.055462
1 0.047885 0.547899 0.062251 0.047059
