7 0.420900 0.315000 0.016000 0.037800
7 0.769700 0.862200 0.016200 0.026100
7 0.403900 0.894300 0.017800 0.034100
7 0.350900 0.496600 0.021200 0.030200
7 0.933600 0.836500 0.028700 0.037100
7 0.458000 0.906300 0.016900 0.038400
7 0.749000 0.323800 0.017200 0.026800
7 0.730800 0.881600 0.019000 0.036000
7 0.901200 0.853300 0.013200 0.029300
0 0.057800 0.553800 0.107600 0.081900
5 0.805437 0.404648 0.010385 0.063170
5 0.789249 0.404052 0.010996 0.057211
5 0.776420 0.405244 0.009774 0.054827
5 0.758705 0.423719 0.014661 0.067938
5 0.732132 0.412396 0.009163 0.054827
5 0.706170 0.418355 0.019548 0.052443
5 0.657300 0.396901 0.026878 0.033373
5 0.627367 0.373063 0.035431 0.019070
5 0.569334 0.266389 0.015883 0.060787
6 0.412340 0.806317 0.061087 0.053635
6 0.558033 0.726460 0.066585 0.056019
6 0.599267 0.625745 0.065974 0.059595
6 0.601710 0.819428 0.068418 0.056019
6 0.672266 0.826579 0.053146 0.051251
6 0.784667 0.825983 0.069029 0.057211
6 0.856139 0.824195 0.070250 0.060787
6 0.804826 0.480334 0.070250 0.069130
7 0.988393 0.352205 0.018326 0.022646
4 0.622480 0.302741 0.035431 0.052443
4 0.641723 0.339690 0.045816 0.038141
4 0.171961 0.543504 0.043372 0.026222
7 0.913256 0.492253 0.031765 0.026222
7 0.945327 0.646603 0.027489 0.029797
7 0.695480 0.755066 0.023824 0.032181
7 0.716555 0.752682 0.017104 0.029797
7 0.537874 0.916567 0.012828 0.038141
7 0.558644 0.911800 0.014050 0.038141
7 0.585828 0.878427 0.018326 0.028605
7 0.655467 0.878427 0.014661 0.030989
7 0.467318 0.967223 0.010996 0.027414
7 0.465486 0.874851 0.012217 0.033373
7 0.346976 0.926103 0.015883 0.026222
7 0.271533 0.893921 0.022602 0.028605
7 0.329872 0.508939 0.014661 0.021454
5 0.020464 0.458880 0.038485 0.021454
1 0.565044 0.088235 0.049481 0.169748
7 0.713488 0.324370 0.020750 0.026891
6 0.832402 0.748739 0.076616 0.055462
7 0.792099 0.464706 0.023144 0.028571
4 0.580208 0.290756 0.031923 0.053782
