6 0.472300 0.817400 0.016500 0.057100
0 0.623500 0.561200 0.046500 0.051900
6 0.539505 0.701681 0.030327 0.035294
7 0.410215 0.710084 0.007981 0.018487
7 0.414206 0.715126 0.006385 0.018487
7 0.958500 0.312605 0.014366 0.023529
7 0.979250 0.355462 0.012769 0.025210
7 0.004389 0.059664 0.008779 0.018487
7 0.407821 0.948739 0.009577 0.018487
7 0.417797 0.947899 0.008779 0.016807
7 0.800878 0.633613 0.013567 0.013445
7 0.805267 0.629412 0.009577 0.011765
6 0.469673 0.903361 0.018356 0.065546
2 0.177973 0.482353 0.114924 0.067227
0 0.407023 0.432773 0.054270 0.045378
