7 0.617000 0.460100 0.014600 0.023000
7 0.647900 0.490300 0.013500 0.020200
7 0.149500 0.514800 0.015700 0.022900
7 0.239100 0.516800 0.016200 0.022600
7 0.662100 0.475600 0.012000 0.022500
7 0.805400 0.494500 0.015800 0.021300
7 0.754900 0.746500 0.014600 0.021400
7 0.210800 0.800200 0.014400 0.024400
7 0.563600 0.742800 0.012100 0.024500
7 0.578900 0.743800 0.011600 0.022000
7 0.462200 0.465200 0.010800 0.022800
7 0.588000 0.681600 0.012400 0.026300
6 0.960500 0.456500 0.045600 0.069000
6 0.560900 0.426300 0.037100 0.060500
5 0.909100 0.435100 0.026000 0.027400
0 0.609300 0.609900 0.070500 0.058500
0 0.045800 0.569600 0.074900 0.048500
0 0.714700 0.585700 0.070100 0.056100
0 0.483700 0.414100 0.029200 0.128700
5 0.728651 0.441413 0.009577 0.038523
5 0.712690 0.446228 0.009577 0.041734
5 0.702314 0.445425 0.009577 0.033708
5 0.694334 0.447030 0.007981 0.036918
5 0.686353 0.446228 0.007981 0.041734
5 0.676776 0.449438 0.007981 0.041734
5 0.658819 0.447833 0.007183 0.038523
5 0.650040 0.454254 0.010375 0.028892
5 0.621309 0.441413 0.013567 0.016051
5 0.599761 0.429374 0.023144 0.014446
5 0.561053 0.364366 0.011173 0.041734
6 0.177153 0.746126 0.032987 0.035757
6 0.212279 0.745530 0.037263 0.034565
6 0.282224 0.731824 0.040318 0.035757
6 0.371717 0.718713 0.037263 0.047676
6 0.412645 0.722884 0.037263 0.034565
6 0.463042 0.714541 0.040318 0.036949
6 0.471289 0.660310 0.034820 0.033373
6 0.523213 0.705602 0.037263 0.040524
6 0.583079 0.714541 0.039707 0.034565
6 0.631338 0.715137 0.033598 0.038141
6 0.703115 0.706198 0.041539 0.036949
6 0.746793 0.706794 0.039707 0.028605
6 0.863775 0.668653 0.043983 0.047676
6 0.906842 0.668057 0.042150 0.041716
6 0.937691 0.383194 0.036652 0.065554
6 0.514966 0.352801 0.023213 0.073897
6 0.504582 0.088200 0.021991 0.088200
1 0.556506 0.234207 0.031765 0.146603
4 0.551008 0.140048 0.028100 0.025030
7 0.460293 0.205006 0.007941 0.016687
7 0.779169 0.483909 0.015272 0.023838
4 0.342395 0.555423 0.028711 0.023838
4 0.576665 0.365316 0.020770 0.034565
4 0.607514 0.411204 0.031155 0.026222
7 0.546121 0.778308 0.009774 0.014303
7 0.560782 0.775924 0.008552 0.021454
7 0.583690 0.759833 0.010385 0.017878
5 0.945327 0.656734 0.028711 0.016687
7 0.950519 0.643623 0.014661 0.016687
7 0.973427 0.678784 0.012828 0.017878
5 0.331093 0.733611 0.020770 0.015495
7 0.420281 0.525030 0.010996 0.017878
7 0.131338 0.538141 0.009774 0.017878
7 0.357361 0.912992 0.010996 0.014303
7 0.365913 0.901669 0.009774 0.015495
5 0.862248 0.713349 0.025046 0.029797
7 0.841173 0.694279 0.017104 0.017878
7 0.793525 0.566746 0.010996 0.017878
7 0.801772 0.560787 0.012828 0.017878
7 0.440440 0.471395 0.008552 0.017878
7 0.950825 0.742551 0.012828 0.021454
7 0.568635 0.147899 0.008779 0.023529
6 0.398643 0.601681 0.035914 0.036975
6 0.322426 0.610924 0.036712 0.038655
3 0.165204 0.575630 0.076616 0.055462
0 0.239026 0.565546 0.066241 0.045378
7 0.446129 0.540336 0.009577 0.018487
5 0.444533 0.548739 0.025539 0.021849
7 0.098164 0.990756 0.011173 0.015126
7 0.136472 0.992437 0.012769 0.011765
6 0.304070 0.674790 0.036712 0.035294
7 0.464485 0.741176 0.007981 0.016807
7 0.472067 0.741176 0.010375 0.023529
7 0.756983 0.734454 0.015164 0.020168
7 0.915004 0.691597 0.010375 0.018487
7 0.812849 0.401681 0.011971 0.013445
