5 0.447400 0.399100 0.015400 0.041400
0 0.476600 0.186500 0.027600 0.111800
7 0.573823 0.330252 0.012769 0.031933
3 0.883081 0.622689 0.085395 0.055462
3 0.514366 0.264706 0.031125 0.132773
4 0.048284 0.604202 0.029529 0.038655
4 0.431764 0.219328 0.009577 0.038655
6 0.888268 0.530252 0.038308 0.038655
6 0.438947 0.874790 0.020750 0.075630
6 0.291301 0.610924 0.046289 0.031933
7 0.220271 0.637815 0.011173 0.021849
6 0.436552 0.276471 0.020750 0.085714
7 0.420591 0.556303 0.011173 0.030252
7 0.037111 0.463025 0.021548 0.035294
0 0.142458 0.601681 0.067837 0.050420
