1 0.046300 0.545900 0.060000 0.048700
1 0.617800 0.510200 0.058200 0.044400
0 0.286600 0.556900 0.049800 0.037200
0 0.942200 0.594500 0.054400 0.039300
0 0.516500 0.220100 0.020400 0.092900
0 0.518300 0.350400 0.019400 0.079100
0 0.481400 0.236600 0.021400 0.091200
0 0.485400 0.046600 0.021100 0.081900
0 0.445200 0.039800 0.023900 0.079500
7 0.551077 0.351261 0.013567 0.023529
7 0.580208 0.451261 0.011173 0.018487
7 0.681564 0.612605 0.007981 0.018487
7 0.440144 0.621008 0.008779 0.018487
4 0.454110 0.914286 0.020750 0.036975
4 0.455706 0.959664 0.019154 0.030252
4 0.441740 0.261345 0.008779 0.038655
4 0.441341 0.221849 0.007981 0.040336
7 0.429370 0.007563 0.007981 0.015126
6 0.515563 0.067227 0.019154 0.050420
6 0.504789 0.115126 0.015164 0.048739
6 0.473264 0.130252 0.015962 0.055462
6 0.445331 0.310084 0.017558 0.068908
6 0.468875 0.353782 0.016760 0.052101
6 0.972865 0.526891 0.031923 0.031933
6 0.455307 0.695798 0.018356 0.057143
6 0.448923 0.757983 0.013567 0.053782
4 0.523943 0.121008 0.010375 0.036975
4 0.484038 0.372269 0.008779 0.042017
0 0.227853 0.556303 0.050279 0.040336
