7 0.424700 0.898000 0.014900 0.036300
7 0.861500 0.433000 0.019100 0.029100
7 0.838500 0.885900 0.020400 0.036200
0 0.055900 0.542300 0.109600 0.082300
5 0.721136 0.401669 0.009163 0.059595
5 0.804520 0.406436 0.009774 0.064362
5 0.790165 0.405840 0.010385 0.058403
5 0.775199 0.402265 0.009774 0.053635
5 0.759927 0.422527 0.012217 0.067938
5 0.748626 0.409416 0.011607 0.053635
5 0.730910 0.405244 0.010385 0.059595
5 0.706781 0.412992 0.020770 0.051251
5 0.656078 0.395113 0.028100 0.032181
5 0.627367 0.368892 0.034209 0.022646
5 0.568723 0.260429 0.017104 0.058403
6 0.272450 0.758045 0.067196 0.104887
6 0.598351 0.811681 0.066585 0.061979
6 0.680513 0.700238 0.065974 0.056019
6 0.610568 0.539928 0.062920 0.092968
6 0.848503 0.412992 0.061087 0.053635
6 0.965791 0.697855 0.067196 0.063170
6 0.849725 0.822408 0.070861 0.061979
5 0.259010 0.914184 0.029322 0.071514
7 0.948687 0.431466 0.017104 0.021454
7 0.964569 0.423123 0.020770 0.023838
7 0.938607 0.382598 0.017715 0.016687
7 0.955406 0.372467 0.020770 0.020262
7 0.918754 0.374851 0.028100 0.025030
7 0.907453 0.482122 0.031155 0.027414
4 0.583995 0.281883 0.032987 0.046484
4 0.622175 0.294994 0.036042 0.034565
4 0.640501 0.333135 0.043372 0.032181
4 0.168601 0.533969 0.041539 0.026222
7 0.322541 0.543504 0.019548 0.033373
7 0.359194 0.705006 0.020770 0.036949
7 0.564142 0.309297 0.018937 0.032181
7 0.936164 0.744338 0.028711 0.036949
7 0.849725 0.864124 0.018326 0.028605
7 0.555895 0.911204 0.013439 0.044100
7 0.533293 0.910012 0.014661 0.036949
7 0.501833 0.912992 0.011607 0.035757
7 0.452963 0.925507 0.020159 0.029797
7 0.392792 0.847437 0.010996 0.021454
7 0.398900 0.861144 0.015883 0.025030
5 0.017410 0.448749 0.034820 0.020262
7 0.906536 0.901669 0.017104 0.036949
7 0.988428 0.857143 0.016760 0.026891
7 0.707502 0.326891 0.013567 0.028571
6 0.670391 0.821849 0.052674 0.047059
1 0.563448 0.086555 0.049481 0.173109
