7 0.544200 0.360400 0.009300 0.017600
4 0.296700 0.489100 0.026600 0.016800
0 0.774700 0.521100 0.040400 0.039800
0 0.658000 0.514100 0.051800 0.044800
0 0.286900 0.552100 0.049300 0.037100
0 0.945600 0.587400 0.054700 0.040600
0 0.525000 0.309200 0.023200 0.096800
0 0.486400 0.159500 0.019200 0.083800
7 0.039106 0.560504 0.012769 0.018487
7 0.554669 0.346218 0.009577 0.020168
7 0.712690 0.592437 0.009577 0.015126
4 0.458101 0.910924 0.017558 0.033613
4 0.458101 0.955462 0.020750 0.031933
4 0.443336 0.253782 0.007183 0.036975
4 0.442937 0.216807 0.007981 0.033613
4 0.445331 0.182353 0.011173 0.045378
0 0.446528 0.034454 0.021548 0.068908
0 0.514765 0.178992 0.022346 0.092437
0 0.886273 0.583193 0.048683 0.043697
0 0.228651 0.552101 0.050279 0.038655
1 0.080607 0.476471 0.057462 0.045378
1 0.046688 0.540336 0.063049 0.045378
1 0.432961 0.512605 0.061453 0.043697
3 0.518755 0.058824 0.025539 0.114286
3 0.728252 0.571429 0.059856 0.043697
4 0.482841 0.252941 0.007981 0.038655
6 0.484836 0.347059 0.016760 0.055462
6 0.526337 0.486555 0.029529 0.028571
6 0.458101 0.690756 0.017558 0.053782
6 0.450918 0.755462 0.015962 0.055462
6 0.229848 0.471429 0.033520 0.031933
6 0.447725 0.304202 0.015962 0.070588
0 0.480447 0.060504 0.022346 0.084034
