5 0.451600 0.064900 0.012400 0.050300
1 0.205500 0.615100 0.090800 0.063700
7 0.401038 0.047899 0.008779 0.028571
6 0.969673 0.642017 0.049481 0.036975
6 0.427374 0.900840 0.021548 0.077311
6 0.588587 0.514286 0.040702 0.040336
6 0.421389 0.281513 0.022346 0.089076
6 0.426975 0.139496 0.025539 0.084034
4 0.019553 0.629412 0.031125 0.038655
4 0.050678 0.625210 0.019952 0.033613
4 0.416600 0.221849 0.011173 0.036975
3 0.883480 0.627731 0.086193 0.048739
2 0.517558 0.736134 0.053472 0.332773
7 0.416201 0.989916 0.008779 0.016807
7 0.564246 0.331933 0.015962 0.025210
0 0.117717 0.622689 0.071030 0.052101
