7 0.531100 0.931800 0.012900 0.027300
7 0.485100 0.915400 0.011700 0.029300
7 0.834600 0.308600 0.016900 0.028400
7 0.506300 0.939000 0.014800 0.027300
7 0.648800 0.876200 0.015500 0.025600
7 0.353700 0.934800 0.017600 0.031600
4 0.810900 0.608800 0.037000 0.036900
4 0.762500 0.520400 0.045200 0.040200
4 0.261700 0.545800 0.038600 0.034900
1 0.056000 0.700500 0.107000 0.087100
0 0.148500 0.558400 0.105500 0.081900
0 0.523100 0.224800 0.047900 0.207100
6 0.099267 0.839094 0.069029 0.052443
6 0.042456 0.841478 0.050703 0.050060
6 0.600489 0.738975 0.064753 0.054827
6 0.658827 0.663290 0.071472 0.060787
6 0.690593 0.803933 0.066585 0.053635
6 0.760538 0.813468 0.057422 0.051251
6 0.851863 0.728248 0.073916 0.059595
6 0.938607 0.802741 0.076359 0.056019
6 0.959071 0.706794 0.076970 0.057211
6 0.945327 0.617998 0.080024 0.056019
7 0.494197 0.199046 0.009774 0.026222
7 0.491753 0.342074 0.015883 0.028605
7 0.454184 0.922527 0.016494 0.035757
7 0.625535 0.901073 0.013439 0.028605
7 0.648137 0.906436 0.014661 0.032181
7 0.665852 0.884982 0.014661 0.025030
7 0.650275 0.851609 0.017715 0.032181
7 0.828650 0.846246 0.028711 0.030989
7 0.987172 0.454112 0.023213 0.021454
7 0.947159 0.334327 0.029933 0.025030
5 0.650580 0.255662 0.018326 0.048868
5 0.713500 0.363528 0.037874 0.019070
5 0.741906 0.384982 0.029933 0.035757
5 0.787416 0.402861 0.018326 0.059595
5 0.802993 0.393921 0.010385 0.065554
5 0.813989 0.392729 0.011607 0.063170
5 0.825901 0.395709 0.014661 0.064362
5 0.842395 0.410012 0.014661 0.071514
5 0.856445 0.386770 0.014661 0.067938
5 0.872022 0.387366 0.014050 0.071514
5 0.887905 0.386770 0.012828 0.072706
7 0.776115 0.305125 0.017715 0.021454
4 0.664325 0.287247 0.029933 0.052443
4 0.703421 0.293802 0.034820 0.039333
4 0.723274 0.329559 0.042761 0.036949
5 0.108735 0.466031 0.045205 0.023838
1 0.644852 0.086555 0.051077 0.173109
3 0.046688 0.567227 0.091780 0.089076
