7 0.185500 0.655900 0.015900 0.025800
7 0.416800 0.792600 0.011200 0.023100
5 0.304800 0.533900 0.031300 0.027400
4 0.500900 0.324400 0.015200 0.049500
1 0.207900 0.613900 0.091000 0.062500
0 0.467600 0.328600 0.027500 0.114400
7 0.399840 0.483193 0.009577 0.021849
0 0.427374 0.510084 0.050279 0.109244
7 0.563049 0.334454 0.015164 0.026891
6 0.968875 0.642017 0.043097 0.036975
6 0.588986 0.512605 0.039904 0.040336
6 0.428571 0.141176 0.022346 0.084034
6 0.451716 0.035294 0.019154 0.070588
4 0.528731 0.973950 0.013567 0.045378
6 0.427374 0.898319 0.021548 0.078992
6 0.422187 0.280672 0.022346 0.080672
4 0.023943 0.626050 0.028731 0.038655
4 0.055068 0.622689 0.022346 0.031933
3 0.880287 0.627731 0.086193 0.052101
4 0.416999 0.226050 0.011971 0.042017
0 0.121708 0.621849 0.067837 0.050420
7 0.404230 0.291597 0.007183 0.031933
