7 0.776000 0.618500 0.014700 0.022800
7 0.760300 0.510600 0.017400 0.021800
7 0.224300 0.779100 0.012500 0.020700
7 0.506000 0.806100 0.011500 0.024500
7 0.928100 0.537100 0.017500 0.025100
7 0.254900 0.781400 0.013800 0.020700
7 0.761200 0.711900 0.012800 0.020500
6 0.666200 0.645700 0.046000 0.046200
6 0.854700 0.458300 0.050000 0.041400
6 0.248500 0.704900 0.042800 0.051500
6 0.470300 0.287300 0.025600 0.067900
3 0.072200 0.744900 0.091400 0.058200
0 0.044500 0.581900 0.073800 0.049600
0 0.235800 0.576500 0.065500 0.051400
0 0.472800 0.425400 0.029000 0.122800
5 0.695480 0.454112 0.007941 0.045292
5 0.686622 0.456496 0.008552 0.033373
5 0.677459 0.449940 0.007330 0.025030
5 0.668601 0.449344 0.006720 0.033373
5 0.660660 0.460667 0.009163 0.041716
5 0.651802 0.455304 0.007330 0.038141
5 0.642028 0.454708 0.008552 0.041716
5 0.632560 0.461859 0.010385 0.029797
5 0.605070 0.452920 0.015272 0.023838
5 0.585828 0.441001 0.021991 0.014303
5 0.676776 0.463884 0.009577 0.025682
6 0.172572 0.754470 0.031155 0.033373
6 0.207392 0.752086 0.038485 0.033373
7 0.338424 0.883194 0.010996 0.016687
7 0.357056 0.906436 0.007941 0.017878
7 0.535125 0.781287 0.008552 0.015495
7 0.550092 0.778903 0.009163 0.022646
7 0.534209 0.762813 0.009163 0.019070
7 0.504276 0.754470 0.010385 0.019070
7 0.650580 0.758045 0.009774 0.016687
7 0.666463 0.759833 0.009774 0.017878
7 0.675932 0.736591 0.014050 0.016687
6 0.404093 0.728844 0.037263 0.032181
6 0.453574 0.720501 0.039707 0.036949
6 0.571472 0.716329 0.037263 0.035757
6 0.617593 0.718713 0.031765 0.030989
6 0.731521 0.709774 0.036042 0.027414
6 0.594380 0.619785 0.045205 0.057211
7 0.404093 0.536353 0.006720 0.011919
7 0.415699 0.522050 0.005498 0.009535
7 0.437385 0.477950 0.008552 0.014303
7 0.441051 0.448749 0.006109 0.013111
7 0.454795 0.425507 0.006720 0.016687
4 0.334453 0.568534 0.025046 0.021454
4 0.537569 0.159714 0.026878 0.028605
4 0.564447 0.376043 0.019548 0.034565
4 0.592853 0.420739 0.026268 0.023838
5 0.549175 0.374255 0.009774 0.040524
4 0.252596 0.737187 0.032376 0.025030
5 0.327123 0.738379 0.020159 0.015495
7 0.747098 0.466627 0.008552 0.010727
7 0.757178 0.476758 0.010385 0.014303
7 0.498778 0.889750 0.007941 0.020262
5 0.834759 0.709178 0.028711 0.023838
7 0.770312 0.674017 0.013439 0.017878
3 0.162187 0.585816 0.077581 0.053635
7 0.454184 0.109058 0.005498 0.017878
7 0.447465 0.235399 0.005498 0.017878
1 0.541899 0.252101 0.031923 0.144538
6 0.713887 0.674790 0.043895 0.038655
6 0.669194 0.547899 0.039106 0.030252
6 0.976057 0.687395 0.044693 0.033613
