6 0.535914 0.698319 0.029529 0.035294
7 0.952115 0.443697 0.015962 0.016807
7 0.992817 0.444538 0.009577 0.025210
7 0.972865 0.357983 0.011173 0.023529
7 0.405427 0.942857 0.011173 0.020168
7 0.796488 0.644538 0.007981 0.015126
7 0.802075 0.643697 0.007981 0.013445
6 0.468875 0.810924 0.018356 0.062185
6 0.466879 0.896639 0.017558 0.065546
6 0.986034 0.421849 0.026337 0.033613
5 0.955307 0.319328 0.007981 0.030252
6 0.050279 0.465546 0.033520 0.033613
6 0.733041 0.425210 0.037510 0.036975
0 0.642857 0.441176 0.050279 0.038655
0 0.880686 0.629412 0.024741 0.092437
