6 0.534717 0.700840 0.030327 0.033613
7 0.960096 0.346218 0.011173 0.020168
7 0.950519 0.848739 0.011173 0.020168
7 0.943336 0.847899 0.011173 0.021849
7 0.409417 0.941176 0.009577 0.023529
7 0.418994 0.948739 0.011173 0.015126
6 0.470471 0.811765 0.018356 0.057143
6 0.469274 0.897479 0.017558 0.063866
6 0.980048 0.412605 0.038308 0.031933
1 0.888667 0.717647 0.034318 0.107563
1 0.881484 0.082353 0.029529 0.100840
5 0.941740 0.312605 0.007981 0.036975
5 0.314445 0.561345 0.022346 0.016807
5 0.320032 0.596639 0.020750 0.023529
6 0.778931 0.591597 0.031923 0.030252
6 0.921788 0.731092 0.025539 0.060504
