7 0.012500 0.030600 0.016200 0.024900
6 0.469200 0.818400 0.017200 0.060000
6 0.535914 0.706723 0.031125 0.038655
7 0.887470 0.799160 0.014366 0.018487
7 0.975259 0.355462 0.012769 0.018487
7 0.973663 0.370588 0.012769 0.021849
7 0.405826 0.947899 0.008779 0.016807
7 0.414605 0.951261 0.008779 0.020168
7 0.800080 0.639496 0.007183 0.018487
7 0.797686 0.645378 0.011971 0.016807
6 0.466480 0.905882 0.016760 0.063866
5 0.955307 0.336134 0.009577 0.030252
6 0.985235 0.439496 0.026337 0.035294
0 0.933360 0.501681 0.056664 0.038655
