7 0.130100 0.564500 0.013800 0.013100
7 0.302100 0.585300 0.010100 0.015400
4 0.651000 0.504300 0.023400 0.018300
1 0.043200 0.533500 0.063200 0.048300
0 0.941000 0.613100 0.055100 0.040100
0 0.608600 0.523700 0.049200 0.039100
7 0.549082 0.424370 0.009577 0.025210
7 0.551476 0.358824 0.012769 0.021849
7 0.436153 0.847059 0.005587 0.016807
7 0.316441 0.580672 0.010375 0.018487
7 0.432961 0.409244 0.005587 0.018487
4 0.448524 0.918487 0.019154 0.038655
4 0.448923 0.963866 0.021548 0.035294
4 0.442937 0.261345 0.009577 0.038655
4 0.442538 0.221008 0.008779 0.042017
0 0.448524 0.039496 0.023943 0.078992
2 0.514366 0.396639 0.039106 0.231933
6 0.444533 0.762185 0.014366 0.055462
6 0.446528 0.311765 0.016760 0.068908
6 0.586592 0.573109 0.031923 0.033613
6 0.477255 0.433613 0.017558 0.050420
0 0.225060 0.549580 0.051077 0.040336
0 0.283719 0.551261 0.047087 0.040336
