7 0.215600 0.602700 0.019800 0.026300
7 0.424900 0.679700 0.011400 0.025300
0 0.707600 0.532700 0.075700 0.056700
5 0.447326 0.373109 0.015164 0.043697
7 0.579409 0.732773 0.012769 0.023529
7 0.573025 0.324370 0.015962 0.033613
7 0.416600 0.231933 0.009577 0.026891
0 0.135674 0.601681 0.068635 0.050420
0 0.473663 0.178992 0.027933 0.115966
1 0.869912 0.540336 0.079808 0.052101
3 0.888268 0.621008 0.087789 0.055462
4 0.040303 0.604202 0.029529 0.038655
4 0.430168 0.213445 0.009577 0.040336
5 0.411812 0.479832 0.027135 0.025210
6 0.434557 0.268067 0.021548 0.085714
6 0.287310 0.608403 0.046289 0.036975
6 0.437350 0.878151 0.020750 0.075630
6 0.527135 0.968067 0.023144 0.060504
6 0.505986 0.774790 0.031923 0.080672
6 0.480447 0.515126 0.039904 0.045378
6 0.544294 0.521849 0.043097 0.042017
6 0.582203 0.610924 0.040702 0.058824
6 0.971269 0.567227 0.044693 0.038655
7 0.425379 0.986555 0.007981 0.023529
