7 0.340200 0.627200 0.012000 0.020400
7 0.184000 0.715600 0.020200 0.025400
7 0.884800 0.599700 0.019400 0.021000
7 0.853700 0.538200 0.015400 0.028200
7 0.447100 0.781200 0.012300 0.018400
7 0.236400 0.512000 0.014400 0.023300
7 0.166700 0.540400 0.014800 0.024600
7 0.393800 0.555800 0.011600 0.020400
7 0.805500 0.523200 0.014900 0.022500
7 0.574600 0.743900 0.011600 0.020200
7 0.471200 0.735900 0.010000 0.019500
7 0.495100 0.789800 0.010000 0.024800
6 0.559400 0.592500 0.035100 0.035700
6 0.849500 0.667500 0.041900 0.050300
4 0.492000 0.549600 0.030000 0.026900
1 0.473300 0.595900 0.075700 0.064000
0 0.708900 0.583300 0.068300 0.053800
0 0.623700 0.604700 0.070400 0.056400
0 0.049400 0.568400 0.073400 0.049400
0 0.242400 0.564400 0.064700 0.048400
5 0.661612 0.458266 0.009577 0.040128
5 0.723863 0.441413 0.009577 0.038523
5 0.707502 0.443018 0.008779 0.041734
5 0.699122 0.439807 0.006385 0.041734
5 0.691540 0.442215 0.007183 0.040128
5 0.683559 0.443820 0.008779 0.040128
5 0.672785 0.447833 0.006385 0.044944
5 0.654030 0.447833 0.005587 0.038523
5 0.645251 0.454254 0.010375 0.032103
5 0.614126 0.444623 0.015164 0.019262
5 0.595371 0.430979 0.022346 0.017657
5 0.557861 0.369181 0.009577 0.048154
6 0.125840 0.678188 0.046426 0.040524
6 0.179291 0.743743 0.031155 0.033373
6 0.215027 0.743147 0.037874 0.034565
6 0.284056 0.725864 0.040318 0.035757
6 0.371717 0.712157 0.038485 0.048868
6 0.379658 0.666865 0.038485 0.039333
6 0.412645 0.720501 0.037263 0.034565
6 0.521381 0.703814 0.037263 0.041716
6 0.557117 0.654350 0.037874 0.035757
6 0.627062 0.710369 0.033598 0.033373
6 0.699756 0.703218 0.039707 0.038141
6 0.898290 0.665077 0.043372 0.042908
6 0.929750 0.382598 0.034209 0.071514
6 0.635308 0.551847 0.045205 0.035757
1 0.552230 0.238379 0.030544 0.145411
4 0.573610 0.363528 0.015883 0.035757
4 0.602627 0.407032 0.026268 0.022646
4 0.341478 0.556019 0.024435 0.020262
4 0.547037 0.144815 0.027489 0.025030
7 0.772450 0.484505 0.014050 0.017878
7 0.788943 0.523242 0.012828 0.021454
7 0.806659 0.428486 0.011607 0.015495
7 0.544899 0.774136 0.009774 0.017878
7 0.558949 0.770560 0.009774 0.025030
7 0.487477 0.759833 0.009774 0.017878
7 0.463653 0.737187 0.006109 0.013111
5 0.938913 0.653754 0.030544 0.017878
7 0.962126 0.636472 0.015883 0.019070
7 0.960904 0.656734 0.009774 0.019070
5 0.461820 0.219905 0.007330 0.048868
5 0.334759 0.728844 0.020770 0.015495
7 0.447770 0.505959 0.009774 0.015495
7 0.453574 0.526222 0.010385 0.013111
3 0.169212 0.575685 0.080635 0.057211
7 0.363164 0.895113 0.010385 0.021454
7 0.939218 0.715733 0.015272 0.013111
7 0.936775 0.691299 0.012828 0.016687
7 0.915394 0.718713 0.010385 0.014303
5 0.854918 0.703218 0.025046 0.021454
7 0.440134 0.469011 0.006720 0.022646
7 0.402566 0.774136 0.010996 0.017878
7 0.464875 0.305125 0.007330 0.016687
7 0.102932 0.985101 0.010385 0.017878
7 0.139585 0.986889 0.014050 0.023838
0 0.482043 0.414286 0.030327 0.126050
7 0.659218 0.457983 0.006385 0.018487
6 0.461692 0.709244 0.042298 0.036975
7 0.367518 0.730252 0.007183 0.015126
6 0.515563 0.648739 0.033520 0.036975
6 0.581006 0.708403 0.038308 0.038655
6 0.661213 0.500840 0.035914 0.036975
6 0.741421 0.700840 0.041500 0.030252
6 0.703113 0.510084 0.041500 0.038655
6 0.616520 0.494118 0.040702 0.036975
7 0.893057 0.701681 0.012769 0.021849
7 0.906624 0.692437 0.014366 0.023529
6 0.984038 0.681513 0.028731 0.035294
