7 0.802200 0.881100 0.020300 0.034600
7 0.484400 0.751200 0.017400 0.030700
7 0.925000 0.394100 0.019400 0.025100
6 0.651200 0.669100 0.060500 0.068200
5 0.416600 0.398100 0.024400 0.074400
0 0.564500 0.562800 0.106800 0.102300
0 0.036700 0.686400 0.075400 0.081900
5 0.717776 0.402861 0.008552 0.061979
5 0.801161 0.398689 0.009163 0.070322
5 0.784667 0.399881 0.011607 0.056019
5 0.771228 0.399285 0.009163 0.059595
5 0.756872 0.417759 0.013439 0.058403
5 0.744960 0.408224 0.010385 0.056019
5 0.727856 0.404648 0.010385 0.060787
5 0.703421 0.410012 0.018937 0.054827
5 0.654246 0.393325 0.031765 0.033373
5 0.624924 0.366508 0.035431 0.020262
5 0.565363 0.256853 0.018937 0.056019
6 0.210141 0.780691 0.068418 0.064362
6 0.411118 0.794994 0.057422 0.061979
6 0.383934 0.677592 0.060476 0.065554
6 0.595296 0.809893 0.062920 0.060787
6 0.779169 0.686532 0.072694 0.059595
6 0.758705 0.553039 0.064753 0.047676
6 0.845754 0.405840 0.062920 0.053635
6 0.889432 0.682360 0.078192 0.058403
6 0.860721 0.756257 0.075748 0.060787
6 0.846060 0.817640 0.074527 0.061979
7 0.831399 0.376043 0.017104 0.025030
7 0.946854 0.358164 0.015883 0.020262
7 0.962431 0.364124 0.018937 0.027414
7 0.909285 0.469011 0.032376 0.027414
4 0.579414 0.284267 0.029933 0.048868
4 0.617593 0.292610 0.036652 0.036949
4 0.636225 0.331347 0.044594 0.033373
4 0.166463 0.532777 0.039707 0.030989
7 0.430971 0.042908 0.018937 0.040524
7 0.232132 0.983313 0.020770 0.026222
7 0.530849 0.906436 0.012217 0.034565
7 0.553146 0.903456 0.014050 0.038141
7 0.616066 0.885578 0.015272 0.038141
7 0.731827 0.858164 0.018326 0.033373
7 0.720220 0.884982 0.018326 0.029797
5 0.018326 0.449344 0.032987 0.019070
7 0.703113 0.322689 0.015962 0.030252
1 0.559856 0.083193 0.047087 0.166387
7 0.985634 0.862185 0.019154 0.023529
7 0.286512 0.574790 0.017558 0.023529
0 0.054270 0.542017 0.106943 0.082353
6 0.666002 0.821008 0.053472 0.048739
