7 0.750600 0.802700 0.017100 0.024300
7 0.534800 0.832400 0.013600 0.034500
7 0.198100 0.805900 0.016100 0.019900
7 0.550700 0.773900 0.016200 0.030000
7 0.184100 0.778800 0.023100 0.033300
7 0.606500 0.787300 0.016000 0.029700
7 0.343500 0.810500 0.017800 0.031100
7 0.397800 0.814000 0.019500 0.028100
7 0.597800 0.826800 0.015100 0.032200
6 0.465300 0.506800 0.033300 0.113900
4 0.211200 0.463100 0.040800 0.031900
0 0.475900 0.139100 0.049000 0.199100
0 0.098000 0.474500 0.103500 0.082900
5 0.842089 0.309297 0.009163 0.063170
5 0.826206 0.314064 0.010385 0.058403
5 0.813073 0.311681 0.009774 0.056019
5 0.797190 0.336710 0.012217 0.058403
5 0.785583 0.317044 0.009774 0.054827
5 0.769090 0.318236 0.008552 0.054827
5 0.758094 0.313468 0.009774 0.061979
5 0.742517 0.325387 0.016494 0.054827
5 0.694563 0.309893 0.024435 0.033373
5 0.664630 0.284863 0.032987 0.021454
5 0.604459 0.175209 0.016494 0.054827
6 0.045205 0.758641 0.073305 0.051251
6 0.643250 0.726460 0.064753 0.056019
6 0.712279 0.731228 0.057422 0.051251
6 0.893097 0.724076 0.075748 0.058403
5 0.660049 0.527414 0.025046 0.048868
5 0.058338 0.380810 0.050703 0.022646
7 0.744349 0.781287 0.022602 0.022646
7 0.945938 0.375447 0.029933 0.023838
7 0.981063 0.343266 0.029322 0.042908
7 0.976787 0.249702 0.024435 0.044100
7 0.950519 0.801549 0.015883 0.036949
7 0.299939 0.881406 0.020770 0.039333
7 0.578803 0.829559 0.016494 0.028605
4 0.619426 0.200238 0.031765 0.059595
4 0.659438 0.209774 0.038485 0.035757
4 0.676848 0.247914 0.043983 0.040524
7 0.582773 0.796782 0.020770 0.022646
7 0.746209 0.229412 0.017558 0.031933
7 0.664405 0.539496 0.015164 0.026891
