5 0.515800 0.324000 0.010300 0.044100
4 0.515700 0.324000 0.010000 0.042900
0 0.444700 0.041100 0.021700 0.081400
0 0.507700 0.091500 0.019200 0.074700
0 0.938900 0.587900 0.054800 0.040200
7 0.545092 0.307563 0.007981 0.016807
7 0.550279 0.352101 0.010375 0.021849
7 0.548284 0.646218 0.007981 0.021849
7 0.581405 0.603361 0.008779 0.020168
7 0.610934 0.454622 0.010375 0.015126
7 0.278931 0.341176 0.007183 0.013445
7 0.835994 0.604202 0.011971 0.015126
7 0.430168 0.200840 0.006385 0.015126
7 0.442139 0.814286 0.006385 0.018487
7 0.442538 0.840336 0.007183 0.020168
7 0.444533 0.863025 0.009577 0.025210
4 0.456504 0.912605 0.019154 0.040336
4 0.456903 0.957143 0.019952 0.035294
4 0.440942 0.224370 0.008779 0.035294
4 0.442139 0.263025 0.007981 0.035294
0 0.879090 0.583193 0.048683 0.043697
0 0.287310 0.557983 0.046289 0.040336
0 0.229449 0.558824 0.050279 0.038655
1 0.049880 0.547899 0.063049 0.047059
1 0.510774 0.515126 0.057462 0.042017
1 0.510774 0.210084 0.022346 0.104202
1 0.885874 0.536134 0.049481 0.040336
1 0.972067 0.533613 0.052674 0.045378
3 0.723863 0.575630 0.059058 0.045378
4 0.505587 0.015966 0.008779 0.031933
6 0.469274 0.236975 0.017558 0.053782
6 0.445730 0.312605 0.016760 0.067227
6 0.456504 0.694958 0.017558 0.052101
6 0.450120 0.757143 0.015962 0.055462
6 0.740623 0.494958 0.030327 0.028571
6 0.765363 0.538655 0.031923 0.031933
6 0.815642 0.545378 0.030327 0.031933
