0 0.224000 0.486800 0.119000 0.104800
0 0.039200 0.559500 0.080600 0.086400
7 0.636472 0.115966 0.029529 0.047059
6 0.397047 0.040336 0.037510 0.077311
7 0.361133 0.672269 0.019952 0.033613
7 0.369114 0.740336 0.013567 0.035294
7 0.614525 0.852941 0.014366 0.038655
7 0.618516 0.853782 0.011173 0.043697
7 0.168795 0.297479 0.019952 0.030252
7 0.148045 0.292437 0.024741 0.043697
6 0.408220 0.901681 0.039106 0.126050
6 0.461692 0.055462 0.034318 0.110924
6 0.389864 0.410924 0.067837 0.062185
6 0.034318 0.451261 0.068635 0.062185
