7 0.579700 0.433800 0.012500 0.024700
1 0.249900 0.574600 0.090900 0.068400
0 0.490700 0.055800 0.026500 0.097400
0 0.132881 0.578151 0.067837 0.050420
3 0.890263 0.621849 0.086991 0.057143
4 0.432163 0.195798 0.011971 0.038655
4 0.069034 0.576471 0.018356 0.030252
4 0.036313 0.576471 0.029529 0.036975
6 0.686353 0.524370 0.039904 0.036975
6 0.501596 0.287395 0.019952 0.080672
6 0.471269 0.315966 0.019952 0.070588
6 0.436153 0.252941 0.019952 0.082353
6 0.224661 0.500840 0.047087 0.040336
6 0.432562 0.865546 0.020750 0.077311
7 0.575020 0.313445 0.015164 0.028571
