4 0.624200 0.574200 0.032900 0.028000
4 0.605800 0.525000 0.035100 0.027300
4 0.664100 0.569300 0.034400 0.029400
3 0.896500 0.631200 0.086600 0.053900
1 0.217800 0.613700 0.090400 0.064300
1 0.233400 0.532900 0.076500 0.061800
7 0.576217 0.333613 0.014366 0.028571
6 0.679968 0.523529 0.039904 0.042017
6 0.474062 0.210924 0.020750 0.072269
6 0.439346 0.141176 0.026337 0.087395
6 0.432562 0.280672 0.022346 0.087395
4 0.427773 0.225210 0.012769 0.040336
4 0.065842 0.620168 0.018356 0.033613
4 0.033121 0.624370 0.029529 0.038655
0 0.751796 0.555462 0.067039 0.055462
6 0.436951 0.898319 0.019952 0.078992
0 0.130487 0.619328 0.069433 0.052101
0 0.341580 0.552101 0.057462 0.052101
