3 0.530700 0.419100 0.033900 0.153000
0 0.480600 0.275300 0.030100 0.127500
0 0.520800 0.186900 0.028700 0.108900
5 0.420591 0.165546 0.007981 0.045378
7 0.411413 0.012605 0.008779 0.025210
7 0.568236 0.314286 0.015962 0.026891
6 0.429769 0.259664 0.021548 0.082353
6 0.640064 0.506723 0.039904 0.042017
6 0.431365 0.862185 0.021548 0.073950
4 0.632083 0.556303 0.030327 0.026891
4 0.426177 0.201681 0.011173 0.040336
4 0.035914 0.589916 0.030327 0.040336
3 0.880287 0.609244 0.086193 0.055462
1 0.376297 0.540336 0.082203 0.085714
0 0.133280 0.586555 0.067039 0.050420
