7 0.027900 0.844000 0.020500 0.024000
7 0.148900 0.522000 0.016900 0.022600
7 0.403900 0.773300 0.011000 0.022900
7 0.983100 0.658700 0.021000 0.027700
7 0.072800 0.812800 0.019100 0.021000
7 0.743100 0.733600 0.016500 0.025800
7 0.283400 0.758100 0.013600 0.021600
7 0.784600 0.526300 0.015700 0.025100
7 0.778200 0.453000 0.013700 0.019700
7 0.806000 0.504500 0.015000 0.020900
7 0.712700 0.755300 0.012200 0.023400
7 0.698600 0.744300 0.011500 0.021100
7 0.460900 0.336600 0.013500 0.023300
7 0.463400 0.746200 0.011400 0.023400
6 0.893500 0.671100 0.044500 0.049000
6 0.867100 0.457300 0.043900 0.041000
5 0.529800 0.649300 0.026900 0.024000
4 0.340700 0.563800 0.027700 0.023500
0 0.240600 0.575100 0.066500 0.050100
0 0.479400 0.424400 0.027700 0.122600
0 0.048200 0.578900 0.073200 0.048200
0 0.088300 0.665200 0.074400 0.052600
5 0.720670 0.449438 0.009577 0.041734
5 0.703911 0.455859 0.007981 0.038523
5 0.694733 0.454254 0.007183 0.038523
5 0.687151 0.453451 0.007981 0.040128
5 0.678372 0.452648 0.006385 0.041734
5 0.668396 0.455859 0.008779 0.041734
5 0.650040 0.455056 0.008779 0.043339
5 0.641660 0.463082 0.011173 0.033708
5 0.612131 0.453451 0.017558 0.024077
5 0.592977 0.439005 0.025539 0.017657
5 0.553871 0.373194 0.011173 0.043339
6 0.498473 0.293802 0.025657 0.079857
6 0.281307 0.734207 0.042150 0.033373
6 0.368968 0.728248 0.034209 0.061979
6 0.410202 0.728844 0.038485 0.039333
6 0.624313 0.720501 0.035431 0.034565
6 0.738241 0.710369 0.040929 0.030989
6 0.981674 0.692491 0.034209 0.038141
1 0.548564 0.246722 0.031765 0.145411
4 0.544899 0.154350 0.026878 0.025030
4 0.569334 0.374255 0.019548 0.038141
4 0.599572 0.416567 0.027489 0.022646
5 0.524130 0.343266 0.010996 0.050060
7 0.460599 0.275924 0.010996 0.017878
7 0.457544 0.367700 0.008552 0.017878
7 0.451130 0.467223 0.009163 0.016687
7 0.434026 0.538737 0.009163 0.016687
7 0.599267 0.367104 0.008552 0.016687
5 0.330788 0.737783 0.018937 0.016687
7 0.537569 0.759833 0.009774 0.017878
7 0.541845 0.782479 0.009774 0.015495
7 0.555589 0.778308 0.007941 0.021454
7 0.507636 0.856973 0.009774 0.023838
7 0.767563 0.491657 0.015272 0.017878
5 0.896151 0.435638 0.025657 0.020262
7 0.102016 0.992849 0.013439 0.011919
7 0.139585 0.993445 0.012828 0.010727
3 0.166768 0.582837 0.076970 0.057211
7 0.360415 0.896901 0.009774 0.017878
7 0.856445 0.699642 0.017104 0.019070
7 0.789249 0.610846 0.012217 0.017878
7 0.798106 0.610846 0.011607 0.017878
7 0.945021 0.426103 0.019548 0.025030
0 0.543496 0.042857 0.028731 0.085714
6 0.223464 0.655462 0.043097 0.036975
6 0.209497 0.752101 0.035914 0.031933
6 0.176377 0.751261 0.030327 0.030252
6 0.458101 0.720168 0.041500 0.038655
6 0.695930 0.711765 0.041500 0.038655
6 0.577015 0.717647 0.039904 0.040336
6 0.518356 0.711765 0.035914 0.038655
6 0.644054 0.564706 0.043097 0.043697
3 0.710295 0.602521 0.078212 0.062185
6 0.924182 0.388235 0.036712 0.067227
