6 0.950900 0.595100 0.031000 0.048000
6 0.535914 0.698319 0.029529 0.031933
7 0.960894 0.346218 0.009577 0.023529
7 0.950519 0.752101 0.011173 0.021849
7 0.944134 0.757143 0.012769 0.018487
7 0.984038 0.692437 0.015962 0.023529
7 0.994812 0.223529 0.007183 0.013445
7 0.409417 0.942017 0.009577 0.018487
7 0.421389 0.939496 0.007981 0.026891
6 0.471269 0.812605 0.018356 0.058824
6 0.470471 0.894958 0.018356 0.065546
6 0.980846 0.409244 0.035116 0.028571
6 0.019154 0.571429 0.036712 0.030252
6 0.779729 0.592437 0.033520 0.031933
5 0.944533 0.310924 0.008779 0.033613
5 0.456903 0.570588 0.019952 0.018487
5 0.472067 0.595798 0.019952 0.015126
3 0.917797 0.473950 0.071828 0.043697
1 0.886672 0.671429 0.038308 0.105882
