7 0.462800 0.744500 0.013600 0.024500
7 0.173200 0.765200 0.016600 0.026900
7 0.846700 0.663100 0.017100 0.022800
7 0.874100 0.657000 0.016600 0.022900
7 0.947200 0.386500 0.018300 0.024000
7 0.219300 0.748500 0.013700 0.020100
7 0.808500 0.579000 0.015800 0.023000
7 0.494800 0.105900 0.011000 0.034400
7 0.950900 0.355700 0.015600 0.022500
7 0.634200 0.718600 0.011400 0.023000
7 0.371300 0.543000 0.015300 0.019300
7 0.802900 0.623200 0.018800 0.020400
7 0.499200 0.670600 0.010300 0.021500
7 0.537400 0.730600 0.011600 0.021400
7 0.555000 0.744500 0.011800 0.019500
7 0.809800 0.388800 0.014700 0.023800
7 0.480700 0.299300 0.012500 0.034500
7 0.154400 0.518900 0.014200 0.019200
6 0.728000 0.618400 0.048600 0.046600
6 0.104900 0.662700 0.048500 0.048400
0 0.937600 0.457800 0.068600 0.082300
0 0.602700 0.596400 0.068200 0.057500
0 0.064400 0.540900 0.074300 0.050800
0 0.523400 0.534900 0.055500 0.059900
0 0.255500 0.537400 0.065200 0.048900
0 0.499800 0.314700 0.028000 0.107300
5 0.731827 0.411800 0.009774 0.036949
5 0.715944 0.415971 0.006109 0.042908
5 0.707086 0.417163 0.006720 0.035757
5 0.700367 0.414779 0.005498 0.038141
5 0.692120 0.417163 0.006109 0.035757
5 0.682040 0.423123 0.005498 0.035757
5 0.671045 0.419547 0.006720 0.038141
5 0.663409 0.419547 0.007330 0.038141
5 0.655162 0.427294 0.011607 0.029797
5 0.625229 0.415971 0.015272 0.026222
5 0.605376 0.403456 0.021991 0.015495
5 0.566891 0.337306 0.008552 0.035757
6 0.193647 0.712157 0.031765 0.032181
6 0.228772 0.709774 0.039707 0.032181
6 0.297495 0.696663 0.041539 0.036949
6 0.383629 0.681764 0.039096 0.045292
6 0.424557 0.688915 0.037874 0.038141
6 0.590715 0.677592 0.039096 0.039333
6 0.636530 0.678784 0.034209 0.032181
6 0.989004 0.250298 0.019548 0.064362
6 0.934942 0.351609 0.036042 0.064362
7 0.781002 0.439809 0.014050 0.014303
4 0.353390 0.526818 0.023824 0.016687
4 0.557728 0.117998 0.028100 0.021454
4 0.584606 0.334923 0.015883 0.035757
4 0.612401 0.377831 0.029933 0.023838
7 0.563531 0.723480 0.007941 0.011919
7 0.569640 0.738975 0.007941 0.019070
7 0.584301 0.726460 0.010385 0.015495
7 0.498473 0.654946 0.009774 0.013111
7 0.547037 0.616806 0.011607 0.020262
7 0.969762 0.641240 0.016494 0.014303
5 0.471900 0.202622 0.007941 0.042908
7 0.479536 0.191895 0.007330 0.021454
7 0.433109 0.530393 0.010996 0.016687
7 0.875076 0.500000 0.015272 0.020262
5 0.346671 0.697855 0.020159 0.013111
7 0.327428 0.723480 0.010996 0.014303
7 0.319487 0.731824 0.010996 0.011919
7 0.359805 0.746126 0.010996 0.023838
7 0.371106 0.525030 0.010385 0.013111
3 0.182346 0.547676 0.076359 0.056019
7 0.450519 0.438617 0.007941 0.019070
7 0.008858 0.586412 0.015272 0.023838
7 0.371411 0.840882 0.007330 0.017878
7 0.375076 0.862932 0.008552 0.021454
7 0.117288 0.952324 0.010996 0.021454
7 0.153635 0.954708 0.012828 0.021454
7 0.635308 0.697259 0.009774 0.011919
1 0.561852 0.212605 0.030327 0.146218
7 0.554270 0.715126 0.010375 0.018487
7 0.567837 0.705042 0.007183 0.015126
6 0.472067 0.678992 0.042298 0.036975
6 0.407821 0.621849 0.038308 0.040336
6 0.662410 0.512605 0.043097 0.036975
6 0.752594 0.671429 0.038308 0.028571
6 0.707502 0.669748 0.043895 0.038655
