7 0.633900 0.101500 0.028000 0.043700
7 0.372500 0.695500 0.019500 0.034800
6 0.861000 0.569400 0.073800 0.072000
6 0.938400 0.552600 0.072600 0.058900
6 0.952400 0.479200 0.078900 0.063100
4 0.463100 0.094300 0.022200 0.103000
0 0.034800 0.552000 0.070500 0.085900
7 0.613328 0.864706 0.016760 0.042017
7 0.625299 0.266387 0.016760 0.035294
6 0.403033 0.894958 0.041500 0.126050
5 0.458500 0.448739 0.024741 0.067227
6 0.416201 0.707563 0.035914 0.121008
6 0.725459 0.442017 0.073424 0.067227
6 0.846369 0.459664 0.075818 0.062185
6 0.757781 0.592437 0.072626 0.065546
6 0.497207 0.728571 0.038308 0.129412
1 0.561053 0.288235 0.051077 0.253782
