7 0.073100 0.435500 0.019600 0.030100
7 0.835100 0.682900 0.016500 0.023500
7 0.594900 0.727500 0.012400 0.028800
7 0.768700 0.464800 0.018400 0.027000
7 0.852500 0.691700 0.016400 0.022400
7 0.771200 0.702300 0.016100 0.024600
7 0.866700 0.459900 0.015000 0.025600
7 0.699100 0.719500 0.013100 0.026500
7 0.746400 0.710300 0.015800 0.026700
7 0.567200 0.741100 0.015200 0.026700
6 0.680700 0.621300 0.044000 0.050700
6 0.855100 0.518300 0.050100 0.046500
6 0.870200 0.597400 0.051300 0.043200
6 0.521000 0.478800 0.027000 0.071100
6 0.867800 0.432200 0.049000 0.041800
4 0.528700 0.600200 0.031200 0.025600
1 0.548400 0.218900 0.033000 0.146500
0 0.580800 0.547000 0.061600 0.054100
0 0.039000 0.542500 0.076000 0.053100
0 0.476800 0.391000 0.028600 0.126800
0 0.234400 0.541800 0.066200 0.051400
5 0.627294 0.463082 0.020750 0.020867
5 0.704310 0.428571 0.008779 0.041734
5 0.694733 0.426966 0.007183 0.035313
5 0.686353 0.429374 0.007981 0.036918
5 0.677574 0.428571 0.009577 0.038523
5 0.666800 0.433387 0.008779 0.044944
5 0.649242 0.427769 0.008779 0.036918
5 0.640862 0.434189 0.012769 0.030498
5 0.610535 0.424559 0.015962 0.020867
5 0.591381 0.411717 0.022346 0.017657
5 0.553472 0.345907 0.010375 0.040128
5 0.323458 0.708582 0.018937 0.015495
6 0.574221 0.690107 0.037874 0.038141
6 0.621258 0.694875 0.032987 0.033373
6 0.738241 0.685340 0.039707 0.030989
6 0.419670 0.658522 0.040318 0.044100
6 0.404704 0.699046 0.038485 0.036949
6 0.455712 0.691299 0.039096 0.038141
6 0.202199 0.719905 0.037874 0.035757
6 0.168907 0.720501 0.032376 0.036949
6 0.220525 0.626937 0.040318 0.038141
7 0.418448 0.514899 0.009774 0.016687
7 0.445327 0.419547 0.007330 0.016687
7 0.405009 0.504768 0.008552 0.013111
4 0.333232 0.533969 0.025046 0.019070
6 0.982896 0.669845 0.032987 0.038141
4 0.543372 0.124553 0.028711 0.034565
4 0.568723 0.344458 0.018326 0.035757
4 0.599878 0.387962 0.032987 0.027414
7 0.452046 0.302145 0.012217 0.022646
7 0.539096 0.753874 0.010385 0.017878
7 0.518021 0.729440 0.007330 0.021454
7 0.551619 0.753278 0.008552 0.021454
7 0.354918 0.805721 0.010996 0.019070
7 0.368968 0.793206 0.008552 0.015495
7 0.901344 0.697259 0.015272 0.014303
7 0.934942 0.662694 0.017715 0.016687
7 0.793219 0.386770 0.009163 0.013111
7 0.785889 0.395709 0.012828 0.014303
3 0.159133 0.548272 0.078803 0.061979
7 0.088882 0.967819 0.012828 0.021454
7 0.128283 0.969607 0.010996 0.020262
7 0.416005 0.491657 0.008552 0.010727
3 0.065044 0.711765 0.091780 0.058824
6 0.355547 0.668908 0.040702 0.040336
6 0.515164 0.684034 0.037510 0.040336
6 0.693536 0.685714 0.043097 0.040336
7 0.946927 0.678992 0.010375 0.016807
