1 0.020100 0.497600 0.041800 0.063400
0 0.485500 0.041500 0.026100 0.082800
0 0.468400 0.967600 0.030900 0.065100
0 0.485100 0.152400 0.025400 0.100400
5 0.420990 0.172269 0.010375 0.042017
0 0.134078 0.589916 0.067039 0.050420
1 0.529130 0.236975 0.028731 0.147899
3 0.879090 0.615126 0.085395 0.057143
4 0.505986 0.115966 0.011173 0.047059
4 0.427374 0.207563 0.010375 0.042017
4 0.074222 0.585714 0.020750 0.035294
4 0.039505 0.589916 0.029529 0.040336
6 0.431764 0.866387 0.020750 0.075630
6 0.430567 0.262185 0.019952 0.080672
7 0.572227 0.845378 0.009577 0.020168
7 0.366720 0.433613 0.008779 0.020168
7 0.569034 0.320168 0.015962 0.028571
7 0.567438 0.404202 0.011173 0.025210
6 0.496409 0.300000 0.020750 0.075630
6 0.465682 0.325210 0.019952 0.068908
