3 0.898700 0.629900 0.088600 0.054600
1 0.215600 0.614100 0.091700 0.066700
1 0.312800 0.555300 0.079900 0.060700
0 0.410000 0.534100 0.058600 0.086100
0 0.128000 0.620700 0.068000 0.050100
0 0.753791 0.553782 0.067837 0.058824
4 0.624501 0.527731 0.027933 0.030252
4 0.627294 0.571429 0.030327 0.023529
4 0.667199 0.568067 0.030327 0.023529
4 0.427374 0.221849 0.010375 0.040336
4 0.061053 0.620168 0.019952 0.030252
4 0.029529 0.624370 0.030327 0.038655
6 0.473264 0.089076 0.022346 0.073950
7 0.438947 0.173109 0.011173 0.026891
6 0.438547 0.133613 0.026337 0.082353
6 0.681165 0.523529 0.040702 0.042017
6 0.436951 0.901681 0.021548 0.082353
6 0.431764 0.278151 0.020750 0.085714
7 0.575020 0.331092 0.013567 0.026891
