7 0.373300 0.760800 0.018200 0.041200
7 0.809900 0.639700 0.022900 0.026600
7 0.610700 0.069300 0.017600 0.039400
7 0.243700 0.644100 0.019400 0.023900
7 0.621800 0.111000 0.019700 0.032700
0 0.034700 0.555700 0.070800 0.085800
7 0.636872 0.099160 0.022346 0.040336
7 0.217877 0.643697 0.019154 0.026891
7 0.346768 0.519328 0.018356 0.033613
7 0.762171 0.364706 0.022346 0.033613
6 0.403033 0.898319 0.038308 0.126050
1 0.547486 0.163025 0.068635 0.326050
6 0.474860 0.094958 0.036712 0.126050
6 0.427374 0.108403 0.034318 0.129412
6 0.725060 0.444538 0.074222 0.062185
6 0.904230 0.557143 0.075020 0.072269
6 0.760974 0.593277 0.074222 0.060504
