7 0.531900 0.787300 0.013200 0.034700
7 0.521900 0.814700 0.014100 0.031500
7 0.349800 0.795800 0.019400 0.030300
7 0.691500 0.787500 0.020700 0.024900
7 0.993000 0.721900 0.014800 0.032900
7 0.284000 0.914800 0.016200 0.033900
7 0.513000 0.759000 0.015500 0.033500
7 0.694100 0.771800 0.016700 0.021600
7 0.550200 0.774100 0.014300 0.027900
7 0.597900 0.824100 0.016500 0.029100
4 0.202900 0.453100 0.040700 0.032000
0 0.465200 0.136300 0.046100 0.198700
0 0.092800 0.462500 0.105500 0.079300
5 0.823458 0.303933 0.008552 0.059595
5 0.808797 0.307509 0.008552 0.052443
5 0.796885 0.306317 0.007941 0.052443
5 0.779475 0.325983 0.009774 0.063170
5 0.767257 0.311085 0.009774 0.057211
5 0.751985 0.307509 0.008552 0.057211
5 0.742211 0.305721 0.007330 0.058403
5 0.727550 0.318832 0.015883 0.051251
5 0.680208 0.302145 0.026268 0.029797
5 0.649359 0.274732 0.035431 0.017878
5 0.592547 0.169845 0.015883 0.053635
6 0.490226 0.342074 0.048259 0.112038
6 0.041539 0.743147 0.070861 0.051251
6 0.627978 0.709178 0.063531 0.054827
6 0.696701 0.716329 0.051924 0.045292
6 0.872022 0.707986 0.072694 0.054827
6 0.933109 0.533969 0.073916 0.054827
5 0.672572 0.454112 0.020770 0.057211
5 0.053451 0.371275 0.047037 0.022646
4 0.919059 0.434446 0.044594 0.034565
7 0.929139 0.786055 0.018326 0.039333
7 0.958766 0.317044 0.029933 0.023838
7 0.926390 0.368296 0.031155 0.026222
7 0.564142 0.809297 0.015272 0.026222
7 0.585522 0.804529 0.012828 0.033373
4 0.604459 0.194279 0.031155 0.059595
4 0.644777 0.205602 0.038485 0.036949
4 0.661576 0.240763 0.043983 0.042908
7 0.731045 0.221849 0.017558 0.033613
7 0.679569 0.465546 0.018356 0.033613
