7 0.567000 0.191600 0.010500 0.023000
1 0.226100 0.604700 0.089500 0.063400
0 0.136073 0.612605 0.069433 0.052101
3 0.894653 0.628571 0.086193 0.057143
4 0.431764 0.220168 0.009577 0.040336
4 0.073823 0.609244 0.018356 0.031933
4 0.039505 0.615966 0.029529 0.038655
6 0.436552 0.275630 0.019154 0.077311
6 0.472865 0.232773 0.021548 0.072269
6 0.496808 0.163866 0.019952 0.075630
6 0.625698 0.513445 0.038308 0.038655
6 0.441740 0.891597 0.019952 0.075630
6 0.352354 0.547899 0.042298 0.040336
7 0.418994 0.242857 0.009577 0.021849
7 0.424980 0.678151 0.010375 0.025210
7 0.576616 0.331092 0.015164 0.030252
7 0.120511 0.463025 0.015962 0.025210
7 0.110136 0.451261 0.017558 0.018487
