4 0.475400 0.222300 0.013300 0.040400
0 0.586200 0.512700 0.051700 0.041100
0 0.752500 0.520100 0.049300 0.038500
0 0.650500 0.516100 0.041400 0.038600
0 0.516500 0.275700 0.021800 0.091200
0 0.942500 0.587700 0.054300 0.039700
0 0.436500 0.486900 0.043200 0.070600
0 0.478500 0.345600 0.020500 0.085100
0 0.442800 0.037400 0.022600 0.074200
7 0.046289 0.570588 0.011173 0.015126
7 0.549481 0.347059 0.013567 0.018487
7 0.542298 0.221008 0.008779 0.015126
7 0.711492 0.592437 0.008779 0.015126
7 0.120112 0.431933 0.013567 0.020168
4 0.454908 0.912605 0.017558 0.040336
4 0.454110 0.955462 0.022346 0.035294
4 0.440942 0.256303 0.008779 0.035294
4 0.440144 0.215966 0.008779 0.038655
4 0.442139 0.183193 0.009577 0.047059
6 0.906624 0.511765 0.030327 0.031933
6 0.481644 0.044538 0.016760 0.062185
6 0.444533 0.303361 0.017558 0.068908
6 0.703512 0.527731 0.031125 0.030252
6 0.454509 0.691597 0.016760 0.055462
6 0.448125 0.754622 0.015164 0.053782
4 0.595371 0.557143 0.022346 0.021849
3 0.527135 0.795798 0.024741 0.112605
3 0.724262 0.572269 0.059856 0.042017
1 0.044693 0.542017 0.062251 0.048739
0 0.882283 0.582353 0.048683 0.042017
0 0.226257 0.553782 0.050279 0.038655
0 0.284916 0.552941 0.047885 0.040336
