7 0.459900 0.916700 0.015100 0.027300
6 0.509900 0.208400 0.021500 0.071600
1 0.225800 0.587100 0.089800 0.064000
0 0.542700 0.265000 0.026800 0.116300
5 0.566241 0.715966 0.008779 0.043697
7 0.575419 0.709244 0.009577 0.023529
3 0.897845 0.656303 0.087789 0.062185
4 0.645650 0.600000 0.035116 0.026891
4 0.443735 0.214286 0.011173 0.042017
4 0.077813 0.579832 0.016760 0.030252
4 0.046289 0.584874 0.027135 0.036975
6 0.476856 0.242017 0.026337 0.084034
6 0.447326 0.273950 0.021548 0.084034
6 0.437350 0.885714 0.020750 0.080672
6 0.488029 0.331933 0.019952 0.072269
7 0.584996 0.336975 0.015962 0.031933
0 0.140463 0.586555 0.068635 0.057143
