7 0.373300 0.691200 0.020500 0.033900
6 0.720400 0.442200 0.072400 0.067700
6 0.856100 0.566900 0.073200 0.073500
6 0.755600 0.590200 0.074400 0.063000
6 0.948500 0.477200 0.075700 0.065900
0 0.035600 0.549700 0.072300 0.085600
7 0.630088 0.104202 0.027933 0.043697
7 0.612131 0.173109 0.017558 0.040336
6 0.402235 0.889076 0.039904 0.124370
5 0.474062 0.797479 0.022346 0.068908
4 0.503591 0.805882 0.022346 0.082353
6 0.422985 0.784874 0.047885 0.124370
6 0.841181 0.458824 0.076616 0.060504
6 0.930567 0.548739 0.075020 0.058824
1 0.556265 0.928571 0.049481 0.139496
1 0.554270 0.331933 0.071030 0.300840
