7 0.631700 0.611800 0.019100 0.036700
7 0.370300 0.684000 0.018300 0.044700
7 0.634600 0.097600 0.030100 0.045500
7 0.380200 0.769400 0.016300 0.039800
6 0.851000 0.460000 0.075600 0.063400
6 0.863500 0.569500 0.076000 0.072200
6 0.760800 0.593200 0.075400 0.064500
6 0.955800 0.477400 0.081100 0.066600
6 0.960200 0.551700 0.082200 0.063600
0 0.033200 0.555000 0.068200 0.086000
0 0.558400 0.743600 0.048900 0.213000
0 0.552500 0.239800 0.050100 0.181800
7 0.614924 0.037815 0.019952 0.042017
7 0.699920 0.376471 0.022346 0.030252
6 0.402235 0.900000 0.038308 0.126050
6 0.415802 0.652941 0.036712 0.122689
6 0.726656 0.441176 0.077414 0.065546
6 0.477255 0.720168 0.039904 0.136134
