7 0.324900 0.553900 0.012600 0.020700
3 0.504800 0.310200 0.024600 0.107600
0 0.030000 0.475200 0.057400 0.046200
0 0.941700 0.587100 0.053600 0.038600
0 0.686900 0.509000 0.052700 0.040200
0 0.881600 0.581900 0.050200 0.043000
0 0.498000 0.165500 0.023400 0.092500
7 0.549481 0.349580 0.013567 0.023529
7 0.547087 0.673109 0.010375 0.021849
7 0.548683 0.782353 0.011971 0.021849
7 0.583400 0.448739 0.007981 0.016807
7 0.964884 0.621849 0.011173 0.016807
4 0.455706 0.911765 0.019154 0.038655
4 0.456504 0.957143 0.020750 0.031933
4 0.440942 0.220168 0.007183 0.040336
4 0.442139 0.259664 0.007981 0.038655
6 0.445331 0.307563 0.015962 0.067227
6 0.455706 0.692437 0.019154 0.057143
6 0.449322 0.754622 0.015962 0.053782
5 0.377095 0.482353 0.016760 0.016807
4 0.472865 0.339496 0.010375 0.043697
4 0.861931 0.509244 0.025539 0.020168
0 0.443735 0.037815 0.023943 0.075630
0 0.485634 0.046218 0.023144 0.092437
0 0.286512 0.554622 0.047885 0.040336
1 0.047885 0.546218 0.062251 0.047059
0 0.228651 0.555462 0.050279 0.038655
