7 0.222000 0.618300 0.017100 0.022100
7 0.431400 0.480900 0.013000 0.023400
7 0.731300 0.333100 0.015900 0.025300
7 0.879900 0.505900 0.018600 0.022300
7 0.564000 0.586100 0.012100 0.021500
7 0.802700 0.593500 0.014300 0.027800
7 0.413700 0.489400 0.013300 0.023200
7 0.306400 0.618300 0.016700 0.021400
7 0.851700 0.577700 0.014600 0.022200
7 0.439100 0.604300 0.011300 0.020700
7 0.110200 0.645400 0.017200 0.018100
6 0.546400 0.414200 0.042300 0.048700
6 0.694200 0.400600 0.043700 0.052600
6 0.964800 0.307700 0.047200 0.042500
6 0.868700 0.398600 0.041200 0.040600
6 0.619300 0.156300 0.022600 0.069200
6 0.557700 0.547100 0.041900 0.042000
6 0.614400 0.540200 0.039200 0.042100
6 0.792600 0.550100 0.041700 0.039800
4 0.436500 0.387800 0.028700 0.025500
3 0.258200 0.505000 0.086200 0.086200
0 0.058800 0.380600 0.070800 0.054000
0 0.747600 0.451000 0.068700 0.052300
0 0.148100 0.384400 0.072400 0.057500
0 0.578300 0.254500 0.029600 0.125100
0 0.340300 0.390700 0.065200 0.055500
5 0.816441 0.296950 0.014366 0.038523
5 0.801277 0.298555 0.006385 0.041734
5 0.793296 0.295345 0.007981 0.035313
5 0.784517 0.295345 0.006385 0.038523
5 0.776137 0.296148 0.008779 0.043339
5 0.766560 0.299358 0.008779 0.049759
5 0.747007 0.296148 0.007981 0.036918
5 0.739026 0.302568 0.009577 0.030498
5 0.709497 0.288925 0.015962 0.022472
5 0.691939 0.273676 0.025539 0.014446
5 0.654429 0.215891 0.011173 0.049759
6 0.308186 0.563170 0.036042 0.029797
6 0.275199 0.563170 0.029933 0.027414
6 0.465486 0.547080 0.034209 0.057211
6 0.507941 0.550656 0.038485 0.035757
6 0.674099 0.551251 0.040929 0.036949
6 0.719304 0.556615 0.034820 0.035757
6 0.832621 0.551251 0.040318 0.027414
6 0.981979 0.525030 0.033598 0.044100
6 0.825290 0.497020 0.041539 0.035757
6 0.762065 0.507151 0.048259 0.036949
6 0.703726 0.493445 0.041539 0.038141
4 0.670128 0.210369 0.019548 0.036949
4 0.698534 0.252682 0.027489 0.026222
7 0.558033 0.163290 0.007941 0.021454
7 0.511607 0.365912 0.010385 0.019070
5 0.426695 0.558403 0.014050 0.013111
7 0.441051 0.635876 0.008552 0.017878
7 0.635614 0.613230 0.009163 0.015495
7 0.649664 0.611442 0.007941 0.019070
7 0.660049 0.598331 0.009163 0.016687
7 0.881491 0.243743 0.013439 0.010727
7 0.879963 0.258641 0.010385 0.016687
7 0.867440 0.323600 0.015883 0.020262
7 0.194869 0.801549 0.010996 0.020262
7 0.232743 0.805721 0.010996 0.023838
7 0.970678 0.562574 0.018326 0.014303
7 0.944716 0.559595 0.020159 0.015495
1 0.652035 0.081513 0.035116 0.149580
3 0.266959 0.396639 0.075818 0.063866
7 0.222267 0.380672 0.011971 0.021849
7 0.097366 0.416807 0.017558 0.023529
7 0.535515 0.577311 0.011173 0.018487
6 0.837590 0.447899 0.045491 0.038655
6 0.845970 0.361345 0.047885 0.040336
