7 0.402600 0.453400 0.011500 0.022300
4 0.483300 0.368400 0.016500 0.060800
1 0.227000 0.597500 0.089600 0.063300
1 0.535900 0.761800 0.032400 0.148900
0 0.141660 0.600000 0.067837 0.053782
3 0.895052 0.656303 0.085395 0.058824
4 0.441740 0.226050 0.010375 0.038655
4 0.079010 0.593277 0.019154 0.033613
4 0.047087 0.596639 0.030327 0.040336
6 0.445331 0.285714 0.020750 0.090756
6 0.518356 0.942857 0.023144 0.087395
6 0.071429 0.499160 0.051875 0.047059
6 0.628891 0.529412 0.039904 0.043697
6 0.438947 0.890756 0.019154 0.077311
7 0.583001 0.342017 0.013567 0.028571
7 0.227055 0.452941 0.010375 0.021849
