7 0.315500 0.579900 0.012800 0.019100
0 0.941500 0.609900 0.055100 0.040100
0 0.515200 0.673000 0.019600 0.085200
0 0.615700 0.523700 0.049000 0.038300
0 0.516700 0.961800 0.022500 0.075800
7 0.551077 0.378992 0.010375 0.018487
7 0.554270 0.357983 0.013567 0.026891
7 0.313248 0.448739 0.008779 0.013445
1 0.050678 0.537815 0.063049 0.047059
4 0.501995 0.474790 0.009577 0.042017
4 0.446129 0.266387 0.007981 0.038655
4 0.445331 0.226050 0.007981 0.038655
4 0.453312 0.916807 0.019154 0.038655
4 0.454110 0.960504 0.019154 0.031933
6 0.449721 0.313445 0.016760 0.065546
6 0.485235 0.546218 0.015962 0.053782
6 0.480447 0.645378 0.015962 0.057143
6 0.449721 0.759664 0.015164 0.053782
6 0.480447 0.776471 0.017558 0.053782
6 0.647646 0.576471 0.032721 0.030252
0 0.451317 0.042017 0.023144 0.080672
0 0.230646 0.552941 0.047885 0.040336
0 0.288109 0.554622 0.047885 0.036975
