7 0.765400 0.463000 0.018500 0.020500
7 0.124200 0.755200 0.016000 0.020700
7 0.217300 0.774200 0.015700 0.022800
7 0.686700 0.733100 0.014200 0.023100
7 0.514000 0.733100 0.014100 0.021200
7 0.367900 0.761100 0.012400 0.022100
7 0.465100 0.271800 0.014400 0.039300
7 0.649400 0.725300 0.010600 0.023900
6 0.474900 0.583300 0.042000 0.043600
6 0.862300 0.431600 0.049800 0.042500
6 0.601400 0.550600 0.040500 0.059700
6 0.519800 0.471900 0.023500 0.068700
5 0.552900 0.353300 0.013100 0.052700
4 0.138800 0.647100 0.035000 0.024000
4 0.678100 0.552400 0.029000 0.027100
4 0.397800 0.616800 0.031700 0.025800
4 0.337300 0.531700 0.026900 0.023600
3 0.071500 0.708500 0.091300 0.056600
0 0.044100 0.544600 0.074000 0.050500
0 0.240600 0.616400 0.062500 0.054100
0 0.236300 0.541700 0.065900 0.051900
0 0.475200 0.394700 0.030200 0.122100
5 0.652035 0.459872 0.017558 0.020867
5 0.700319 0.426164 0.008779 0.043339
5 0.690343 0.426164 0.007981 0.043339
5 0.682761 0.427769 0.005587 0.036918
5 0.675579 0.425361 0.007183 0.041734
5 0.665603 0.427769 0.007981 0.040128
5 0.646848 0.427769 0.007183 0.040128
5 0.638468 0.432584 0.011173 0.030498
5 0.608540 0.424559 0.018356 0.027287
5 0.589785 0.411717 0.025539 0.017657
5 0.325290 0.706794 0.017715 0.016687
6 0.554979 0.560787 0.038485 0.044100
6 0.980147 0.667461 0.036042 0.040524
6 0.734881 0.682360 0.039096 0.029797
6 0.620037 0.693087 0.034209 0.034565
6 0.571778 0.690107 0.040318 0.040524
6 0.514050 0.681764 0.037263 0.040524
6 0.455712 0.688319 0.041539 0.034565
6 0.420281 0.657330 0.037874 0.039333
6 0.405315 0.698451 0.037263 0.040524
6 0.206170 0.719905 0.038485 0.033373
6 0.172266 0.720501 0.032987 0.034565
7 0.404704 0.505959 0.007941 0.010727
7 0.415394 0.495828 0.007330 0.014303
7 0.444105 0.415375 0.006109 0.015495
7 0.453574 0.408820 0.006720 0.016687
7 0.492670 0.096544 0.011607 0.028605
4 0.542761 0.128725 0.026268 0.028605
4 0.566891 0.342074 0.018326 0.038141
4 0.596518 0.390346 0.027489 0.025030
7 0.445327 0.283075 0.009774 0.020262
7 0.487783 0.752682 0.009163 0.022646
7 0.529933 0.735399 0.009163 0.021454
7 0.536958 0.750894 0.008552 0.016687
7 0.551313 0.752086 0.009163 0.021454
7 0.916616 0.665673 0.016494 0.015495
7 0.935858 0.653159 0.017104 0.019070
7 0.897373 0.693087 0.017104 0.015495
7 0.143861 0.460667 0.014050 0.015495
4 0.910507 0.374255 0.027489 0.040524
3 0.164020 0.551251 0.080024 0.060787
7 0.094685 0.961859 0.013439 0.019070
7 0.133781 0.965435 0.012217 0.021454
7 0.766341 0.417759 0.015272 0.017878
1 0.546289 0.218487 0.031125 0.144538
6 0.357143 0.668908 0.040702 0.043697
6 0.688747 0.684874 0.043097 0.038655
6 0.642857 0.570588 0.042298 0.035294
7 0.942538 0.673950 0.009577 0.016807
6 0.899441 0.622689 0.047885 0.038655
