7 0.156800 0.659100 0.016600 0.027000
6 0.452300 0.412500 0.032600 0.072500
1 0.204700 0.617200 0.092700 0.065700
4 0.459697 0.273950 0.014366 0.060504
4 0.416600 0.220168 0.009577 0.040336
4 0.050678 0.623529 0.019952 0.033613
4 0.017558 0.631933 0.033520 0.043697
4 0.711093 0.529412 0.028731 0.026891
6 0.427374 0.137815 0.026337 0.087395
6 0.462091 0.171429 0.019154 0.070588
6 0.421389 0.277311 0.020750 0.087395
7 0.462091 0.730252 0.012769 0.028571
6 0.427374 0.905882 0.021548 0.080672
7 0.564645 0.333613 0.015164 0.028571
3 0.888667 0.630252 0.085395 0.053782
0 0.116121 0.624370 0.072626 0.055462
