7 0.442500 0.826400 0.014700 0.034600
7 0.371500 0.797800 0.019300 0.027700
7 0.549500 0.949600 0.016700 0.032700
7 0.588700 0.789000 0.016500 0.026600
7 0.622200 0.851700 0.014700 0.023600
7 0.640900 0.813100 0.016800 0.029600
7 0.544300 0.842500 0.014600 0.036600
4 0.175600 0.757400 0.028500 0.041700
0 0.485800 0.152100 0.047400 0.213900
5 0.851558 0.320620 0.008552 0.061979
5 0.836897 0.324791 0.009774 0.056019
5 0.822847 0.321812 0.008552 0.057211
5 0.807880 0.346841 0.011607 0.052443
5 0.796579 0.327771 0.008552 0.057211
5 0.779780 0.328367 0.009163 0.053635
5 0.769701 0.323004 0.009774 0.059595
5 0.754429 0.336710 0.017104 0.051251
5 0.706475 0.317044 0.028711 0.030989
5 0.674404 0.293206 0.034209 0.019070
5 0.616677 0.184744 0.016494 0.052443
6 0.489004 0.640644 0.058033 0.110846
6 0.057117 0.765197 0.075137 0.052443
6 0.653635 0.734803 0.067196 0.053635
6 0.722969 0.742551 0.054368 0.050060
6 0.903482 0.736591 0.074527 0.057211
0 0.106292 0.487485 0.107514 0.073897
5 0.639279 0.598331 0.021381 0.057211
7 0.956933 0.382598 0.032376 0.040524
7 0.988393 0.233611 0.020770 0.026222
7 0.991448 0.321216 0.015883 0.036949
5 0.068112 0.387962 0.048259 0.027414
7 0.793525 0.797974 0.023213 0.022646
7 0.795968 0.814660 0.021991 0.027414
7 0.961820 0.812872 0.018937 0.045292
7 0.662492 0.800358 0.016494 0.027414
7 0.587966 0.833731 0.015272 0.032181
7 0.609957 0.830751 0.015272 0.033373
4 0.628894 0.210369 0.029933 0.056019
4 0.670739 0.221097 0.039096 0.036949
4 0.686927 0.258641 0.044594 0.045292
4 0.221747 0.473182 0.040318 0.026222
7 0.758978 0.239496 0.017558 0.028571
7 0.644852 0.613445 0.023943 0.030252
