0 0.237000 0.485900 0.051800 0.043600
0 0.459700 0.509600 0.041600 0.037700
0 0.516200 0.329300 0.022700 0.091100
0 0.514100 0.176100 0.020900 0.090800
0 0.230200 0.554700 0.051000 0.041600
0 0.939300 0.590400 0.052900 0.039600
0 0.719200 0.521400 0.047400 0.037700
0 0.445900 0.038800 0.021400 0.078100
0 0.473300 0.354900 0.020100 0.072800
7 0.046289 0.568067 0.014366 0.016807
7 0.549880 0.767227 0.007981 0.021849
7 0.537510 0.089916 0.008779 0.021849
7 0.551077 0.351261 0.013567 0.020168
7 0.543097 0.381513 0.010375 0.020168
7 0.703113 0.592437 0.009577 0.018487
7 0.154828 0.568908 0.009577 0.015126
4 0.455706 0.910084 0.019154 0.038655
4 0.455706 0.954622 0.019154 0.033613
4 0.442538 0.260504 0.007183 0.033613
4 0.441740 0.221008 0.008779 0.031933
4 0.444134 0.184034 0.010375 0.045378
0 0.516361 0.043697 0.023943 0.084034
6 0.860734 0.541176 0.031125 0.030252
6 0.806464 0.536134 0.029529 0.026891
6 0.774940 0.501681 0.030327 0.028571
6 0.611732 0.541176 0.029529 0.030252
6 0.446528 0.309244 0.016760 0.063866
6 0.456105 0.690756 0.018356 0.053782
6 0.449721 0.752941 0.015164 0.053782
4 0.529529 0.541176 0.019952 0.020168
1 0.049880 0.541176 0.063049 0.047059
0 0.287709 0.553782 0.047087 0.038655
0 0.880287 0.584874 0.047885 0.043697
3 0.723464 0.573109 0.059856 0.040336
