7 0.392200 0.888800 0.017400 0.032200
7 0.424800 0.894100 0.015500 0.028700
7 0.783900 0.290400 0.015200 0.025600
7 0.411200 0.860700 0.017000 0.043400
7 0.254200 0.991300 0.016900 0.016100
7 0.600200 0.864100 0.017600 0.027900
6 0.544600 0.353900 0.049000 0.119200
5 0.047900 0.756000 0.042900 0.030100
4 0.201500 0.530300 0.042600 0.032900
1 0.328200 0.649000 0.134400 0.093400
0 0.085700 0.542600 0.104100 0.080100
0 0.467100 0.204700 0.045400 0.221500
6 0.085522 0.642431 0.076970 0.061979
6 0.035431 0.828963 0.068418 0.058403
6 0.638057 0.797378 0.065363 0.052443
6 0.708002 0.805125 0.056200 0.048868
6 0.738546 0.734207 0.072083 0.071514
6 0.894319 0.794994 0.075748 0.066746
6 0.965486 0.734207 0.064142 0.059595
6 0.792303 0.632896 0.078192 0.061979
5 0.599267 0.232420 0.015883 0.057211
5 0.660354 0.343266 0.036652 0.021454
5 0.692425 0.370083 0.031155 0.034565
5 0.737630 0.383194 0.020159 0.058403
5 0.754734 0.374255 0.011607 0.064362
5 0.766646 0.379619 0.010996 0.063170
5 0.777947 0.379023 0.010385 0.059595
5 0.794136 0.393921 0.015883 0.072706
5 0.809407 0.365912 0.010996 0.066746
5 0.824374 0.374851 0.011607 0.070322
5 0.840562 0.369487 0.013439 0.069130
4 0.976481 0.585816 0.043372 0.046484
5 0.041845 0.450536 0.047037 0.033373
7 0.985339 0.306317 0.028100 0.026222
7 0.571778 0.895113 0.013439 0.033373
7 0.595296 0.898093 0.015272 0.036949
7 0.664936 0.870083 0.020159 0.030989
7 0.436469 0.315256 0.016494 0.022646
7 0.437080 0.174613 0.014050 0.025030
7 0.946243 0.436830 0.031765 0.025030
4 0.613622 0.262217 0.031155 0.052443
4 0.653940 0.271156 0.036042 0.036949
4 0.671350 0.308105 0.046426 0.036949
4 0.525046 0.139452 0.018937 0.097735
7 0.951741 0.868892 0.017104 0.040524
7 0.984728 0.798570 0.028100 0.030989
0 0.592179 0.075630 0.049481 0.151261
