3 0.883900 0.628800 0.088700 0.055900
1 0.204200 0.612600 0.091000 0.065000
0 0.304100 0.609800 0.070800 0.055400
0 0.158800 0.537800 0.069500 0.054900
0 0.118000 0.619100 0.069800 0.050600
4 0.416600 0.219328 0.011173 0.042017
4 0.051875 0.619328 0.017558 0.035294
4 0.017957 0.624370 0.034318 0.042017
6 0.836393 0.544538 0.046289 0.040336
6 0.424980 0.897479 0.021548 0.077311
6 0.427374 0.136134 0.026337 0.087395
6 0.420192 0.280672 0.019952 0.094118
7 0.401038 0.039496 0.010375 0.042017
6 0.395052 0.533613 0.043097 0.045378
7 0.561453 0.331933 0.015164 0.031933
