7 0.435800 0.336000 0.013900 0.022600
7 0.882300 0.373400 0.015600 0.020600
7 0.049300 0.329400 0.018800 0.025300
7 0.835000 0.505400 0.014700 0.023700
7 0.252200 0.542400 0.015200 0.018700
7 0.936200 0.476100 0.016700 0.023000
7 0.458900 0.543800 0.012200 0.021600
7 0.213600 0.298000 0.012900 0.026300
7 0.688200 0.247000 0.015000 0.027500
7 0.906800 0.474200 0.019200 0.024000
7 0.445700 0.961100 0.011400 0.023800
7 0.590200 0.504000 0.010900 0.024500
7 0.413800 0.908900 0.010300 0.028000
7 0.122000 0.567800 0.016900 0.021200
7 0.439100 0.948800 0.012800 0.021800
7 0.865500 0.243500 0.017300 0.022400
7 0.877900 0.459600 0.012700 0.022600
7 0.367600 0.932600 0.011900 0.025700
7 0.173900 0.533600 0.019400 0.020500
4 0.430200 0.302400 0.029000 0.026600
6 0.465700 0.360000 0.041200 0.049600
6 0.789200 0.467100 0.044700 0.039300
6 0.694300 0.412200 0.043900 0.039200
6 0.609600 0.456600 0.038300 0.042100
6 0.692900 0.316300 0.038400 0.055000
3 0.193100 0.452400 0.088900 0.071700
0 0.047100 0.294500 0.071300 0.052500
0 0.743700 0.367600 0.067500 0.050800
0 0.137800 0.299200 0.073900 0.057200
0 0.573400 0.168900 0.030500 0.131000
0 0.331400 0.307300 0.064800 0.053000
5 0.807662 0.239968 0.022346 0.027287
5 0.798484 0.212681 0.005587 0.036918
5 0.790902 0.211878 0.006385 0.032103
5 0.783320 0.207865 0.007183 0.030498
5 0.774541 0.211878 0.007183 0.035313
5 0.764565 0.215891 0.007981 0.036918
5 0.745012 0.214286 0.007183 0.040128
5 0.735834 0.219101 0.011173 0.033708
5 0.706305 0.205457 0.015962 0.022472
5 0.687151 0.190209 0.022346 0.017657
5 0.650040 0.128411 0.011971 0.041734
6 0.299939 0.477950 0.036652 0.028605
6 0.266952 0.476162 0.031765 0.027414
6 0.458766 0.461859 0.035431 0.056019
6 0.500305 0.468415 0.036652 0.038141
6 0.668907 0.466031 0.041539 0.038141
6 0.715944 0.470203 0.034209 0.032181
6 0.758094 0.421335 0.042761 0.036949
6 0.831093 0.466627 0.042150 0.032181
6 0.818571 0.412992 0.042761 0.041716
6 0.818265 0.363528 0.045816 0.035757
6 0.810935 0.320024 0.049481 0.039333
6 0.807269 0.277116 0.047037 0.041716
6 0.981368 0.441597 0.034820 0.044100
4 0.666463 0.125149 0.020770 0.042908
4 0.694869 0.168653 0.026268 0.022646
7 0.507330 0.277116 0.009163 0.025030
7 0.551619 0.077473 0.007330 0.019070
5 0.418143 0.476162 0.017715 0.015495
7 0.630727 0.531585 0.010385 0.016687
7 0.645082 0.529797 0.008552 0.017878
7 0.655773 0.519070 0.009163 0.022646
7 0.437996 0.696067 0.008552 0.016687
7 0.419670 0.349821 0.009774 0.027414
7 0.877825 0.174017 0.012217 0.019070
7 0.881185 0.156138 0.012828 0.014303
7 0.184178 0.721097 0.012828 0.019070
7 0.223274 0.725864 0.011607 0.026222
3 0.258180 0.314286 0.077414 0.067227
7 0.440144 0.484034 0.010375 0.016807
6 0.550279 0.459664 0.042298 0.035294
7 0.523943 0.442017 0.010375 0.023529
6 0.963687 0.222689 0.047087 0.038655
