7 0.859200 0.385700 0.018700 0.020800
7 0.135000 0.489300 0.020700 0.024000
7 0.536800 0.434900 0.017000 0.030700
7 0.762800 0.397000 0.015500 0.023400
7 0.261100 0.685800 0.014300 0.021600
7 0.225400 0.457300 0.014100 0.030100
7 0.813500 0.648200 0.016300 0.026000
7 0.761800 0.654900 0.015200 0.022400
7 0.532500 0.647600 0.009900 0.026900
7 0.661900 0.657200 0.013800 0.025200
7 0.608300 0.712600 0.010900 0.028500
7 0.972000 0.610900 0.016400 0.021500
7 0.415900 0.596900 0.012800 0.025800
7 0.436300 0.709000 0.011500 0.024000
6 0.694300 0.466300 0.044300 0.049300
6 0.546200 0.477700 0.042900 0.048400
6 0.699400 0.558000 0.043400 0.037300
6 0.978700 0.581600 0.041000 0.044000
6 0.612400 0.601300 0.038300 0.041300
6 0.461700 0.609200 0.040200 0.059900
4 0.436100 0.452000 0.028300 0.024900
3 0.329900 0.544200 0.083200 0.065800
0 0.062900 0.448400 0.071300 0.052900
0 0.765800 0.510900 0.067200 0.049700
0 0.151000 0.450700 0.072300 0.054800
0 0.575500 0.318200 0.028800 0.124200
0 0.338000 0.454300 0.065100 0.056700
5 0.813248 0.354735 0.009577 0.044944
5 0.797287 0.360353 0.006385 0.036918
5 0.787310 0.360353 0.007183 0.033708
5 0.778931 0.361156 0.007981 0.032103
5 0.770950 0.360353 0.007981 0.033708
5 0.761772 0.360353 0.007183 0.036918
5 0.742219 0.357143 0.009577 0.043339
5 0.733041 0.368379 0.010375 0.027287
5 0.704310 0.357143 0.016760 0.024077
5 0.686353 0.339486 0.023943 0.014446
5 0.650040 0.278491 0.011971 0.046549
6 0.310629 0.627533 0.036042 0.034565
6 0.277337 0.626341 0.031765 0.032181
6 0.648137 0.340882 0.032987 0.059595
6 0.505803 0.614422 0.039096 0.036949
6 0.553146 0.606675 0.043372 0.035757
6 0.669517 0.612038 0.039096 0.036949
6 0.715944 0.615614 0.032987 0.032181
6 0.761454 0.563766 0.044594 0.038141
6 0.828039 0.610846 0.040929 0.029797
6 0.954490 0.368892 0.047037 0.034565
4 0.666463 0.274136 0.017104 0.035757
4 0.694258 0.317044 0.027489 0.026222
7 0.565974 0.033373 0.009163 0.023838
7 0.556506 0.202622 0.012217 0.016687
4 0.643555 0.060191 0.027489 0.034565
7 0.089493 0.707390 0.011607 0.013111
5 0.427306 0.622169 0.015272 0.011919
7 0.404704 0.612038 0.011607 0.020262
7 0.631949 0.672229 0.007941 0.014303
7 0.646915 0.669845 0.008552 0.021454
7 0.872938 0.305721 0.014661 0.010727
7 0.871411 0.320620 0.015272 0.014303
3 0.267868 0.461859 0.075137 0.056019
7 0.197312 0.861144 0.012217 0.020262
7 0.235186 0.866508 0.012217 0.026222
7 0.458766 0.778308 0.013439 0.019070
7 0.871717 0.607271 0.014661 0.017878
1 0.647247 0.150420 0.033520 0.146218
6 0.114924 0.573950 0.046289 0.045378
7 0.551875 0.687395 0.010375 0.020168
6 0.855148 0.552941 0.045491 0.036975
6 0.785714 0.610924 0.042298 0.038655
7 0.976057 0.626050 0.015962 0.015126
6 0.956105 0.453782 0.047885 0.040336
6 0.925379 0.418487 0.043895 0.040336
6 0.887869 0.504202 0.047087 0.036975
