6 0.473400 0.686200 0.037700 0.130700
0 0.565200 0.578900 0.049100 0.205800
0 0.036800 0.568500 0.075700 0.088200
0 0.568200 0.074500 0.048700 0.148700
7 0.636073 0.118487 0.030327 0.038655
6 0.394254 0.045378 0.036712 0.090756
7 0.365922 0.736975 0.011971 0.042017
7 0.360734 0.691597 0.027135 0.025210
7 0.756584 0.387395 0.025539 0.025210
7 0.031923 0.319328 0.035116 0.023529
6 0.739425 0.468908 0.072626 0.070588
6 0.689944 0.561345 0.069433 0.070588
6 0.436951 0.484034 0.032721 0.110924
6 0.405427 0.911765 0.038308 0.132773
