1 0.205100 0.615400 0.091600 0.064400
0 0.469200 0.050500 0.027200 0.099000
0 0.465900 0.243200 0.027900 0.105800
0 0.119300 0.621100 0.070300 0.049600
7 0.400638 0.482353 0.009577 0.023529
7 0.415802 0.894958 0.009577 0.025210
6 0.972865 0.642017 0.044693 0.036975
6 0.589785 0.512605 0.041500 0.040336
4 0.515962 0.181513 0.011971 0.063866
6 0.426576 0.900840 0.021548 0.080672
6 0.421389 0.278992 0.020750 0.084034
6 0.427773 0.137815 0.025539 0.084034
5 0.448524 0.398319 0.012769 0.053782
3 0.885076 0.630252 0.086193 0.053782
4 0.416201 0.221849 0.010375 0.043697
7 0.565044 0.331092 0.015962 0.026891
4 0.051875 0.624370 0.019154 0.031933
4 0.019553 0.630252 0.029529 0.036975
7 0.400239 0.160504 0.007183 0.025210
