1 0.044300 0.543500 0.064300 0.048700
1 0.619800 0.508200 0.062800 0.044700
0 0.944900 0.593400 0.054400 0.038800
0 0.286300 0.555600 0.050100 0.037000
0 0.482600 0.273100 0.023100 0.092000
0 0.517500 0.252600 0.020800 0.092800
0 0.518700 0.569700 0.022200 0.077100
7 0.551875 0.352101 0.013567 0.025210
7 0.581804 0.452101 0.011173 0.016807
7 0.699521 0.212605 0.008779 0.021849
7 0.770551 0.256303 0.011971 0.018487
7 0.666002 0.600000 0.011971 0.020168
7 0.385076 0.500000 0.011971 0.018487
7 0.335595 0.443697 0.007183 0.016807
4 0.455307 0.914286 0.019952 0.036975
4 0.456105 0.958824 0.021548 0.035294
4 0.441740 0.218487 0.008779 0.036975
4 0.442538 0.256303 0.007183 0.035294
0 0.486832 0.040336 0.020750 0.080672
6 0.448524 0.757143 0.015962 0.055462
6 0.455706 0.696639 0.019154 0.052101
6 0.679968 0.495798 0.030327 0.033613
6 0.517159 0.077311 0.019154 0.057143
6 0.506385 0.159664 0.015164 0.050420
6 0.474062 0.167227 0.015962 0.055462
6 0.446528 0.305882 0.016760 0.067227
6 0.464884 0.402521 0.023144 0.055462
4 0.482442 0.655462 0.010375 0.043697
4 0.524741 0.135294 0.010375 0.045378
0 0.445730 0.036975 0.023144 0.073950
0 0.227853 0.555462 0.050279 0.038655
