7 0.544100 0.889800 0.016300 0.030300
7 0.379400 0.764500 0.017300 0.028500
7 0.361700 0.813200 0.016700 0.030300
7 0.542100 0.822600 0.016900 0.026000
7 0.829000 0.799100 0.020800 0.025000
7 0.952400 0.371500 0.030100 0.029200
7 0.677100 0.800600 0.015600 0.028800
7 0.617400 0.835800 0.015100 0.025300
4 0.219200 0.456300 0.039800 0.030500
0 0.483300 0.136800 0.046400 0.203800
0 0.103900 0.467600 0.105200 0.085600
5 0.847282 0.307509 0.010996 0.066746
5 0.831704 0.312872 0.011607 0.058403
5 0.817349 0.310489 0.008552 0.056019
5 0.802382 0.333135 0.012828 0.056019
5 0.789859 0.312277 0.009774 0.059595
5 0.773671 0.315256 0.009163 0.058403
5 0.764203 0.310489 0.009774 0.063170
5 0.749236 0.321216 0.016494 0.053635
5 0.701588 0.303337 0.029933 0.032181
5 0.669823 0.280095 0.032376 0.019070
5 0.613012 0.169249 0.016494 0.054827
6 0.518632 0.679380 0.064753 0.088200
6 0.646610 0.719905 0.064142 0.061979
6 0.715638 0.725864 0.059255 0.050060
6 0.897984 0.722288 0.074527 0.054827
6 0.052841 0.746722 0.072694 0.053635
5 0.610568 0.649583 0.020159 0.061979
7 0.169212 0.739571 0.023213 0.032181
7 0.985644 0.379023 0.025046 0.035757
7 0.986255 0.282479 0.023824 0.038141
7 0.472816 0.799166 0.020770 0.022646
7 0.608125 0.778903 0.016494 0.034565
7 0.603849 0.817640 0.014050 0.038141
7 0.582773 0.821812 0.014661 0.032181
5 0.065058 0.374255 0.047037 0.023838
7 0.830177 0.780691 0.020770 0.023838
7 0.955712 0.794994 0.016494 0.038141
7 0.702505 0.784863 0.015883 0.027414
4 0.623702 0.197259 0.031765 0.056019
4 0.665547 0.208582 0.036042 0.033373
4 0.682651 0.243147 0.044594 0.035757
7 0.752993 0.227731 0.016760 0.028571
7 0.615323 0.657143 0.017558 0.026891
