7 0.352700 0.917900 0.014000 0.027900
7 0.802500 0.315500 0.015300 0.023800
7 0.609600 0.905400 0.015600 0.030300
6 0.581000 0.597600 0.065700 0.072700
6 0.575700 0.484800 0.053400 0.108100
4 0.202300 0.552400 0.042800 0.031900
5 0.422400 0.772000 0.039700 0.032900
1 0.814000 0.644400 0.131600 0.098600
0 0.608400 0.085700 0.052700 0.169300
0 0.479200 0.222000 0.053300 0.218900
0 0.083400 0.566600 0.110800 0.087600
6 0.084301 0.703218 0.086744 0.066746
6 0.034209 0.858760 0.068418 0.065554
6 0.303604 0.825983 0.068418 0.064362
6 0.650580 0.836710 0.072083 0.061979
6 0.723274 0.843862 0.061087 0.050060
6 0.824679 0.789631 0.081857 0.063170
6 0.914478 0.840286 0.076970 0.064362
7 0.969456 0.471395 0.032987 0.027414
7 0.358277 0.889154 0.022602 0.033373
7 0.318571 0.937426 0.018937 0.034565
7 0.580635 0.935042 0.016494 0.036949
7 0.604154 0.941597 0.012217 0.033373
7 0.621258 0.923123 0.014661 0.027414
7 0.784056 0.915375 0.027489 0.033373
7 0.446243 0.337902 0.016494 0.032181
7 0.448687 0.210369 0.012828 0.027414
4 0.628589 0.284267 0.034209 0.053635
4 0.669212 0.294994 0.040929 0.041716
4 0.689065 0.334923 0.045205 0.040524
5 0.614844 0.256257 0.017715 0.054827
5 0.674710 0.373063 0.038485 0.023838
5 0.706475 0.397497 0.029933 0.034565
5 0.755040 0.419547 0.020770 0.061979
5 0.771533 0.400477 0.012217 0.064362
5 0.783445 0.409416 0.012828 0.065554
5 0.798717 0.405244 0.011607 0.071514
5 0.811851 0.421335 0.014661 0.075089
5 0.829566 0.397497 0.012217 0.067938
5 0.843922 0.403456 0.011607 0.067938
5 0.859805 0.401669 0.014050 0.073897
5 0.040012 0.467223 0.044594 0.030989
4 0.561698 0.315852 0.028711 0.088200
7 0.972511 0.922527 0.017104 0.030989
