7 0.521400 0.140400 0.008400 0.019200
4 0.086200 0.503200 0.024500 0.020500
0 0.288000 0.555400 0.050700 0.037100
0 0.533600 0.577100 0.045400 0.065200
0 0.514700 0.204300 0.021200 0.088900
0 0.938400 0.591700 0.053100 0.040300
0 0.516300 0.331900 0.021800 0.089700
0 0.446100 0.040300 0.020600 0.081600
0 0.473400 0.358700 0.020200 0.070500
7 0.053871 0.566387 0.011971 0.026891
7 0.550678 0.352941 0.011173 0.020168
7 0.576616 0.464706 0.008779 0.018487
7 0.549880 0.910084 0.009577 0.018487
7 0.699521 0.593277 0.010375 0.016807
4 0.455706 0.908403 0.019154 0.038655
4 0.456903 0.953782 0.019952 0.031933
4 0.443336 0.261345 0.008779 0.035294
4 0.442139 0.222689 0.007981 0.038655
4 0.444533 0.189076 0.009577 0.045378
0 0.516361 0.048739 0.023943 0.097479
0 0.878691 0.585714 0.047885 0.042017
0 0.231445 0.554622 0.049481 0.036975
1 0.051476 0.542857 0.063049 0.047059
3 0.723065 0.574790 0.057462 0.040336
6 0.478452 0.115126 0.015164 0.055462
6 0.446927 0.310084 0.015962 0.065546
6 0.647646 0.542017 0.027933 0.028571
6 0.602554 0.542017 0.028731 0.028571
6 0.558659 0.497479 0.030327 0.030252
6 0.497606 0.776471 0.018356 0.060504
6 0.450519 0.754622 0.016760 0.053782
6 0.456504 0.692437 0.015962 0.053782
