7 0.154400 0.794900 0.012900 0.020400
7 0.175700 0.820200 0.015200 0.018400
7 0.791900 0.608000 0.016300 0.029600
7 0.942900 0.645800 0.018900 0.021500
7 0.682700 0.730600 0.017800 0.024000
7 0.817000 0.650200 0.018800 0.022500
7 0.482900 0.781700 0.011900 0.021500
7 0.412000 0.748200 0.010900 0.019200
7 0.453100 0.740600 0.013100 0.021700
7 0.600600 0.736400 0.010800 0.024200
7 0.631500 0.724800 0.011400 0.025700
6 0.182600 0.633600 0.050000 0.045200
6 0.599000 0.549400 0.040100 0.062100
6 0.860700 0.432700 0.047200 0.043900
6 0.669100 0.680900 0.041400 0.044500
6 0.517200 0.457800 0.024200 0.066200
4 0.677200 0.554600 0.028100 0.028900
3 0.071500 0.709900 0.090400 0.055700
1 0.545800 0.222700 0.031700 0.143000
0 0.044500 0.546500 0.074100 0.050000
0 0.236800 0.544500 0.065400 0.050900
0 0.474700 0.396700 0.028800 0.122700
5 0.652434 0.460674 0.018356 0.019262
5 0.699521 0.428571 0.007183 0.044944
5 0.690742 0.430177 0.007183 0.032103
5 0.682761 0.429374 0.007183 0.036918
5 0.673982 0.428571 0.008779 0.038523
5 0.664804 0.430979 0.009577 0.040128
5 0.646049 0.430979 0.008779 0.046549
5 0.636472 0.437400 0.010375 0.030498
5 0.607741 0.426966 0.016760 0.022472
5 0.587789 0.412520 0.021548 0.019262
5 0.551077 0.353933 0.010375 0.043339
5 0.325901 0.709178 0.018937 0.016687
6 0.207086 0.720501 0.039096 0.034565
6 0.172877 0.721097 0.034209 0.035757
6 0.405620 0.697855 0.036652 0.032181
6 0.455101 0.690703 0.041539 0.034565
6 0.433415 0.652563 0.037263 0.039333
6 0.573610 0.690107 0.037874 0.038141
6 0.618815 0.691299 0.031765 0.035757
6 0.978925 0.664482 0.039707 0.034565
6 0.513439 0.681764 0.037263 0.038141
7 0.414478 0.498212 0.009163 0.014303
7 0.403177 0.510727 0.008552 0.010727
7 0.438913 0.450536 0.010385 0.016687
7 0.443800 0.420143 0.006720 0.017878
4 0.335675 0.536949 0.027489 0.020262
6 0.361026 0.609058 0.040318 0.045292
4 0.543067 0.129917 0.026878 0.033373
7 0.484728 0.081645 0.010385 0.025030
7 0.562615 0.034565 0.010996 0.021454
4 0.567196 0.345650 0.017715 0.035757
4 0.596213 0.389154 0.026878 0.022646
7 0.518326 0.292014 0.011607 0.023838
4 0.250458 0.709178 0.028100 0.035757
7 0.473732 0.816448 0.009163 0.016687
7 0.478619 0.804529 0.010385 0.016687
7 0.536652 0.753278 0.010385 0.014303
7 0.550397 0.752682 0.009774 0.022646
7 0.580941 0.737783 0.007330 0.019070
7 0.901649 0.683552 0.013439 0.015495
7 0.900733 0.665673 0.020159 0.020262
7 0.898900 0.694875 0.012828 0.011919
7 0.134087 0.462455 0.018937 0.019070
4 0.908980 0.376043 0.026878 0.039333
3 0.163103 0.551847 0.078192 0.052443
7 0.133170 0.966627 0.012217 0.026222
7 0.095296 0.963647 0.012217 0.020262
7 0.451436 0.196663 0.008552 0.016687
7 0.445632 0.293802 0.007941 0.017878
7 0.762981 0.463647 0.018326 0.021454
7 0.609346 0.724076 0.007941 0.017878
6 0.356744 0.670588 0.038308 0.040336
6 0.734238 0.683193 0.038308 0.028571
6 0.638867 0.571429 0.043895 0.036975
7 0.938947 0.674790 0.010375 0.015126
6 0.846768 0.639496 0.046289 0.031933
