7 0.366800 0.591900 0.018700 0.035400
7 0.263900 0.818200 0.019700 0.034000
7 0.868400 0.752400 0.014100 0.031200
7 0.345400 0.896100 0.017900 0.031100
7 0.979900 0.824400 0.028000 0.028000
6 0.567700 0.527500 0.046300 0.095700
6 0.674700 0.741000 0.068300 0.070100
0 0.661600 0.597600 0.103000 0.083100
0 0.060300 0.558100 0.112400 0.083900
5 0.796885 0.420739 0.010385 0.064362
5 0.781918 0.424315 0.010996 0.059595
5 0.768479 0.423123 0.009774 0.057211
5 0.751680 0.436234 0.016494 0.066746
5 0.724496 0.421931 0.008552 0.059595
5 0.700061 0.430870 0.017104 0.053635
5 0.652413 0.416567 0.028100 0.029797
5 0.622480 0.387962 0.034209 0.022646
5 0.567196 0.281883 0.016494 0.058403
5 0.729688 0.480334 0.038485 0.026222
6 0.066280 0.709178 0.075137 0.064362
6 0.406536 0.814660 0.064142 0.053635
6 0.594685 0.827175 0.062920 0.064362
6 0.775199 0.837306 0.068418 0.056019
6 0.843922 0.834923 0.071472 0.056019
6 0.826206 0.743743 0.072694 0.054827
6 0.841784 0.431466 0.062309 0.054827
1 0.561393 0.100119 0.051313 0.200238
7 0.741295 0.342670 0.015272 0.020262
7 0.945021 0.733015 0.026878 0.023838
7 0.943189 0.699046 0.017104 0.039333
7 0.939218 0.637068 0.021381 0.025030
7 0.955406 0.631704 0.014661 0.035757
7 0.961515 0.615018 0.024435 0.023838
7 0.955712 0.876043 0.028711 0.038141
7 0.781918 0.903456 0.019548 0.035757
7 0.741906 0.910608 0.032376 0.033373
7 0.700977 0.880215 0.014050 0.036949
7 0.552230 0.917759 0.015883 0.038141
7 0.531765 0.915971 0.012828 0.034565
7 0.343005 0.929082 0.022602 0.027414
7 0.299023 0.565554 0.012828 0.036949
7 0.347587 0.495828 0.014661 0.016687
5 0.583995 0.396305 0.032987 0.058403
4 0.578803 0.307509 0.027489 0.050060
4 0.615455 0.319428 0.031155 0.038141
4 0.635308 0.352801 0.041539 0.033373
4 0.173488 0.552443 0.042761 0.022646
6 0.804215 0.594160 0.075137 0.065554
7 0.747709 0.793206 0.021991 0.029797
7 0.900733 0.495232 0.029933 0.027414
7 0.440134 0.268772 0.016494 0.034565
7 0.057117 0.789035 0.033598 0.033373
7 0.813684 0.414184 0.015883 0.025030
5 0.023824 0.466031 0.042761 0.026222
7 0.622107 0.222689 0.011971 0.031933
7 0.703512 0.349580 0.016760 0.023529
7 0.954908 0.950420 0.019952 0.025210
7 0.761772 0.885714 0.018356 0.026891
6 0.664405 0.836134 0.051875 0.052101
6 0.475259 0.465546 0.045491 0.107563
7 0.901038 0.884034 0.017558 0.036975
