5 0.170500 0.470300 0.020900 0.018300
3 0.507000 0.335500 0.024900 0.107400
1 0.973700 0.534200 0.052700 0.047300
0 0.627600 0.508800 0.051300 0.039200
0 0.941700 0.586500 0.053700 0.038600
0 0.881600 0.581500 0.049600 0.043000
0 0.445400 0.039800 0.021700 0.079400
7 0.551077 0.350420 0.013567 0.021849
7 0.553073 0.571429 0.009577 0.020168
7 0.492418 0.973950 0.009577 0.021849
7 0.548284 0.091597 0.007981 0.018487
7 0.585395 0.448739 0.008779 0.020168
7 0.875499 0.607563 0.009577 0.021849
7 0.434956 0.596639 0.009577 0.016807
7 0.314445 0.441176 0.006385 0.018487
4 0.457702 0.910924 0.018356 0.040336
4 0.458500 0.954622 0.021548 0.030252
4 0.442139 0.261345 0.007981 0.038655
4 0.441341 0.223529 0.007981 0.036975
0 0.497207 0.171429 0.020750 0.094118
0 0.288907 0.556303 0.046289 0.040336
0 0.230646 0.557983 0.049481 0.036975
1 0.050678 0.547899 0.063049 0.047059
4 0.481245 0.632773 0.011173 0.045378
4 0.595371 0.550420 0.025539 0.021849
6 0.457302 0.693277 0.019154 0.055462
6 0.450918 0.756303 0.015962 0.053782
6 0.446129 0.310924 0.017558 0.067227
0 0.486433 0.065546 0.019952 0.094118
