0 0.287100 0.555100 0.049600 0.037300
0 0.944100 0.611700 0.054900 0.039300
7 0.550678 0.378992 0.009577 0.018487
7 0.554669 0.358824 0.014366 0.021849
7 0.274142 0.579832 0.010375 0.020168
7 0.313248 0.448739 0.008779 0.013445
7 0.321628 0.450420 0.006385 0.016807
0 0.450918 0.040336 0.023943 0.080672
4 0.510774 0.872269 0.011173 0.036975
4 0.446129 0.264706 0.009577 0.031933
4 0.444932 0.225210 0.008779 0.036975
7 0.135275 0.568908 0.010375 0.011765
7 0.148843 0.568067 0.010375 0.013445
6 0.449322 0.312605 0.015962 0.067227
6 0.599362 0.575630 0.031923 0.028571
6 0.448524 0.762185 0.014366 0.052101
6 0.492418 0.794958 0.017558 0.050420
6 0.478053 0.897479 0.015962 0.063866
4 0.453312 0.964706 0.019154 0.033613
4 0.450918 0.920168 0.015962 0.035294
0 0.612530 0.522689 0.047087 0.040336
1 0.047885 0.536134 0.062251 0.047059
0 0.228252 0.552101 0.049481 0.038655
