6 0.478300 0.131900 0.016300 0.053200
1 0.048900 0.534000 0.062600 0.048500
0 0.834700 0.537000 0.056200 0.044600
0 0.286900 0.551500 0.050500 0.038100
0 0.646200 0.528900 0.048000 0.038500
0 0.520300 0.352000 0.019400 0.075600
0 0.940500 0.606000 0.055000 0.039400
0 0.519300 0.189400 0.020700 0.093000
0 0.484400 0.238600 0.022900 0.092000
7 0.552275 0.355462 0.014366 0.025210
7 0.571429 0.457983 0.007981 0.018487
7 0.668795 0.611765 0.009577 0.016807
7 0.439346 0.754622 0.007183 0.020168
7 0.054270 0.421849 0.011173 0.020168
7 0.435754 0.054622 0.007981 0.015126
7 0.434956 0.069748 0.007981 0.021849
4 0.452514 0.911765 0.019154 0.038655
4 0.452115 0.957143 0.021548 0.035294
4 0.444533 0.221849 0.009577 0.036975
4 0.444932 0.260504 0.008779 0.033613
6 0.447725 0.757143 0.015962 0.055462
6 0.484437 0.766387 0.017558 0.057143
6 0.707103 0.536975 0.028731 0.028571
6 0.536712 0.522689 0.031125 0.030252
6 0.448923 0.308403 0.016760 0.065546
6 0.471269 0.354622 0.016760 0.053782
4 0.486034 0.376471 0.009577 0.043697
4 0.491221 0.495798 0.019952 0.020168
0 0.506784 0.652941 0.028731 0.085714
0 0.490822 0.043697 0.020750 0.084034
0 0.450120 0.039496 0.023943 0.078992
0 0.228651 0.549580 0.050279 0.040336
