7 0.290300 0.587000 0.014800 0.022300
7 0.403700 0.769400 0.013400 0.021700
7 0.057900 0.824100 0.019500 0.022200
7 0.652300 0.756600 0.015000 0.022600
7 0.235100 0.514500 0.015700 0.023300
7 0.470600 0.740300 0.012600 0.018800
7 0.848300 0.691200 0.016400 0.022400
7 0.163600 0.544800 0.013700 0.023400
7 0.569900 0.765900 0.011600 0.019500
7 0.472300 0.763700 0.008200 0.018500
7 0.838400 0.707300 0.015500 0.023500
7 0.755100 0.755200 0.014900 0.025900
7 0.474200 0.068200 0.013600 0.023600
6 0.608000 0.656100 0.041000 0.036500
6 0.901400 0.666600 0.044700 0.048000
6 0.980700 0.393300 0.037500 0.065400
6 0.746300 0.512600 0.045700 0.042000
6 0.582600 0.711400 0.042100 0.039300
4 0.685700 0.518900 0.030400 0.027000
4 0.011000 0.690100 0.023100 0.024100
1 0.278400 0.641200 0.090300 0.068000
1 0.577500 0.578800 0.077100 0.069800
0 0.807500 0.593100 0.071000 0.056000
0 0.045500 0.573300 0.076300 0.050500
0 0.240100 0.568600 0.066300 0.050900
0 0.947400 0.566900 0.070000 0.056500
0 0.482300 0.415400 0.029900 0.128600
5 0.663208 0.453451 0.006385 0.040128
7 0.660814 0.471108 0.011173 0.017657
5 0.725858 0.443820 0.008779 0.043339
5 0.709497 0.447030 0.007981 0.036918
5 0.700319 0.444623 0.008779 0.032103
5 0.691540 0.446228 0.007183 0.035313
5 0.682761 0.447833 0.007183 0.038523
5 0.672785 0.449438 0.006385 0.041734
5 0.654030 0.447833 0.005587 0.038523
5 0.645251 0.455056 0.010375 0.027287
5 0.616919 0.445425 0.015962 0.024077
5 0.596568 0.430979 0.023144 0.017657
5 0.558659 0.363563 0.007981 0.040128
6 0.176542 0.749702 0.032987 0.033373
6 0.211362 0.747318 0.037874 0.033373
6 0.280696 0.730632 0.040929 0.033373
6 0.411729 0.724076 0.039096 0.039333
6 0.429139 0.659118 0.038485 0.035757
6 0.461820 0.716925 0.040318 0.036949
6 0.498778 0.665673 0.040929 0.034565
6 0.520770 0.706198 0.037263 0.039333
6 0.628589 0.715137 0.031765 0.028605
6 0.659743 0.628129 0.036652 0.035757
6 0.701894 0.705006 0.042761 0.039333
6 0.741906 0.706198 0.043372 0.027414
6 0.931888 0.383790 0.037263 0.066746
4 0.574527 0.365316 0.016494 0.034565
4 0.604459 0.410012 0.026268 0.016687
7 0.565058 0.400477 0.008552 0.016687
7 0.578803 0.422527 0.009163 0.013111
4 0.548870 0.146603 0.027489 0.021454
7 0.777337 0.449940 0.015272 0.017878
7 0.544288 0.780095 0.010996 0.015495
7 0.551619 0.755662 0.008552 0.016687
7 0.559866 0.773540 0.010385 0.021454
5 0.943189 0.655542 0.030544 0.014303
7 0.949908 0.644815 0.017104 0.014303
7 0.967929 0.677592 0.011607 0.020262
5 0.462126 0.231824 0.007941 0.046484
5 0.333537 0.734207 0.019548 0.014303
7 0.306048 0.540524 0.010996 0.015495
7 0.363470 0.902265 0.009774 0.021454
7 0.342700 0.976758 0.012217 0.020262
7 0.739768 0.749106 0.015883 0.022646
7 0.752291 0.731228 0.010385 0.025030
7 0.745877 0.676996 0.013439 0.028605
7 0.988393 0.288439 0.015883 0.021454
7 0.830483 0.737187 0.014050 0.020262
7 0.775809 0.743147 0.010996 0.020262
7 0.439218 0.471990 0.006109 0.021454
7 0.529016 0.904648 0.009774 0.026222
7 0.135919 0.990465 0.015272 0.014303
7 0.987172 0.237187 0.010996 0.016687
1 0.552674 0.238655 0.032721 0.151261
4 0.340383 0.558824 0.026337 0.021849
3 0.165603 0.578151 0.077414 0.053782
7 0.099761 0.991597 0.009577 0.013445
7 0.347965 0.707563 0.011173 0.020168
6 0.370311 0.717647 0.039904 0.043697
6 0.367917 0.638655 0.039904 0.040336
7 0.367119 0.736975 0.007981 0.015126
7 0.629290 0.731092 0.010375 0.013445
6 0.852753 0.532773 0.050279 0.040336
6 0.786911 0.489916 0.046289 0.028571
6 0.711093 0.587395 0.041500 0.035294
