0 0.446000 0.040400 0.021200 0.081000
0 0.490700 0.336600 0.020500 0.083100
7 0.550678 0.352101 0.011173 0.021849
7 0.404629 0.593277 0.007981 0.020168
7 0.434557 0.324370 0.008779 0.020168
7 0.253392 0.582353 0.007183 0.015126
7 0.944134 0.616807 0.017558 0.020168
7 0.450918 0.175630 0.009577 0.028571
4 0.456105 0.907563 0.019952 0.036975
4 0.456903 0.954622 0.018356 0.033613
4 0.444533 0.190756 0.009577 0.035294
4 0.441341 0.225210 0.007981 0.036975
4 0.442937 0.262185 0.009577 0.033613
4 0.881484 0.511765 0.024741 0.021849
0 0.938547 0.589076 0.052674 0.038655
0 0.878292 0.584874 0.048683 0.043697
7 0.263368 0.567227 0.009577 0.018487
0 0.231045 0.554622 0.050279 0.036975
1 0.051476 0.543697 0.063049 0.045378
1 0.718276 0.515966 0.057462 0.040336
3 0.722267 0.573950 0.059058 0.042017
6 0.520351 0.064706 0.017558 0.055462
6 0.446528 0.310924 0.016760 0.067227
6 0.360734 0.508403 0.030327 0.028571
6 0.456105 0.691597 0.015164 0.055462
6 0.449322 0.755462 0.014366 0.055462
6 0.592179 0.491597 0.028731 0.025210
6 0.593376 0.549580 0.032721 0.033613
6 0.627294 0.545378 0.028731 0.028571
6 0.852753 0.505042 0.029529 0.031933
1 0.796089 0.521849 0.055068 0.042017
1 0.645650 0.515966 0.047885 0.040336
0 0.288109 0.555462 0.047885 0.038655
