6 0.535914 0.697479 0.031125 0.033613
7 0.963288 0.344538 0.011173 0.020168
7 0.943735 0.721008 0.011971 0.020168
7 0.954110 0.726891 0.010375 0.018487
7 0.989625 0.673109 0.017558 0.018487
7 0.994014 0.224370 0.010375 0.015126
7 0.410615 0.943697 0.010375 0.021849
7 0.417398 0.918487 0.007981 0.025210
6 0.471269 0.811765 0.018356 0.057143
6 0.470870 0.896639 0.017558 0.062185
6 0.982043 0.407563 0.034318 0.031933
1 0.884677 0.647899 0.040702 0.105882
3 0.767757 0.472269 0.068635 0.043697
5 0.944533 0.310084 0.007183 0.031933
5 0.506784 0.565546 0.019154 0.015126
5 0.524741 0.591597 0.021548 0.016807
6 0.988029 0.568067 0.020750 0.033613
6 0.780128 0.591597 0.032721 0.033613
6 0.090184 0.568067 0.038308 0.030252
