7 0.352400 0.586900 0.013100 0.016800
0 0.940800 0.610600 0.055500 0.039800
0 0.511300 0.362600 0.023000 0.085500
0 0.741000 0.530800 0.046300 0.040900
0 0.511000 0.582500 0.023900 0.085400
7 0.550279 0.381513 0.010375 0.020168
7 0.554270 0.359664 0.015164 0.023529
7 0.051077 0.564706 0.012769 0.016807
7 0.065443 0.563025 0.014366 0.013445
6 0.449322 0.314286 0.015962 0.067227
6 0.484038 0.327731 0.016760 0.053782
6 0.480447 0.435294 0.017558 0.053782
6 0.479649 0.549580 0.015962 0.053782
6 0.448923 0.759664 0.016760 0.053782
4 0.446528 0.265546 0.008779 0.036975
4 0.445331 0.228571 0.007981 0.036975
4 0.453312 0.916807 0.020750 0.038655
4 0.455307 0.960504 0.019952 0.035294
0 0.288907 0.554622 0.049481 0.040336
4 0.499601 0.119328 0.011173 0.040336
1 0.051875 0.538655 0.060654 0.048739
6 0.729050 0.576471 0.032721 0.030252
0 0.451317 0.042857 0.023144 0.082353
0 0.231045 0.552941 0.050279 0.040336
