3 0.881800 0.611300 0.088800 0.054700
0 0.473200 0.192900 0.027900 0.111700
0 0.132000 0.585200 0.068400 0.045900
0 0.472800 0.049400 0.026000 0.095700
0 0.509900 0.033800 0.024400 0.065800
5 0.418994 0.163866 0.009577 0.045378
7 0.409816 0.613445 0.011971 0.020168
7 0.425778 0.626891 0.015164 0.023529
7 0.569034 0.315126 0.015962 0.028571
7 0.579409 0.530252 0.012769 0.025210
6 0.430966 0.865546 0.020750 0.073950
6 0.430168 0.262185 0.022346 0.084034
7 0.579808 0.561345 0.011971 0.020168
6 0.926576 0.527731 0.043097 0.036975
2 0.523543 0.247899 0.051077 0.290756
4 0.536313 0.057983 0.011173 0.055462
4 0.425778 0.202521 0.010375 0.038655
6 0.079808 0.484874 0.052674 0.048739
4 0.037510 0.589916 0.028731 0.040336
