5 0.544000 0.183000 0.010100 0.043300
5 0.422000 0.181600 0.012600 0.041900
4 0.478500 0.040800 0.013200 0.053400
0 0.510300 0.336700 0.024800 0.095200
0 0.476600 0.176400 0.024900 0.111000
0 0.516000 0.055900 0.029400 0.108400
7 0.570630 0.330252 0.014366 0.025210
7 0.201117 0.457143 0.012769 0.023529
7 0.416600 0.284874 0.007981 0.021849
5 0.635674 0.489076 0.026337 0.023529
6 0.288508 0.611765 0.047087 0.033613
6 0.433360 0.274790 0.020750 0.082353
6 0.639266 0.515966 0.035116 0.036975
6 0.697127 0.600000 0.037510 0.040336
6 0.650040 0.576471 0.039106 0.040336
6 0.482442 0.878992 0.024741 0.084034
6 0.435355 0.873950 0.018356 0.077311
4 0.547486 0.397479 0.011173 0.048739
4 0.430168 0.221008 0.009577 0.042017
4 0.045092 0.607563 0.029529 0.035294
3 0.879888 0.624370 0.085395 0.055462
2 0.535914 0.678151 0.050279 0.297479
0 0.857941 0.547059 0.075020 0.055462
6 0.730247 0.532773 0.038308 0.040336
0 0.138867 0.602521 0.067039 0.048739
