7 0.876700 0.601200 0.019800 0.023700
7 0.824600 0.563800 0.014800 0.026200
7 0.175200 0.769400 0.013900 0.020700
7 0.814300 0.460100 0.014900 0.027200
7 0.489100 0.737400 0.012700 0.025500
7 0.792700 0.424400 0.014700 0.022200
7 0.840700 0.617900 0.015000 0.022200
7 0.562800 0.734500 0.013600 0.025200
7 0.560600 0.711600 0.011300 0.021300
7 0.036900 0.752600 0.011400 0.016600
7 0.456800 0.363900 0.013100 0.029800
6 0.865500 0.431500 0.047300 0.044200
6 0.890300 0.646000 0.044300 0.047500
5 0.493100 0.629000 0.015400 0.057500
3 0.068200 0.697400 0.091600 0.055700
1 0.235700 0.535900 0.062400 0.055600
0 0.042200 0.532100 0.074500 0.052300
0 0.531400 0.417800 0.039000 0.111000
0 0.476100 0.387600 0.028300 0.124100
0 0.235800 0.532600 0.063600 0.052300
5 0.701915 0.426966 0.007183 0.041734
5 0.692338 0.426164 0.005587 0.033708
5 0.685156 0.425361 0.007183 0.032103
5 0.676377 0.426966 0.007183 0.035313
5 0.666800 0.428571 0.008779 0.041734
5 0.648444 0.426164 0.007183 0.036918
5 0.638468 0.431782 0.011173 0.032103
5 0.608939 0.421348 0.019154 0.024077
5 0.590583 0.405297 0.020750 0.017657
5 0.553073 0.343499 0.009577 0.044944
6 0.169212 0.709178 0.035431 0.035757
6 0.204032 0.707986 0.037874 0.040524
6 0.980757 0.666865 0.037263 0.039333
6 0.408369 0.651371 0.039707 0.044100
6 0.572999 0.683552 0.037874 0.034565
6 0.620037 0.688319 0.032987 0.032181
4 0.545205 0.119785 0.029933 0.032181
4 0.568418 0.337306 0.020159 0.038141
4 0.597129 0.383790 0.027489 0.023838
7 0.564142 0.386174 0.012828 0.019070
7 0.473122 0.133492 0.011607 0.019070
7 0.452046 0.297974 0.008552 0.021454
7 0.456628 0.141240 0.009163 0.022646
4 0.334148 0.527414 0.024435 0.017878
5 0.325596 0.700834 0.020770 0.021454
7 0.891265 0.688319 0.010996 0.015495
7 0.898290 0.694875 0.012828 0.011919
7 0.549786 0.721097 0.007330 0.011919
7 0.535736 0.747914 0.009774 0.017878
7 0.550397 0.744338 0.007330 0.020262
7 0.804826 0.708582 0.014050 0.020262
7 0.828650 0.692491 0.012828 0.016687
7 0.798412 0.660310 0.012217 0.016687
7 0.789554 0.668057 0.012828 0.017878
7 0.764814 0.469011 0.012217 0.022646
7 0.823458 0.413588 0.010996 0.014303
7 0.322847 0.786651 0.011607 0.016687
7 0.091326 0.953516 0.014050 0.021454
7 0.130727 0.956496 0.012217 0.020262
7 0.664325 0.713349 0.011607 0.020262
7 0.008552 0.578665 0.015883 0.020262
6 0.022297 0.641836 0.042150 0.036949
7 0.340562 0.580453 0.011607 0.016687
7 0.414783 0.486293 0.007330 0.014303
7 0.354001 0.862932 0.009163 0.023838
7 0.446243 0.280691 0.006720 0.017878
6 0.656995 0.495232 0.040929 0.039333
1 0.547885 0.213445 0.031125 0.147899
3 0.160814 0.540336 0.079010 0.055462
6 0.355148 0.660504 0.039904 0.047059
6 0.404629 0.691597 0.038308 0.035294
6 0.455706 0.684034 0.041500 0.036975
6 0.513966 0.677311 0.036712 0.036975
6 0.438148 0.574790 0.036712 0.036975
6 0.735834 0.680672 0.036712 0.030252
6 0.708300 0.609244 0.043895 0.038655
6 0.660415 0.584874 0.043895 0.036975
6 0.614525 0.594118 0.038308 0.035294
6 0.717478 0.492437 0.044693 0.043697
6 0.691141 0.678992 0.043097 0.036975
