4 0.650800 0.503300 0.023500 0.021000
1 0.045400 0.533400 0.062100 0.049400
0 0.939800 0.610400 0.055300 0.039900
0 0.778800 0.538000 0.050500 0.041200
0 0.608700 0.522400 0.048400 0.040400
0 0.509400 0.728500 0.021400 0.079700
0 0.512800 0.948900 0.022100 0.070400
7 0.551875 0.358824 0.013567 0.025210
7 0.553472 0.432773 0.008779 0.018487
7 0.438947 0.687395 0.007981 0.020168
7 0.392658 0.589076 0.007981 0.015126
7 0.406624 0.586555 0.008779 0.013445
7 0.058260 0.557983 0.009577 0.020168
7 0.432961 0.293277 0.005587 0.015126
7 0.433360 0.280672 0.006385 0.013445
4 0.451317 0.959664 0.021548 0.036975
4 0.443735 0.262185 0.007981 0.033613
4 0.443336 0.223529 0.008779 0.036975
4 0.482841 0.278151 0.009577 0.045378
6 0.446927 0.311765 0.015962 0.065546
6 0.470072 0.334454 0.017558 0.053782
6 0.445730 0.757983 0.015164 0.053782
6 0.587789 0.571429 0.029529 0.030252
6 0.709497 0.528571 0.031923 0.031933
6 0.923783 0.549580 0.029529 0.030252
4 0.450918 0.913445 0.019154 0.038655
0 0.448923 0.041176 0.024741 0.078992
0 0.227055 0.550420 0.050279 0.042017
0 0.284517 0.552101 0.048683 0.042017
