7 0.134600 0.789500 0.017100 0.023500
7 0.784300 0.476000 0.014200 0.028400
7 0.197100 0.791600 0.013600 0.021300
7 0.689000 0.733000 0.017700 0.024800
7 0.395600 0.748800 0.012000 0.019400
7 0.543700 0.733600 0.010900 0.024000
7 0.628800 0.737200 0.012900 0.022400
7 0.658200 0.728000 0.013200 0.023400
7 0.561600 0.728200 0.014400 0.022600
6 0.413600 0.593400 0.044100 0.046500
6 0.876500 0.638500 0.052700 0.048100
6 0.520700 0.473400 0.024600 0.070600
4 0.682400 0.555000 0.028000 0.025200
4 0.317000 0.661900 0.027000 0.038200
3 0.068600 0.711700 0.091800 0.056700
0 0.132000 0.632500 0.064800 0.055100
0 0.041500 0.546500 0.074900 0.051400
0 0.477400 0.395200 0.029800 0.124300
0 0.236100 0.544800 0.065700 0.050000
5 0.657223 0.459872 0.021548 0.020867
5 0.704709 0.428571 0.007981 0.044944
5 0.695930 0.430177 0.007981 0.041734
5 0.686353 0.427769 0.007981 0.040128
5 0.678372 0.429374 0.007981 0.040128
5 0.668795 0.429374 0.007981 0.043339
5 0.650838 0.427769 0.007183 0.040128
5 0.641660 0.434992 0.012769 0.032103
5 0.610535 0.427769 0.015962 0.024077
5 0.592977 0.411717 0.025539 0.017657
5 0.555068 0.349117 0.011971 0.046549
5 0.325901 0.712157 0.017715 0.015495
6 0.204337 0.722884 0.038485 0.034565
6 0.169212 0.723480 0.029322 0.035757
6 0.406231 0.701430 0.039096 0.032181
6 0.456323 0.693683 0.041539 0.038141
6 0.515883 0.687723 0.037263 0.038141
6 0.425779 0.657330 0.040318 0.041716
6 0.531460 0.569726 0.037874 0.050060
6 0.603543 0.554827 0.040318 0.063170
6 0.646304 0.571514 0.040318 0.041716
6 0.738852 0.685340 0.039707 0.028605
6 0.576665 0.693683 0.040318 0.038141
6 0.983812 0.669845 0.031155 0.038141
7 0.446549 0.417163 0.006109 0.014303
7 0.448687 0.441597 0.007941 0.017878
7 0.418143 0.497020 0.006720 0.014303
7 0.405925 0.508343 0.007941 0.010727
4 0.335370 0.536949 0.026878 0.017878
4 0.544899 0.125149 0.028100 0.033373
7 0.515577 0.081049 0.013439 0.026222
4 0.569945 0.342670 0.014661 0.039333
4 0.599878 0.389750 0.028100 0.021454
7 0.450214 0.291418 0.009774 0.022646
7 0.553451 0.754470 0.009774 0.023838
7 0.540012 0.755066 0.008552 0.017878
7 0.464569 0.761025 0.009163 0.022646
7 0.904704 0.698451 0.014661 0.019070
7 0.896151 0.676996 0.017104 0.019070
7 0.942883 0.654946 0.015272 0.015495
7 0.930055 0.663886 0.014050 0.016687
7 0.141112 0.464243 0.015883 0.015495
4 0.915089 0.373063 0.026878 0.042908
3 0.161576 0.552443 0.077581 0.056019
7 0.131338 0.971990 0.013439 0.025030
7 0.093158 0.969011 0.011607 0.019070
7 0.456017 0.168057 0.010385 0.016687
7 0.769395 0.464839 0.017715 0.019070
7 0.471668 0.208403 0.012769 0.030252
7 0.575818 0.311765 0.011971 0.021849
1 0.548284 0.219328 0.031923 0.146218
4 0.019952 0.647899 0.035116 0.025210
6 0.357542 0.671429 0.039904 0.042017
6 0.695132 0.685714 0.043097 0.040336
6 0.622905 0.694118 0.034318 0.033613
6 0.866720 0.431092 0.051077 0.035294
