7 0.640400 0.106100 0.026000 0.042200
7 0.167500 0.635500 0.026300 0.031500
6 0.513200 0.825600 0.051100 0.127200
4 0.340700 0.431400 0.046400 0.043800
0 0.039600 0.554700 0.081600 0.088900
7 0.970471 0.401681 0.039904 0.040336
7 0.182761 0.301681 0.023943 0.035294
7 0.148045 0.285714 0.029529 0.036975
6 0.410215 0.894958 0.038308 0.126050
6 0.463687 0.048739 0.035116 0.097479
6 0.749401 0.540336 0.070231 0.062185
6 0.843575 0.444538 0.067039 0.058824
0 0.565044 0.478151 0.106943 0.085714
0 0.939745 0.531092 0.118915 0.090756
