7 0.943600 0.393900 0.026800 0.030500
7 0.337000 0.884500 0.019500 0.048100
4 0.594100 0.568000 0.040700 0.046100
5 0.719914 0.392133 0.011607 0.064362
5 0.746793 0.395113 0.012828 0.065554
5 0.805131 0.389154 0.008552 0.063170
5 0.790776 0.386174 0.007941 0.059595
5 0.775504 0.387962 0.009163 0.053635
5 0.758400 0.408224 0.014050 0.065554
5 0.732437 0.390346 0.010996 0.060787
5 0.707392 0.396901 0.018326 0.057211
5 0.657911 0.377235 0.030544 0.034565
5 0.628894 0.352205 0.034820 0.022646
5 0.570861 0.244338 0.017715 0.061979
6 0.409591 0.775924 0.060476 0.057211
6 0.585522 0.719905 0.070250 0.061979
6 0.601100 0.793206 0.064753 0.058403
6 0.670434 0.805125 0.053146 0.048868
6 0.667074 0.728844 0.065974 0.058403
6 0.750764 0.725268 0.070861 0.060787
6 0.782529 0.805721 0.067196 0.059595
6 0.854001 0.803933 0.069640 0.058403
6 0.835064 0.715733 0.074527 0.048868
6 0.824374 0.646007 0.073916 0.054827
6 0.816432 0.560191 0.076359 0.064362
7 0.750458 0.303933 0.015272 0.019070
6 0.848198 0.395113 0.064142 0.044100
7 0.434026 0.226460 0.018937 0.038141
7 0.348503 0.460667 0.011607 0.015495
7 0.403177 0.141836 0.010996 0.028605
4 0.584606 0.268772 0.030544 0.051251
4 0.621869 0.281883 0.031765 0.034565
4 0.642028 0.317640 0.043983 0.039333
4 0.172877 0.515495 0.043983 0.025030
7 0.450519 0.780691 0.017715 0.038141
7 0.245877 0.915971 0.022602 0.032181
7 0.492975 0.933850 0.017104 0.044100
7 0.536042 0.889154 0.014050 0.035757
7 0.558644 0.887366 0.014050 0.039333
7 0.904093 0.876043 0.017104 0.030989
7 0.950825 0.631704 0.027489 0.042908
7 0.964264 0.587604 0.027489 0.033373
7 0.935247 0.571514 0.028100 0.029797
7 0.909591 0.461859 0.035431 0.027414
7 0.824374 0.336114 0.017715 0.033373
5 0.020770 0.428486 0.041539 0.022646
0 0.565974 0.079261 0.045816 0.158522
0 0.694258 0.563170 0.102016 0.084625
7 0.988029 0.873109 0.015962 0.031933
7 0.708300 0.315126 0.018356 0.031933
6 0.327614 0.652941 0.063049 0.062185
0 0.058260 0.526891 0.108540 0.075630
