7 0.210500 0.629900 0.013700 0.020400
6 0.537900 0.119600 0.021500 0.070300
4 0.471400 0.177100 0.014600 0.051000
1 0.225000 0.590600 0.090700 0.063900
7 0.430168 0.304202 0.012769 0.033613
7 0.583001 0.336975 0.013567 0.028571
7 0.176776 0.630252 0.016760 0.023529
6 0.436951 0.886555 0.019952 0.078992
6 0.497606 0.176471 0.019952 0.077311
6 0.444533 0.273950 0.020750 0.084034
6 0.475658 0.295798 0.028731 0.080672
6 0.505587 0.278151 0.021548 0.068908
6 0.484437 0.405042 0.022346 0.073950
4 0.439745 0.220168 0.012769 0.040336
0 0.138867 0.591597 0.068635 0.053782
4 0.076616 0.585714 0.017558 0.031933
4 0.043895 0.589076 0.031923 0.038655
0 0.539904 0.266387 0.027933 0.122689
3 0.895451 0.654622 0.087789 0.058824
