3 0.504500 0.310500 0.025600 0.107000
1 0.044700 0.545900 0.063600 0.044600
0 0.942100 0.587900 0.054500 0.039600
0 0.605600 0.534500 0.053100 0.044700
0 0.497900 0.160000 0.022100 0.095900
7 0.549880 0.349580 0.014366 0.020168
7 0.546688 0.802521 0.007981 0.021849
7 0.547885 0.658824 0.008779 0.020168
7 0.558659 0.599160 0.007981 0.021849
7 0.583799 0.449580 0.008779 0.018487
7 0.429370 0.573109 0.011173 0.020168
7 0.433360 0.379832 0.006385 0.020168
4 0.454509 0.911765 0.021548 0.035294
4 0.455307 0.955462 0.021548 0.031933
4 0.439346 0.219328 0.008779 0.038655
4 0.440543 0.258824 0.007981 0.036975
0 0.443336 0.037815 0.023144 0.075630
0 0.484836 0.043697 0.023144 0.084034
0 0.285315 0.555462 0.048683 0.042017
0 0.864326 0.578151 0.047885 0.043697
5 0.554669 0.485714 0.019154 0.020168
6 0.444533 0.306723 0.015962 0.065546
6 0.066241 0.474790 0.036712 0.031933
6 0.454509 0.694118 0.019952 0.053782
6 0.448125 0.757143 0.015164 0.055462
0 0.227454 0.555462 0.049481 0.038655
