5 0.515700 0.325700 0.010000 0.043500
4 0.515800 0.325500 0.010400 0.042900
0 0.940800 0.588000 0.053900 0.039600
0 0.444800 0.040300 0.022300 0.081100
0 0.507500 0.055600 0.020200 0.076400
7 0.551476 0.352941 0.012769 0.023529
7 0.549880 0.705882 0.009577 0.020168
7 0.594174 0.453782 0.010375 0.013445
7 0.551077 0.944538 0.007183 0.026891
7 0.703911 0.599160 0.012769 0.015126
7 0.747406 0.596639 0.010375 0.013445
7 0.438148 0.590756 0.007981 0.015126
7 0.378292 0.594958 0.007981 0.013445
4 0.458500 0.912605 0.018356 0.040336
4 0.458899 0.957143 0.019154 0.035294
4 0.440942 0.225210 0.008779 0.040336
4 0.442139 0.261345 0.007981 0.038655
4 0.320431 0.517647 0.023144 0.020168
0 0.229848 0.557143 0.049481 0.038655
0 0.881484 0.582353 0.047087 0.042017
1 0.511173 0.196639 0.023144 0.104202
0 0.288109 0.557983 0.047885 0.040336
3 0.677175 0.570588 0.058260 0.042017
6 0.445730 0.310084 0.016760 0.065546
6 0.456105 0.694118 0.018356 0.053782
6 0.450519 0.757983 0.015164 0.053782
0 0.460894 0.505042 0.050279 0.038655
6 0.801676 0.496639 0.029529 0.025210
1 0.708300 0.516807 0.058260 0.042017
1 0.050279 0.549580 0.063847 0.047059
