7 0.426200 0.948900 0.011400 0.023300
7 0.182300 0.621000 0.021500 0.031700
0 0.635800 0.531800 0.074400 0.056500
0 0.475800 0.177000 0.027200 0.112900
5 0.446927 0.389076 0.014366 0.042017
7 0.573424 0.324370 0.015164 0.033613
7 0.416999 0.260504 0.007183 0.026891
7 0.425379 0.728571 0.007981 0.021849
6 0.915403 0.563866 0.044693 0.042017
6 0.529529 0.693277 0.034318 0.078992
7 0.579808 0.731092 0.011971 0.026891
6 0.484836 0.912605 0.024741 0.080672
6 0.437350 0.878992 0.020750 0.077311
6 0.434557 0.270588 0.019952 0.087395
6 0.468476 0.524370 0.044693 0.043697
6 0.390662 0.514286 0.040702 0.043697
5 0.341979 0.486555 0.024741 0.018487
4 0.431365 0.213445 0.010375 0.040336
4 0.038707 0.605882 0.027933 0.035294
3 0.890263 0.621008 0.086991 0.055462
6 0.287709 0.610084 0.047087 0.033613
1 0.817638 0.542857 0.079010 0.057143
0 0.135275 0.601681 0.067837 0.050420
