6 0.477500 0.129800 0.016600 0.054000
1 0.046700 0.533500 0.060600 0.050600
0 0.286600 0.551200 0.049100 0.037800
0 0.941700 0.605700 0.054600 0.039100
0 0.578100 0.526500 0.049300 0.038000
0 0.833800 0.534800 0.054800 0.044700
0 0.484000 0.237200 0.023700 0.092200
0 0.519000 0.206200 0.021100 0.093700
0 0.520300 0.350500 0.018800 0.076300
0 0.450300 0.040000 0.023100 0.075300
0 0.508400 0.788000 0.020200 0.076800
7 0.553073 0.353782 0.015962 0.021849
7 0.581006 0.453782 0.011173 0.016807
7 0.668396 0.611765 0.010375 0.020168
7 0.436951 0.794958 0.007183 0.016807
7 0.069832 0.421008 0.008779 0.021849
7 0.435754 0.016807 0.007981 0.013445
7 0.434557 0.030252 0.007183 0.016807
4 0.451716 0.911765 0.020750 0.035294
4 0.452115 0.958824 0.021548 0.031933
4 0.444533 0.258824 0.009577 0.036975
4 0.444134 0.220168 0.008779 0.040336
0 0.490024 0.043697 0.022346 0.084034
4 0.486832 0.372269 0.011173 0.045378
4 0.384278 0.485714 0.023144 0.020168
6 0.447725 0.309244 0.015962 0.067227
6 0.470870 0.351261 0.015962 0.053782
6 0.650040 0.535294 0.027933 0.031933
6 0.458500 0.514286 0.031125 0.030252
6 0.447326 0.757983 0.015164 0.057143
6 0.484038 0.857983 0.018356 0.055462
0 0.227454 0.547899 0.049481 0.040336
