6 0.536712 0.698319 0.031125 0.035294
7 0.976856 0.356303 0.011173 0.026891
7 0.669992 0.447059 0.011971 0.020168
7 0.407422 0.942857 0.007183 0.016807
7 0.415004 0.947059 0.007981 0.015126
7 0.798883 0.631933 0.012769 0.016807
7 0.803671 0.626891 0.007981 0.020168
6 0.468875 0.810924 0.018356 0.062185
6 0.467279 0.897479 0.018356 0.063866
5 0.959697 0.319328 0.010375 0.030252
6 0.735834 0.426050 0.038308 0.031933
6 0.495211 0.334454 0.019952 0.060504
0 0.500399 0.457143 0.051077 0.043697
0 0.649641 0.488235 0.051077 0.042017
