0 0.938100 0.610300 0.054600 0.039300
0 0.286900 0.551400 0.049000 0.037700
0 0.608400 0.522000 0.049400 0.038900
7 0.549481 0.378992 0.010375 0.015126
7 0.551875 0.357143 0.013567 0.025210
7 0.439346 0.952941 0.005587 0.026891
7 0.253392 0.576471 0.010375 0.013445
4 0.451317 0.911765 0.019952 0.038655
4 0.451716 0.957143 0.020750 0.035294
4 0.444533 0.225210 0.009577 0.036975
4 0.444932 0.262185 0.008779 0.033613
6 0.446528 0.757983 0.015164 0.053782
6 0.586991 0.571429 0.032721 0.030252
6 0.448125 0.310924 0.016760 0.063866
0 0.449721 0.039496 0.023144 0.078992
4 0.715483 0.520168 0.023144 0.021849
1 0.048284 0.531933 0.063049 0.048739
0 0.228651 0.549580 0.050279 0.040336
