7 0.816300 0.871100 0.022900 0.039800
7 0.987100 0.394000 0.024200 0.032800
7 0.700400 0.860500 0.021900 0.037800
4 0.440500 0.643800 0.041800 0.041600
0 0.061300 0.516700 0.114500 0.083600
5 0.730299 0.379023 0.010385 0.061979
5 0.815211 0.379023 0.009163 0.066746
5 0.799633 0.378427 0.009774 0.053635
5 0.786194 0.376639 0.009774 0.054827
5 0.769701 0.399285 0.010996 0.064362
5 0.759621 0.384982 0.011607 0.057211
5 0.741600 0.386174 0.008552 0.061979
5 0.716860 0.390942 0.018937 0.054827
5 0.665852 0.373063 0.029322 0.035757
5 0.635919 0.343862 0.032987 0.025030
5 0.577276 0.237187 0.017104 0.064362
6 0.417227 0.774732 0.059866 0.057211
6 0.609652 0.790226 0.065974 0.059595
6 0.770922 0.790822 0.065974 0.087008
6 0.860110 0.799166 0.075748 0.065554
6 0.834148 0.668653 0.077581 0.061979
6 0.860415 0.386174 0.064142 0.050060
4 0.591631 0.262217 0.031155 0.059595
4 0.629505 0.272944 0.039707 0.045292
4 0.648137 0.309297 0.046426 0.032181
4 0.176542 0.511919 0.041539 0.034565
7 0.542761 0.886174 0.012828 0.029797
7 0.566280 0.886770 0.015883 0.042908
7 0.942883 0.628725 0.028711 0.032181
7 0.957239 0.593564 0.031765 0.033373
7 0.961515 0.495232 0.028100 0.022646
7 0.947465 0.461263 0.023213 0.028605
7 0.923946 0.451132 0.032376 0.025030
7 0.840257 0.336114 0.016494 0.028605
7 0.918754 0.877831 0.018326 0.046484
5 0.022602 0.424315 0.043983 0.026222
7 0.183873 0.676996 0.021991 0.042908
7 0.354918 0.455304 0.010996 0.014303
7 0.719872 0.300840 0.014366 0.026891
0 0.571828 0.073950 0.048683 0.144538
6 0.678372 0.799160 0.057462 0.058824
