7 0.526900 0.127500 0.010600 0.026100
7 0.597600 0.362400 0.014200 0.024000
7 0.532000 0.755100 0.014100 0.020000
7 0.201600 0.808300 0.014700 0.018800
7 0.881100 0.631700 0.015400 0.025300
7 0.726100 0.465700 0.013800 0.023600
7 0.819000 0.438900 0.014000 0.019500
7 0.718200 0.674300 0.012500 0.021300
7 0.782400 0.694500 0.015200 0.024800
7 0.757100 0.743100 0.012200 0.024100
6 0.905600 0.470500 0.052500 0.055200
6 0.916600 0.600300 0.052900 0.042500
6 0.413600 0.665900 0.042600 0.053700
6 0.833000 0.607400 0.048700 0.052800
5 0.681500 0.591600 0.027600 0.021800
4 0.816700 0.519000 0.030100 0.026900
0 0.133900 0.648200 0.074000 0.055400
0 0.514800 0.294100 0.032100 0.123900
0 0.050500 0.567400 0.073800 0.050000
0 0.482700 0.413700 0.029300 0.128700
0 0.243100 0.563900 0.066300 0.051100
5 0.723464 0.438202 0.008779 0.038523
5 0.708699 0.441413 0.006385 0.035313
5 0.699122 0.439807 0.007981 0.035313
5 0.689545 0.439807 0.007981 0.035313
5 0.681165 0.440610 0.008779 0.033708
5 0.671987 0.446228 0.007981 0.035313
5 0.653631 0.447833 0.007981 0.038523
5 0.646049 0.453451 0.010375 0.030498
5 0.614126 0.443820 0.016760 0.024077
5 0.596568 0.428571 0.023144 0.016051
5 0.558659 0.367576 0.009577 0.044944
6 0.080941 0.696067 0.047037 0.035757
6 0.186316 0.698451 0.045205 0.033373
6 0.179597 0.740763 0.031765 0.029797
6 0.215944 0.741955 0.040929 0.032181
6 0.284667 0.722288 0.039096 0.028605
6 0.413867 0.718713 0.038485 0.038141
6 0.463042 0.709774 0.045205 0.036949
6 0.521686 0.702622 0.037874 0.039333
6 0.581857 0.708582 0.037263 0.034565
6 0.628589 0.712753 0.034209 0.035757
6 0.700367 0.700238 0.043372 0.039333
6 0.743128 0.701430 0.039707 0.029797
6 0.855834 0.664482 0.045205 0.048868
6 0.898900 0.664482 0.045816 0.044100
6 0.929444 0.379619 0.034820 0.065554
1 0.554062 0.237187 0.029322 0.145411
4 0.547954 0.143027 0.025657 0.026222
4 0.574527 0.362336 0.017715 0.038141
4 0.604459 0.406436 0.026268 0.021454
4 0.342089 0.553039 0.025657 0.019070
7 0.409591 0.531585 0.007941 0.016687
7 0.386072 0.561979 0.008552 0.013111
7 0.479841 0.104291 0.007941 0.022646
7 0.469456 0.086412 0.007941 0.020262
7 0.774893 0.463051 0.015272 0.017878
7 0.543983 0.770560 0.010385 0.020262
7 0.559255 0.768176 0.009163 0.022646
7 0.653024 0.693087 0.012217 0.017878
5 0.938302 0.642431 0.026878 0.030989
7 0.967624 0.663290 0.014661 0.020262
5 0.333537 0.727652 0.020770 0.015495
7 0.829566 0.405840 0.013439 0.017878
7 0.766035 0.710369 0.008552 0.021454
5 0.892792 0.414779 0.025046 0.028605
7 0.463348 0.390942 0.010385 0.019070
7 0.152413 0.509535 0.011607 0.013111
3 0.169212 0.572706 0.078192 0.056019
7 0.103238 0.985101 0.013439 0.020262
7 0.141417 0.986293 0.012828 0.025030
7 0.471594 0.736591 0.012217 0.014303
7 0.462431 0.738975 0.008552 0.011919
7 0.350031 0.906436 0.013439 0.015495
7 0.366219 0.892729 0.006720 0.016687
7 0.357666 0.896901 0.007941 0.013111
7 0.940134 0.720501 0.013439 0.013111
7 0.456903 0.213445 0.005587 0.016807
7 0.213089 0.605882 0.012769 0.021849
5 0.213488 0.616807 0.026337 0.020168
6 0.691939 0.643697 0.041500 0.043697
6 0.685555 0.489916 0.044693 0.042017
