7 0.993500 0.614200 0.011200 0.018100
5 0.516300 0.319900 0.009800 0.041900
4 0.516400 0.323000 0.009700 0.043400
0 0.085200 0.480300 0.052300 0.042100
0 0.940300 0.587000 0.053600 0.039000
0 0.445000 0.040700 0.022100 0.081500
0 0.507600 0.090800 0.022000 0.075800
7 0.551077 0.352941 0.011971 0.020168
7 0.547486 0.619328 0.007981 0.018487
7 0.555467 0.828571 0.009577 0.020168
7 0.548683 0.839496 0.007183 0.018487
7 0.715882 0.597479 0.009577 0.018487
7 0.612131 0.452101 0.012769 0.016807
7 0.428571 0.474790 0.009577 0.015126
7 0.440942 0.627731 0.008779 0.018487
4 0.457702 0.911765 0.019952 0.038655
4 0.458101 0.955462 0.020750 0.035294
4 0.440942 0.222689 0.008779 0.035294
4 0.442538 0.262185 0.007183 0.033613
1 0.511572 0.210084 0.022346 0.104202
1 0.051077 0.549580 0.062251 0.047059
0 0.880287 0.582353 0.047885 0.042017
0 0.288508 0.557143 0.048683 0.038655
1 0.707901 0.515966 0.059058 0.040336
3 0.707502 0.571429 0.058260 0.040336
6 0.445730 0.310084 0.016760 0.065546
6 0.457702 0.694958 0.016760 0.055462
6 0.450918 0.756303 0.015962 0.057143
6 0.801277 0.497479 0.030327 0.026891
6 0.870710 0.539496 0.030327 0.030252
0 0.230646 0.557983 0.049481 0.036975
