1 0.205200 0.612800 0.091700 0.065300
0 0.614500 0.551700 0.069700 0.054600
0 0.304600 0.609500 0.071700 0.055900
3 0.884677 0.628571 0.088587 0.053782
4 0.416999 0.219328 0.010375 0.042017
4 0.051476 0.618487 0.023144 0.030252
4 0.018356 0.626891 0.036712 0.043697
6 0.921788 0.545378 0.043097 0.038655
6 0.978851 0.644538 0.037510 0.048739
6 0.682761 0.600840 0.045491 0.048739
6 0.484437 0.521008 0.039904 0.043697
6 0.427773 0.136134 0.027135 0.087395
6 0.421389 0.279832 0.020750 0.089076
6 0.320830 0.521008 0.044693 0.040336
6 0.426576 0.900000 0.023144 0.075630
7 0.563049 0.329412 0.013567 0.030252
7 0.405427 0.257983 0.011173 0.025210
0 0.117318 0.621849 0.070231 0.050420
