7 0.577000 0.467200 0.017200 0.026500
7 0.144200 0.519500 0.015300 0.022700
7 0.674400 0.490400 0.015300 0.018400
7 0.175900 0.811500 0.015000 0.022800
7 0.778400 0.488100 0.016900 0.024700
7 0.614300 0.758200 0.013300 0.022900
7 0.608300 0.683700 0.013600 0.027600
7 0.595900 0.748600 0.012200 0.023100
7 0.463400 0.742800 0.010500 0.021000
7 0.745400 0.735300 0.013500 0.019800
7 0.374600 0.743900 0.009200 0.023500
7 0.795800 0.441800 0.015400 0.018300
7 0.742300 0.752200 0.013800 0.022700
7 0.463400 0.408400 0.012600 0.023400
7 0.698400 0.472600 0.012800 0.021200
6 0.318300 0.617400 0.038300 0.039900
6 0.878500 0.530500 0.050700 0.055400
6 0.246200 0.625700 0.045600 0.039500
6 0.209300 0.693100 0.043500 0.040400
6 0.530000 0.345000 0.028900 0.063300
0 0.527800 0.616700 0.069500 0.056700
0 0.711000 0.585600 0.069600 0.058400
0 0.045000 0.570300 0.075300 0.048200
0 0.483600 0.413300 0.031000 0.127600
5 0.728651 0.440610 0.007981 0.036918
5 0.712690 0.444623 0.009577 0.041734
5 0.703512 0.443820 0.008779 0.030498
5 0.695132 0.443018 0.007981 0.032103
5 0.687550 0.448636 0.007183 0.036918
5 0.677574 0.449438 0.009577 0.038523
5 0.658819 0.447833 0.008779 0.038523
5 0.649242 0.455056 0.010375 0.030498
5 0.619713 0.443018 0.016760 0.022472
5 0.598563 0.429374 0.022346 0.014446
5 0.561453 0.367576 0.011971 0.044944
6 0.176542 0.749106 0.031765 0.034565
6 0.210751 0.749702 0.042761 0.038141
6 0.282224 0.734207 0.042761 0.035757
6 0.372633 0.666269 0.037874 0.033373
6 0.371717 0.716329 0.038485 0.042908
6 0.413561 0.725268 0.037874 0.041716
6 0.463042 0.716329 0.043983 0.033373
6 0.523824 0.708582 0.037263 0.044100
6 0.584301 0.714541 0.036042 0.036949
6 0.862553 0.671633 0.046426 0.051251
6 0.907758 0.669845 0.042761 0.052443
6 0.938607 0.382598 0.037263 0.073897
6 0.507025 0.211561 0.024435 0.075089
6 0.982590 0.424911 0.031155 0.077473
1 0.556811 0.235995 0.031155 0.152563
5 0.405620 0.566150 0.021991 0.019070
7 0.550092 0.107271 0.011607 0.021454
4 0.550703 0.138260 0.027489 0.028605
4 0.605987 0.407628 0.029322 0.023838
4 0.578192 0.361144 0.020159 0.038141
4 0.342395 0.554231 0.029933 0.023838
7 0.473732 0.741359 0.010385 0.016687
7 0.547343 0.781287 0.010996 0.017878
7 0.561087 0.775924 0.009163 0.026222
7 0.551008 0.756257 0.009774 0.025030
5 0.947465 0.657926 0.030544 0.014303
7 0.954184 0.643623 0.018326 0.019070
7 0.973427 0.679976 0.012828 0.017878
5 0.330483 0.734207 0.019548 0.014303
5 0.906842 0.432062 0.032376 0.025030
7 0.263592 0.514899 0.017715 0.019070
7 0.355834 0.909416 0.007941 0.016687
7 0.365302 0.902265 0.009774 0.016687
5 0.863164 0.707986 0.023213 0.030989
7 0.875382 0.697855 0.013439 0.020262
7 0.895541 0.714541 0.015883 0.020262
7 0.796579 0.639452 0.010996 0.017878
7 0.804826 0.629321 0.012828 0.016687
7 0.457702 0.210924 0.007183 0.015126
7 0.448923 0.510084 0.011971 0.021849
7 0.443735 0.485714 0.011173 0.020168
3 0.165603 0.573950 0.079010 0.055462
0 0.238228 0.566387 0.066241 0.047059
7 0.409417 0.558824 0.009577 0.018487
7 0.099362 0.992437 0.008779 0.011765
7 0.135275 0.990756 0.011971 0.011765
6 0.704310 0.708403 0.045491 0.035294
6 0.747007 0.705882 0.043097 0.030252
6 0.631285 0.715966 0.033520 0.036975
7 0.905826 0.698319 0.012769 0.018487
