6 0.877600 0.540100 0.031300 0.029000
6 0.472900 0.147400 0.015500 0.054900
1 0.039100 0.566400 0.063400 0.047300
1 0.619000 0.529800 0.059200 0.046200
0 0.282800 0.577700 0.051100 0.037800
0 0.947900 0.615300 0.055400 0.039700
0 0.224000 0.577600 0.051900 0.041100
0 0.516000 0.237300 0.020900 0.092600
0 0.517800 0.368600 0.018900 0.079200
0 0.480600 0.254300 0.024100 0.091100
7 0.550678 0.371429 0.014366 0.026891
7 0.581804 0.471429 0.009577 0.015126
7 0.749401 0.294118 0.011173 0.016807
7 0.674781 0.618487 0.010375 0.023529
7 0.433759 0.617647 0.008779 0.015126
4 0.453711 0.942017 0.019952 0.038655
4 0.454908 0.984874 0.020750 0.026891
4 0.440144 0.240336 0.008779 0.036975
4 0.440942 0.278992 0.008779 0.033613
4 0.524342 0.142017 0.009577 0.045378
0 0.443735 0.047899 0.023943 0.095798
6 0.454110 0.716807 0.019154 0.055462
6 0.447725 0.783193 0.015962 0.057143
6 0.515164 0.084034 0.019952 0.053782
6 0.505188 0.134454 0.015962 0.050420
6 0.444533 0.328571 0.015962 0.068908
6 0.468077 0.372269 0.016760 0.052101
4 0.482841 0.393277 0.009577 0.047059
0 0.485634 0.058824 0.021548 0.087395
