6 0.535914 0.700000 0.029529 0.031933
7 0.583400 0.285714 0.011173 0.023529
7 0.960096 0.352101 0.011173 0.021849
7 0.938947 0.920168 0.007183 0.015126
7 0.945331 0.923529 0.010375 0.018487
7 0.033520 0.272269 0.011173 0.016807
7 0.410615 0.942017 0.008779 0.018487
7 0.419393 0.942017 0.008779 0.015126
6 0.471269 0.810084 0.018356 0.057143
6 0.469673 0.893277 0.018356 0.062185
6 0.980048 0.419328 0.036712 0.031933
1 0.434158 0.489916 0.055866 0.042017
5 0.943735 0.313445 0.010375 0.038655
6 0.779330 0.593277 0.032721 0.033613
