5 0.492300 0.496200 0.027300 0.018300
4 0.491100 0.496600 0.027100 0.019300
0 0.287600 0.554600 0.050400 0.036900
0 0.834900 0.525600 0.054200 0.043600
0 0.946900 0.590200 0.054400 0.040200
0 0.525400 0.311000 0.023500 0.097600
0 0.886400 0.583800 0.050600 0.045100
0 0.487000 0.163100 0.019200 0.083900
7 0.037510 0.561345 0.009577 0.016807
7 0.553073 0.348739 0.012769 0.021849
7 0.553871 0.424370 0.009577 0.018487
7 0.716680 0.594118 0.011173 0.015126
4 0.458899 0.912605 0.019154 0.040336
4 0.458899 0.959664 0.019154 0.033613
4 0.444134 0.255462 0.008779 0.033613
4 0.442937 0.218487 0.007981 0.043697
4 0.445730 0.181513 0.010375 0.043697
6 0.448125 0.304202 0.016760 0.063866
6 0.485235 0.347899 0.017558 0.057143
6 0.725858 0.505042 0.029529 0.028571
6 0.417797 0.485714 0.029529 0.030252
6 0.458500 0.692437 0.016760 0.057143
6 0.451716 0.757143 0.014366 0.055462
4 0.483240 0.253782 0.008779 0.036975
3 0.728252 0.573109 0.059856 0.043697
1 0.024342 0.479832 0.048683 0.042017
1 0.250998 0.489916 0.056664 0.045378
1 0.047087 0.542017 0.063847 0.048739
1 0.592578 0.519328 0.064645 0.043697
0 0.447326 0.036134 0.023144 0.072269
0 0.481644 0.062185 0.021548 0.084034
0 0.514366 0.180672 0.023144 0.092437
3 0.519154 0.060504 0.024741 0.117647
0 0.229050 0.552101 0.051077 0.038655
