7 0.427100 0.766900 0.010500 0.019700
7 0.087800 0.601300 0.021300 0.022700
5 0.447500 0.399300 0.015300 0.040600
1 0.521600 0.703500 0.053300 0.128000
0 0.251500 0.534300 0.073200 0.054700
0 0.475700 0.189500 0.026000 0.113000
7 0.572227 0.333613 0.015962 0.031933
6 0.438947 0.874790 0.020750 0.075630
6 0.610136 0.590756 0.040702 0.052101
6 0.436153 0.279832 0.019952 0.082353
6 0.065044 0.524370 0.051875 0.043697
5 0.038707 0.481513 0.027933 0.025210
4 0.431764 0.221849 0.009577 0.036975
4 0.049481 0.605042 0.030327 0.036975
6 0.290902 0.611765 0.045491 0.033613
3 0.512769 0.208403 0.031125 0.134454
3 0.880287 0.623529 0.084597 0.053782
0 0.143655 0.602521 0.067039 0.048739
