7 0.353200 0.502900 0.019400 0.029000
7 0.644200 0.557800 0.021800 0.033900
7 0.533900 0.466800 0.016500 0.031800
7 0.519900 0.458000 0.015800 0.031300
7 0.475400 0.978600 0.015000 0.040600
7 0.559700 0.868300 0.016900 0.033400
7 0.402900 0.873200 0.024500 0.033200
4 0.403700 0.680800 0.041400 0.042000
4 0.174500 0.519700 0.041000 0.028000
0 0.572400 0.083800 0.051400 0.161900
0 0.447100 0.207100 0.047100 0.203700
0 0.059900 0.526900 0.111800 0.084700
5 0.813378 0.398689 0.010385 0.067938
5 0.795968 0.400477 0.009774 0.054827
5 0.781613 0.399285 0.010385 0.059595
5 0.766035 0.424911 0.012217 0.060787
5 0.754429 0.404648 0.012217 0.060787
5 0.737630 0.404052 0.009163 0.061979
5 0.726940 0.396901 0.009774 0.061979
5 0.712279 0.410608 0.014661 0.058403
5 0.663409 0.390346 0.028100 0.032181
5 0.632560 0.363528 0.032376 0.021454
5 0.576665 0.250298 0.015883 0.054827
6 0.855834 0.823600 0.074527 0.064362
6 0.870189 0.699046 0.073916 0.053635
6 0.960293 0.630513 0.078192 0.066746
6 0.937691 0.436830 0.076970 0.041716
7 0.961515 0.328367 0.023213 0.025030
7 0.769395 0.861740 0.023824 0.028605
7 0.860415 0.882598 0.027489 0.036949
7 0.913867 0.481526 0.030544 0.023838
4 0.589493 0.279499 0.034209 0.051251
4 0.629200 0.291418 0.039096 0.039333
4 0.646610 0.327771 0.045816 0.042908
7 0.536347 0.901669 0.013439 0.032181
7 0.558338 0.902861 0.013439 0.036949
5 0.023519 0.430274 0.044594 0.023838
7 0.910812 0.901669 0.014661 0.036949
7 0.715084 0.316807 0.019154 0.031933
6 0.674381 0.820168 0.054270 0.050420
6 0.601756 0.808403 0.065443 0.060504
