4 0.665900 0.546800 0.028300 0.021300
3 0.504600 0.262300 0.025300 0.109000
1 0.611400 0.509900 0.063100 0.043100
0 0.943700 0.591700 0.055000 0.038900
0 0.739100 0.516900 0.050900 0.040800
7 0.551077 0.351261 0.015164 0.023529
7 0.582203 0.452101 0.010375 0.020168
7 0.741022 0.275630 0.010375 0.016807
7 0.873504 0.610084 0.013567 0.020168
7 0.124102 0.438655 0.011971 0.020168
7 0.428970 0.059664 0.008779 0.025210
7 0.424182 0.108403 0.008779 0.015126
4 0.454509 0.914286 0.021548 0.036975
4 0.454509 0.960504 0.023144 0.028571
4 0.441341 0.259664 0.009577 0.038655
4 0.440144 0.220168 0.008779 0.036975
0 0.444134 0.037815 0.023144 0.075630
0 0.227055 0.557143 0.050279 0.038655
0 0.285315 0.556303 0.048683 0.036975
4 0.363528 0.519328 0.019952 0.020168
6 0.444932 0.310924 0.016760 0.063866
6 0.489625 0.854622 0.018356 0.058824
6 0.455706 0.699160 0.019154 0.063866
6 0.449322 0.759664 0.015962 0.057143
6 0.456504 0.590756 0.019154 0.055462
6 0.589785 0.559664 0.030327 0.033613
6 0.625698 0.562185 0.030327 0.028571
6 0.677175 0.494958 0.032721 0.031933
6 0.712291 0.557143 0.032721 0.031933
6 0.824820 0.561345 0.034318 0.030252
6 0.958899 0.549580 0.032721 0.030252
5 0.800479 0.496639 0.012769 0.018487
1 0.044294 0.546218 0.063049 0.047059
