0 0.474300 0.221700 0.028200 0.113000
0 0.473800 0.056500 0.025100 0.098400
0 0.510400 0.038700 0.024800 0.077100
5 0.420192 0.171429 0.011971 0.047059
7 0.559058 0.115126 0.008779 0.028571
7 0.551476 0.107563 0.009577 0.026891
7 0.569832 0.324370 0.017558 0.030252
7 0.364725 0.468908 0.011173 0.026891
7 0.324820 0.503361 0.011173 0.021849
6 0.697526 0.512605 0.038308 0.036975
6 0.430966 0.267227 0.020750 0.084034
6 0.432163 0.871429 0.021548 0.075630
6 0.288508 0.603361 0.043895 0.036975
4 0.537111 0.061345 0.011173 0.055462
4 0.426576 0.210924 0.010375 0.042017
4 0.039505 0.596639 0.029529 0.040336
3 0.881484 0.618487 0.085395 0.057143
2 0.523943 0.252101 0.050279 0.289076
0 0.133679 0.594958 0.067837 0.050420
