7 0.634100 0.123000 0.031300 0.043400
6 0.767000 0.555700 0.064100 0.059600
6 0.692400 0.557200 0.072500 0.062000
5 0.639000 0.396500 0.035000 0.039400
4 0.466700 0.451100 0.019800 0.082500
0 0.039000 0.569300 0.081800 0.089400
6 0.394254 0.047059 0.036712 0.090756
7 0.359537 0.315966 0.013567 0.030252
7 0.357941 0.364706 0.018356 0.040336
7 0.187949 0.644538 0.024741 0.025210
6 0.407821 0.908403 0.038308 0.129412
0 0.559457 0.285714 0.047885 0.221849
0 0.504789 0.626050 0.045491 0.193277
6 0.844374 0.524370 0.083001 0.057143
6 0.735036 0.468067 0.071828 0.065546
