6 0.534318 0.705042 0.029529 0.035294
7 0.643256 0.374790 0.006385 0.020168
7 0.972466 0.347059 0.010375 0.018487
7 0.160016 0.661345 0.011971 0.018487
7 0.966081 0.364706 0.008779 0.023529
7 0.822027 0.741176 0.011173 0.020168
7 0.931764 0.847899 0.013567 0.015126
7 0.405826 0.949580 0.010375 0.020168
7 0.770152 0.663866 0.007981 0.013445
7 0.776935 0.662185 0.008779 0.016807
6 0.467678 0.815966 0.017558 0.058824
6 0.466081 0.902521 0.017558 0.063866
6 0.984038 0.431092 0.028731 0.031933
0 0.240623 0.562185 0.047087 0.038655
5 0.949721 0.326891 0.007981 0.028571
6 0.781724 0.603361 0.032721 0.030252
6 0.343974 0.473109 0.035116 0.031933
2 0.469673 0.478151 0.110934 0.058824
