0 0.473000 0.199600 0.028800 0.111700
0 0.473100 0.055700 0.025800 0.095900
0 0.509900 0.038200 0.024700 0.074600
5 0.419393 0.172269 0.010375 0.038655
0 0.134078 0.591597 0.068635 0.050420
2 0.523543 0.252941 0.049481 0.290756
3 0.879090 0.615966 0.083799 0.055462
4 0.535515 0.065546 0.012769 0.053782
4 0.426576 0.209244 0.010375 0.042017
4 0.039106 0.594118 0.030327 0.038655
6 0.430168 0.267227 0.020750 0.084034
6 0.432163 0.868067 0.021548 0.075630
6 0.452913 0.563025 0.042298 0.043697
7 0.446129 0.883193 0.012769 0.028571
7 0.569034 0.321008 0.015962 0.033613
7 0.553073 0.384874 0.009577 0.020168
7 0.565443 0.405042 0.008779 0.020168
