6 0.521300 0.612100 0.027300 0.052300
1 0.800600 0.520400 0.054900 0.045900
0 0.288600 0.552400 0.049600 0.037300
0 0.525100 0.311800 0.023100 0.096800
0 0.942200 0.588000 0.054500 0.040800
0 0.486700 0.164500 0.019000 0.082400
0 0.481700 0.066300 0.019300 0.085500
7 0.552674 0.349580 0.011971 0.020168
7 0.689545 0.553782 0.007981 0.025210
7 0.834796 0.603361 0.011173 0.013445
7 0.444134 0.852941 0.005587 0.015126
7 0.130088 0.568908 0.011173 0.015126
4 0.457302 0.909244 0.019154 0.036975
4 0.458899 0.953782 0.019154 0.035294
4 0.444932 0.257143 0.008779 0.033613
4 0.443735 0.220168 0.007981 0.040336
4 0.446129 0.182353 0.009577 0.045378
4 0.885076 0.509244 0.025539 0.023529
6 0.988428 0.521008 0.018356 0.030252
6 0.855946 0.503361 0.029529 0.031933
6 0.485235 0.348739 0.017558 0.055462
6 0.448125 0.305882 0.016760 0.063866
6 0.527135 0.489916 0.029529 0.028571
6 0.569034 0.556303 0.028731 0.040336
6 0.458500 0.690756 0.016760 0.053782
6 0.450918 0.752941 0.015962 0.053782
4 0.482841 0.259664 0.009577 0.038655
3 0.726257 0.571429 0.059058 0.043697
3 0.518755 0.063025 0.023943 0.115966
1 0.944134 0.531933 0.063847 0.042017
1 0.704310 0.513445 0.056664 0.042017
1 0.598962 0.508403 0.048683 0.038655
0 0.447725 0.037815 0.022346 0.075630
0 0.514366 0.184034 0.023144 0.092437
0 0.883081 0.584034 0.048683 0.042017
0 0.231045 0.552101 0.048683 0.038655
1 0.050678 0.540336 0.063049 0.045378
