6 0.486700 0.237000 0.023900 0.073400
4 0.526500 0.966100 0.016100 0.054600
0 0.498100 0.615700 0.031000 0.116600
0 0.509100 0.820000 0.027800 0.109200
5 0.421788 0.171429 0.010375 0.043697
7 0.412610 0.202521 0.007981 0.028571
7 0.569832 0.317647 0.014366 0.026891
7 0.570630 0.878151 0.011173 0.028571
6 0.431365 0.866387 0.019952 0.075630
6 0.642059 0.510924 0.039106 0.043697
4 0.426576 0.207563 0.010375 0.042017
6 0.430567 0.263866 0.021548 0.080672
1 0.482043 0.081513 0.031923 0.139496
0 0.133280 0.590756 0.067039 0.048739
3 0.880287 0.615126 0.086193 0.057143
4 0.071429 0.564706 0.029529 0.026891
4 0.037510 0.592437 0.031923 0.042017
