7 0.055900 0.839700 0.021500 0.024400
7 0.885000 0.427600 0.018300 0.020100
7 0.920000 0.421700 0.020600 0.022000
7 0.684100 0.759300 0.016200 0.023900
7 0.107800 0.804200 0.017900 0.021000
7 0.436000 0.772400 0.010100 0.022900
7 0.877800 0.710000 0.017900 0.024900
7 0.457800 0.317200 0.016100 0.024300
7 0.787500 0.464700 0.015600 0.020200
7 0.359500 0.559900 0.012700 0.023300
7 0.285300 0.759700 0.011300 0.021300
7 0.769400 0.725000 0.015500 0.023100
7 0.807900 0.574000 0.018000 0.020500
7 0.663600 0.764200 0.013600 0.020900
7 0.462100 0.284000 0.013200 0.020900
7 0.563700 0.762200 0.009600 0.022900
7 0.463200 0.745500 0.011100 0.023500
6 0.895100 0.673000 0.046600 0.049600
6 0.088700 0.657600 0.048700 0.045700
6 0.868900 0.458500 0.046200 0.038900
5 0.471800 0.652700 0.026600 0.025900
5 0.915300 0.446800 0.031100 0.026200
1 0.549700 0.245700 0.033100 0.144600
0 0.046600 0.575700 0.076000 0.051100
0 0.239100 0.573400 0.065900 0.049200
0 0.479700 0.422800 0.029000 0.127300
5 0.721069 0.448636 0.010375 0.040128
5 0.705507 0.454254 0.007981 0.038523
5 0.695930 0.454254 0.007981 0.038523
5 0.687949 0.455056 0.007981 0.040128
5 0.679968 0.455859 0.007981 0.041734
5 0.670790 0.457464 0.008779 0.044944
5 0.650040 0.455859 0.007183 0.038523
5 0.642458 0.465490 0.009577 0.032103
5 0.612929 0.454254 0.015962 0.025682
5 0.593775 0.437400 0.022346 0.017657
5 0.555866 0.377207 0.010375 0.041734
6 0.518326 0.713945 0.037263 0.038141
6 0.624618 0.720501 0.033598 0.032181
6 0.739462 0.711561 0.040929 0.028605
6 0.492975 0.163290 0.021991 0.073897
6 0.210141 0.750298 0.039096 0.034565
6 0.175626 0.751490 0.031155 0.032181
6 0.368968 0.728248 0.035431 0.061979
6 0.409896 0.729440 0.040318 0.042908
6 0.280086 0.734207 0.040929 0.038141
6 0.926390 0.387962 0.036042 0.065554
6 0.982896 0.693683 0.030544 0.040524
4 0.546121 0.153159 0.026878 0.025030
4 0.571472 0.372467 0.017715 0.034565
4 0.600794 0.415971 0.027489 0.023838
5 0.518326 0.216329 0.010385 0.053635
7 0.458766 0.228248 0.010996 0.017878
4 0.337508 0.564362 0.026268 0.020262
5 0.330483 0.735995 0.019548 0.013111
7 0.451436 0.473182 0.012217 0.016687
7 0.517410 0.789631 0.010996 0.022646
7 0.541539 0.780691 0.009163 0.014303
7 0.555589 0.779499 0.007941 0.021454
7 0.770006 0.493445 0.015272 0.016687
7 0.460599 0.391538 0.009774 0.017878
7 0.148137 0.520262 0.012828 0.013111
3 0.165852 0.582241 0.077581 0.058403
7 0.361332 0.899285 0.009163 0.017878
7 0.784667 0.538737 0.012828 0.019070
7 0.795968 0.536353 0.012217 0.016687
7 0.808797 0.775924 0.009774 0.019070
7 0.813378 0.479142 0.015272 0.019070
7 0.982285 0.246722 0.014661 0.021454
6 0.459988 0.718713 0.043983 0.040524
0 0.545491 0.042857 0.027933 0.085714
7 0.098164 0.990756 0.012769 0.011765
7 0.136472 0.990756 0.012769 0.011765
6 0.695930 0.712605 0.043097 0.040336
6 0.575818 0.717647 0.042298 0.040336
6 0.645251 0.564706 0.043895 0.043697
3 0.711093 0.601681 0.079808 0.060504
