6 0.537510 0.703361 0.031125 0.035294
7 0.702713 0.626891 0.010375 0.020168
7 0.986034 0.393277 0.016760 0.016807
7 0.980048 0.363866 0.011173 0.021849
7 0.405427 0.949580 0.009577 0.020168
7 0.413807 0.949580 0.010375 0.020168
7 0.800878 0.642857 0.011971 0.015126
7 0.802075 0.632773 0.009577 0.018487
6 0.469274 0.816807 0.017558 0.060504
6 0.466480 0.905042 0.019952 0.065546
5 0.962091 0.329412 0.008779 0.023529
3 0.282123 0.480672 0.063049 0.047059
4 0.498404 0.589916 0.010375 0.047059
5 0.950519 0.670588 0.014366 0.036975
6 0.920990 0.927731 0.028731 0.060504
