4 0.483100 0.487300 0.028400 0.022400
0 0.799000 0.508000 0.048000 0.044900
0 0.502600 0.361400 0.024100 0.101900
6 0.539505 0.705882 0.030327 0.036975
7 0.961293 0.321849 0.016760 0.021849
7 0.979649 0.364706 0.011971 0.026891
7 0.409018 0.951261 0.008779 0.016807
7 0.417797 0.952941 0.008779 0.020168
7 0.802474 0.635294 0.011971 0.013445
7 0.798883 0.642017 0.015962 0.016807
6 0.471668 0.819328 0.017558 0.058824
6 0.469673 0.907563 0.016760 0.060504
6 0.720670 0.595798 0.033520 0.035294
6 0.638867 0.486555 0.034318 0.031933
1 0.403432 0.484034 0.059856 0.043697
