7 0.796800 0.713400 0.016600 0.025200
7 0.182200 0.791700 0.013800 0.022400
7 0.193000 0.801300 0.013900 0.023000
7 0.167500 0.533700 0.015200 0.023800
7 0.477000 0.021700 0.013900 0.031500
7 0.237700 0.508000 0.016400 0.022400
7 0.434400 0.679500 0.012700 0.017000
7 0.461700 0.742500 0.010000 0.019300
7 0.655700 0.729500 0.014400 0.024300
7 0.006800 0.818100 0.013700 0.019500
7 0.766000 0.467400 0.015800 0.024600
7 0.973000 0.653600 0.015500 0.024400
7 0.521100 0.733900 0.011600 0.021300
7 0.564300 0.743500 0.012100 0.019800
7 0.463300 0.378200 0.010300 0.031100
7 0.468000 0.734100 0.012100 0.023200
6 0.296500 0.652900 0.044200 0.046200
6 0.229400 0.669800 0.047600 0.043400
6 0.864000 0.604200 0.048200 0.046700
6 0.699100 0.699100 0.038600 0.040600
4 0.776200 0.618500 0.030400 0.027100
4 0.342500 0.551700 0.029200 0.022600
1 0.920500 0.470000 0.078800 0.084700
1 0.833300 0.525000 0.078100 0.062700
0 0.243200 0.561700 0.065300 0.049700
0 0.050900 0.563300 0.073000 0.047700
0 0.480600 0.413500 0.031400 0.121200
5 0.720831 0.440405 0.010996 0.034565
5 0.704948 0.443385 0.007330 0.035757
5 0.696090 0.442789 0.006720 0.041716
5 0.689982 0.439809 0.006720 0.033373
5 0.680819 0.443981 0.006720 0.036949
5 0.670739 0.446365 0.009774 0.044100
5 0.660049 0.445173 0.009163 0.039333
5 0.652108 0.444577 0.007941 0.040524
5 0.643555 0.454708 0.011607 0.029797
5 0.612095 0.444577 0.013439 0.016687
5 0.594380 0.427890 0.019548 0.014303
5 0.557422 0.361740 0.011607 0.034565
6 0.179291 0.738379 0.031155 0.029797
6 0.213806 0.738379 0.039096 0.032181
6 0.282224 0.719905 0.037874 0.033373
6 0.370800 0.707986 0.039096 0.045292
6 0.410507 0.713349 0.036652 0.034565
6 0.541845 0.691895 0.039096 0.051251
6 0.578497 0.705602 0.037874 0.040524
6 0.624313 0.709774 0.031765 0.032181
6 0.621564 0.668653 0.038485 0.045292
6 0.738852 0.700834 0.038485 0.028605
6 0.907147 0.651967 0.041539 0.050060
6 0.923641 0.384982 0.036652 0.061979
6 0.913561 0.538141 0.049481 0.048868
7 0.796885 0.414184 0.011607 0.017878
4 0.546426 0.143027 0.029933 0.028605
4 0.572694 0.363528 0.017715 0.035757
4 0.601100 0.405244 0.028100 0.028605
7 0.520464 0.774732 0.009774 0.019070
7 0.541845 0.771156 0.008552 0.016687
7 0.556506 0.765197 0.008552 0.021454
7 0.564447 0.761025 0.008552 0.017878
7 0.572999 0.753874 0.008552 0.015495
7 0.575443 0.735399 0.009774 0.016687
7 0.626145 0.727056 0.010996 0.014303
7 0.730605 0.743147 0.013439 0.020262
7 0.877520 0.699642 0.017715 0.023838
5 0.941356 0.652563 0.026878 0.025030
7 0.960599 0.672825 0.015272 0.015495
5 0.462126 0.230036 0.007941 0.045292
5 0.333537 0.722884 0.017104 0.015495
7 0.465486 0.130513 0.008552 0.020262
7 0.419059 0.533969 0.009774 0.016687
7 0.438913 0.466031 0.007941 0.021454
7 0.363164 0.890346 0.007941 0.021454
7 0.598962 0.444577 0.009163 0.016687
7 0.139585 0.981526 0.012828 0.025030
7 0.102321 0.983313 0.010385 0.023838
1 0.550279 0.238655 0.031125 0.147899
6 0.070231 0.692437 0.049481 0.033613
3 0.169194 0.569748 0.078212 0.053782
6 0.460894 0.706723 0.040702 0.035294
7 0.367119 0.728571 0.007981 0.015126
6 0.742618 0.565546 0.045491 0.038655
6 0.983240 0.684034 0.030327 0.033613
6 0.979250 0.327731 0.025539 0.063866
