7 0.974800 0.649200 0.024500 0.026300
7 0.139700 0.818000 0.017200 0.023100
7 0.769700 0.475100 0.018400 0.024000
7 0.150700 0.510700 0.015600 0.023100
7 0.327200 0.582800 0.014300 0.028600
7 0.221300 0.772900 0.012000 0.022200
7 0.797900 0.716500 0.015400 0.022800
7 0.878000 0.694200 0.018500 0.022700
7 0.654300 0.735000 0.012800 0.026200
7 0.372500 0.773100 0.010700 0.018400
7 0.470100 0.043000 0.012800 0.021700
7 0.748800 0.729200 0.012400 0.030100
7 0.672600 0.752300 0.014500 0.028000
7 0.154300 0.783400 0.018200 0.023300
7 0.409200 0.595200 0.016200 0.026800
7 0.367000 0.851800 0.008800 0.018700
6 0.535100 0.394800 0.029100 0.058700
6 0.866500 0.449300 0.048600 0.041900
6 0.542500 0.548600 0.036500 0.074000
6 0.285700 0.725800 0.044200 0.046400
5 0.725100 0.654100 0.031300 0.023900
4 0.593600 0.519700 0.026500 0.034200
4 0.580800 0.587000 0.028100 0.029200
0 0.655400 0.559800 0.065200 0.055200
0 0.241500 0.567100 0.065600 0.049200
0 0.049200 0.572800 0.074100 0.050800
0 0.479900 0.417700 0.029500 0.122200
5 0.719872 0.441413 0.009577 0.041734
5 0.704709 0.449438 0.009577 0.041734
5 0.695531 0.447030 0.007183 0.036918
5 0.686752 0.447030 0.007183 0.036918
5 0.679170 0.445425 0.006385 0.043339
5 0.668795 0.447833 0.009577 0.048154
5 0.651237 0.447833 0.009577 0.038523
5 0.641660 0.457464 0.012769 0.032103
5 0.611732 0.444623 0.016760 0.025682
5 0.593376 0.429374 0.021548 0.014446
5 0.555866 0.367576 0.010375 0.044944
6 0.179291 0.746722 0.031155 0.032181
6 0.213806 0.745530 0.039096 0.032181
6 0.370189 0.720501 0.036652 0.058403
6 0.411118 0.721692 0.037874 0.041716
6 0.462126 0.711561 0.044594 0.040524
6 0.519243 0.705006 0.037874 0.039333
6 0.578803 0.709178 0.038485 0.042908
6 0.625535 0.712753 0.031765 0.035757
6 0.696701 0.702622 0.042150 0.034565
6 0.738241 0.703218 0.040929 0.030989
6 0.798106 0.622169 0.045816 0.040524
6 0.981674 0.682956 0.032987 0.038141
6 0.924863 0.383194 0.034209 0.058403
6 0.508247 0.190703 0.021991 0.073897
1 0.549175 0.238975 0.029322 0.144219
4 0.572083 0.363528 0.020159 0.038141
4 0.600794 0.409416 0.026268 0.025030
4 0.544288 0.146007 0.026878 0.032181
4 0.340562 0.556615 0.025046 0.019070
7 0.460293 0.230632 0.007941 0.020262
7 0.541845 0.774136 0.009774 0.020262
7 0.557422 0.771156 0.009163 0.023838
5 0.833537 0.629321 0.026268 0.016687
5 0.332315 0.730036 0.018326 0.013111
5 0.887294 0.417759 0.029933 0.022646
7 0.342395 0.581645 0.012828 0.021454
3 0.168601 0.576877 0.076970 0.059595
7 0.102016 0.985697 0.013439 0.016687
7 0.141112 0.988081 0.014661 0.021454
7 0.363470 0.827771 0.010996 0.020262
7 0.363164 0.890346 0.009163 0.019070
7 0.988088 0.338498 0.020159 0.023838
7 0.979841 0.255066 0.015883 0.016687
5 0.915699 0.558403 0.026878 0.025030
7 0.462091 0.350420 0.009577 0.018487
7 0.175978 0.547899 0.010375 0.016807
7 0.107342 0.542017 0.013567 0.018487
6 0.847167 0.563866 0.047087 0.042017
6 0.762570 0.548739 0.045491 0.045378
6 0.625698 0.657983 0.039904 0.038655
6 0.893855 0.661345 0.043097 0.038655
