7 0.878700 0.573800 0.018700 0.022300
7 0.037200 0.594900 0.020500 0.024500
7 0.813600 0.533500 0.016700 0.022800
7 0.251900 0.751100 0.014200 0.022500
7 0.787800 0.595900 0.015400 0.023000
7 0.427800 0.759300 0.011600 0.024800
7 0.492200 0.683900 0.011900 0.021300
7 0.509800 0.740300 0.012100 0.022500
7 0.898800 0.656100 0.019000 0.020300
7 0.194700 0.770300 0.015700 0.021100
7 0.822300 0.447500 0.015200 0.026300
7 0.525800 0.758100 0.013000 0.019000
7 0.591200 0.733900 0.012400 0.021000
7 0.585300 0.716900 0.011400 0.019000
7 0.801300 0.588200 0.012800 0.024300
7 0.059600 0.844300 0.015900 0.023000
7 0.474700 0.016000 0.014400 0.026200
7 0.390200 0.754600 0.014500 0.022500
7 0.787800 0.413000 0.013900 0.020700
7 0.575200 0.739700 0.012900 0.017800
7 0.365500 0.557900 0.012900 0.019300
7 0.803100 0.422900 0.011800 0.021400
7 0.465500 0.192400 0.009700 0.022300
7 0.974200 0.314700 0.014200 0.023800
7 0.555700 0.653400 0.009800 0.023400
6 0.720900 0.633900 0.046400 0.048500
6 0.289800 0.708500 0.041700 0.047500
6 0.467900 0.693000 0.044600 0.041100
0 0.924700 0.475400 0.069300 0.080000
0 0.578500 0.613100 0.067300 0.053000
0 0.431900 0.587400 0.056000 0.058800
0 0.057300 0.556200 0.073600 0.049500
0 0.248400 0.551100 0.065700 0.048900
0 0.490800 0.328600 0.029200 0.106100
5 0.723580 0.425507 0.007941 0.035757
5 0.708308 0.430870 0.006720 0.036949
5 0.698534 0.431466 0.005498 0.033373
5 0.691203 0.431466 0.006720 0.033373
5 0.682957 0.433254 0.004887 0.039333
5 0.673183 0.435638 0.006109 0.039333
5 0.662492 0.435042 0.005498 0.035757
5 0.654246 0.434446 0.006109 0.036949
5 0.646915 0.441001 0.009774 0.030989
5 0.616982 0.429082 0.014661 0.021454
5 0.596518 0.415375 0.020159 0.013111
5 0.559866 0.351013 0.009163 0.032181
6 0.186622 0.727056 0.031155 0.030989
6 0.221442 0.725864 0.039707 0.033373
6 0.375687 0.696663 0.037874 0.046484
6 0.417227 0.702622 0.037874 0.036949
6 0.582468 0.690703 0.039707 0.036949
6 0.628283 0.693087 0.032376 0.034565
6 0.700672 0.683552 0.040318 0.034565
6 0.741906 0.683552 0.040929 0.027414
6 0.983506 0.264005 0.023213 0.060787
6 0.925473 0.365316 0.035431 0.063170
7 0.772144 0.452920 0.013439 0.016687
4 0.346365 0.539333 0.028100 0.022646
4 0.550703 0.135280 0.027489 0.027414
4 0.575748 0.353397 0.017715 0.036949
4 0.605070 0.393325 0.027489 0.026222
7 0.546426 0.756257 0.009163 0.013111
7 0.558949 0.737187 0.007330 0.013111
7 0.561087 0.753874 0.007941 0.020262
7 0.630116 0.710369 0.009163 0.011919
7 0.962126 0.656734 0.015883 0.016687
5 0.464569 0.222884 0.009163 0.038141
7 0.865913 0.666865 0.017715 0.017878
5 0.338729 0.711561 0.020159 0.011919
7 0.364386 0.541716 0.011607 0.013111
7 0.436469 0.522646 0.009163 0.017878
3 0.175015 0.561979 0.076359 0.051251
7 0.442883 0.452920 0.008552 0.021454
7 0.362248 0.856377 0.010996 0.013111
7 0.368051 0.879023 0.006720 0.017878
7 0.482896 0.165077 0.010385 0.027414
7 0.146304 0.969607 0.012828 0.020262
7 0.109957 0.968415 0.009774 0.020262
7 0.978619 0.423719 0.019548 0.020262
1 0.554270 0.226050 0.032721 0.146218
7 0.150838 0.532773 0.014366 0.016807
6 0.326816 0.646218 0.039106 0.038655
7 0.492418 0.665546 0.009577 0.016807
6 0.564645 0.536975 0.042298 0.038655
1 0.982841 0.370588 0.032721 0.102521
