7 0.766600 0.778000 0.024600 0.028900
7 0.497000 0.710300 0.016900 0.024600
7 0.747900 0.222600 0.013800 0.028300
7 0.981300 0.751400 0.021500 0.028800
7 0.583600 0.783600 0.015500 0.025400
4 0.194200 0.457600 0.037400 0.027900
0 0.082600 0.470900 0.103700 0.080200
5 0.800550 0.300954 0.009163 0.063170
5 0.786805 0.304529 0.009774 0.060787
5 0.773366 0.303933 0.009774 0.057211
5 0.758705 0.329559 0.012217 0.058403
5 0.746793 0.312277 0.009163 0.059595
5 0.731521 0.309893 0.009163 0.057211
5 0.720831 0.306913 0.008552 0.058403
5 0.706475 0.318832 0.018937 0.048868
5 0.662798 0.303337 0.029322 0.036949
5 0.630116 0.279499 0.033598 0.015495
5 0.574527 0.175805 0.015272 0.060787
6 0.036042 0.743147 0.070861 0.051251
6 0.504887 0.679380 0.058033 0.054827
6 0.555284 0.606079 0.062309 0.060787
6 0.611484 0.705006 0.062309 0.053635
6 0.676848 0.712157 0.051313 0.044100
6 0.730299 0.588796 0.066585 0.054827
6 0.852474 0.702622 0.070250 0.053635
6 0.813378 0.445769 0.071472 0.059595
6 0.529322 0.208582 0.040929 0.114422
5 0.043067 0.380810 0.043372 0.025030
4 0.587049 0.198451 0.029322 0.058403
4 0.626756 0.206794 0.039096 0.039333
4 0.643250 0.244934 0.045205 0.039333
7 0.481368 0.184744 0.013439 0.035757
0 0.449603 0.145411 0.046426 0.197855
7 0.986866 0.336114 0.023824 0.026222
7 0.937385 0.396305 0.025046 0.034565
7 0.905009 0.366508 0.032376 0.025030
7 0.918754 0.716925 0.024435 0.022646
7 0.890348 0.736591 0.025046 0.019070
7 0.812156 0.746126 0.029933 0.030989
7 0.817349 0.780095 0.023213 0.032181
7 0.742822 0.750894 0.023213 0.026222
7 0.736714 0.667461 0.020770 0.026222
7 0.735492 0.696663 0.013439 0.020262
7 0.901038 0.235995 0.018326 0.026222
7 0.548564 0.801549 0.013439 0.022646
7 0.569334 0.799762 0.010996 0.035757
7 0.621258 0.311681 0.014661 0.036949
7 0.907147 0.775328 0.013439 0.039333
7 0.707502 0.231933 0.013567 0.023529
