7 0.384700 0.739300 0.018200 0.027000
7 0.394200 0.791300 0.017700 0.030200
7 0.506500 0.763300 0.018200 0.025200
7 0.547800 0.820100 0.014500 0.025600
7 0.635700 0.765000 0.016000 0.027400
4 0.216400 0.434900 0.042100 0.031700
0 0.103700 0.444500 0.110200 0.084100
0 0.477800 0.117700 0.048800 0.211400
5 0.839340 0.286651 0.009774 0.067938
5 0.824985 0.290226 0.010385 0.063170
5 0.810324 0.287843 0.009163 0.063170
5 0.796579 0.312277 0.013439 0.057211
5 0.783751 0.293802 0.008552 0.058403
5 0.767257 0.294994 0.009774 0.058403
5 0.758094 0.292014 0.010996 0.059595
5 0.742211 0.302741 0.015883 0.057211
5 0.695174 0.286055 0.028100 0.033373
5 0.664020 0.259833 0.031765 0.021454
5 0.607208 0.152563 0.015883 0.057211
6 0.056506 0.643623 0.077581 0.064362
6 0.052230 0.724076 0.073916 0.046484
6 0.535125 0.668653 0.059866 0.061979
6 0.641723 0.697259 0.064142 0.057211
6 0.713500 0.701430 0.054979 0.048868
6 0.889737 0.697259 0.073916 0.057211
5 0.583690 0.691299 0.021381 0.069130
7 0.541234 0.783075 0.014661 0.023838
7 0.577886 0.794994 0.013439 0.026222
7 0.599267 0.792014 0.013439 0.034565
7 0.715333 0.769368 0.024435 0.025030
7 0.742822 0.769368 0.019548 0.029797
7 0.861026 0.747318 0.025046 0.023838
7 0.859805 0.772348 0.025046 0.021454
7 0.985644 0.570322 0.025046 0.036949
7 0.977398 0.443981 0.029322 0.032181
7 0.983506 0.329559 0.025657 0.025030
7 0.987172 0.212157 0.020770 0.026222
7 0.944105 0.353993 0.031155 0.023838
4 0.618815 0.179976 0.032987 0.052443
4 0.658522 0.191299 0.032987 0.039333
4 0.676237 0.227056 0.043983 0.032181
5 0.063531 0.353993 0.043983 0.028605
7 0.167685 0.708582 0.025046 0.027414
7 0.068418 0.820620 0.036652 0.032181
7 0.946549 0.775924 0.017715 0.040524
7 0.746209 0.210084 0.019154 0.033613
7 0.590583 0.701681 0.014366 0.025210
