4 0.429900 0.484300 0.027700 0.024700
0 0.684300 0.504000 0.048800 0.042800
0 0.502200 0.361300 0.023100 0.100600
6 0.539505 0.705882 0.030327 0.036975
7 0.958500 0.328571 0.015962 0.021849
7 0.978452 0.364706 0.011173 0.023529
7 0.409417 0.951261 0.009577 0.016807
7 0.417797 0.952101 0.008779 0.018487
7 0.802873 0.635294 0.011173 0.016807
7 0.797287 0.642857 0.012769 0.018487
6 0.471668 0.818487 0.019154 0.060504
6 0.470072 0.905882 0.015962 0.063866
1 0.355946 0.482353 0.059058 0.040336
6 0.543496 0.484874 0.033520 0.031933
6 0.784517 0.600840 0.033520 0.031933
