7 0.712900 0.542800 0.009500 0.016100
7 0.451100 0.622500 0.009500 0.016200
0 0.939500 0.591800 0.053500 0.039200
0 0.507500 0.152500 0.020800 0.077100
0 0.879100 0.585800 0.049500 0.044300
0 0.443800 0.038600 0.021800 0.076600
7 0.638867 0.600000 0.008779 0.020168
7 0.541500 0.005882 0.008779 0.011765
7 0.549082 0.351261 0.011173 0.023529
7 0.420990 0.589076 0.007183 0.018487
7 0.637271 0.456303 0.008779 0.018487
7 0.701516 0.599160 0.009577 0.015126
7 0.129290 0.570588 0.009577 0.015126
4 0.454110 0.912605 0.019154 0.040336
4 0.454509 0.957143 0.019952 0.035294
4 0.439745 0.220168 0.007981 0.040336
4 0.440144 0.260504 0.008779 0.033613
4 0.441341 0.126050 0.015962 0.040336
6 0.444134 0.308403 0.016760 0.065546
6 0.454509 0.693277 0.018356 0.055462
6 0.447326 0.757983 0.016760 0.053782
6 0.590583 0.492437 0.030327 0.026891
6 0.626496 0.546218 0.028731 0.026891
6 0.592578 0.548739 0.031125 0.035294
4 0.514765 0.672269 0.009577 0.047059
4 0.504789 0.022689 0.008779 0.045378
1 0.796488 0.522689 0.055866 0.040336
1 0.645251 0.517647 0.048683 0.040336
1 0.718276 0.515126 0.057462 0.042017
1 0.511971 0.379832 0.023144 0.107563
0 0.226656 0.556303 0.049481 0.040336
0 0.284517 0.555462 0.047087 0.038655
1 0.045491 0.543697 0.062251 0.045378
3 0.722666 0.576471 0.059856 0.043697
6 0.121708 0.481513 0.035914 0.028571
