7 0.412500 0.826500 0.015600 0.032600
7 0.386100 0.898800 0.015400 0.032300
7 0.423500 0.844800 0.015300 0.030700
7 0.957700 0.402700 0.020000 0.028800
7 0.784600 0.852800 0.018100 0.033700
7 0.940500 0.395800 0.013500 0.021000
7 0.855800 0.424200 0.015800 0.022400
5 0.238500 0.959200 0.026700 0.064200
0 0.561800 0.084200 0.052300 0.164400
0 0.052300 0.533800 0.104100 0.084300
5 0.719914 0.398689 0.009163 0.065554
5 0.803604 0.393921 0.011607 0.065554
5 0.788027 0.395709 0.009774 0.057211
5 0.773977 0.394517 0.009774 0.054827
5 0.758400 0.417759 0.011607 0.058403
5 0.744960 0.401073 0.012828 0.051251
5 0.729994 0.401073 0.009774 0.056019
5 0.704337 0.407628 0.019548 0.052443
5 0.653940 0.386174 0.027489 0.030989
5 0.624618 0.362932 0.034820 0.025030
5 0.566585 0.252682 0.016494 0.054827
6 0.715333 0.600119 0.074527 0.070322
6 0.779780 0.696663 0.070250 0.053635
6 0.597129 0.806913 0.065363 0.061979
6 0.330177 0.680572 0.065363 0.083433
7 0.940440 0.625745 0.026268 0.035757
7 0.907147 0.482122 0.032987 0.029797
7 0.952046 0.470203 0.014050 0.013111
7 0.970067 0.469011 0.023213 0.022646
7 0.361026 0.760429 0.018326 0.028605
7 0.488699 0.892133 0.014661 0.044100
7 0.486561 0.949344 0.016494 0.034565
7 0.530238 0.907032 0.012217 0.033373
7 0.552230 0.906436 0.012217 0.039333
7 0.802077 0.889154 0.023213 0.038141
7 0.923946 0.426103 0.020159 0.032181
4 0.164630 0.528010 0.042150 0.026222
4 0.577276 0.277712 0.029322 0.050060
4 0.618815 0.288439 0.036652 0.042908
4 0.636836 0.327175 0.044594 0.039333
7 0.360721 0.482122 0.020159 0.025030
5 0.016799 0.440405 0.033598 0.020262
7 0.905620 0.896901 0.015272 0.036949
7 0.704310 0.321008 0.016760 0.026891
6 0.847965 0.405882 0.063049 0.058824
7 0.989226 0.831933 0.019952 0.026891
6 0.667997 0.818487 0.052674 0.050420
7 0.583400 0.299160 0.012769 0.030252
6 0.848364 0.819328 0.076616 0.062185
