7 0.556000 0.658200 0.016000 0.031300
7 0.844900 0.645000 0.025600 0.033100
7 0.673400 0.636200 0.014700 0.024000
7 0.700400 0.653900 0.018000 0.031100
6 0.409600 0.424000 0.059200 0.071500
6 0.691600 0.276600 0.063900 0.084000
4 0.299800 0.319600 0.041700 0.029700
4 0.228700 0.425200 0.050400 0.040000
0 0.821900 0.414600 0.088000 0.081900
0 0.190200 0.331100 0.102900 0.083500
6 0.143555 0.601907 0.068418 0.054827
6 0.084301 0.603099 0.048870 0.052443
6 0.243739 0.504768 0.070861 0.053635
6 0.604154 0.476162 0.063531 0.063170
6 0.709835 0.502980 0.064753 0.061979
6 0.726634 0.569726 0.064142 0.061979
6 0.793830 0.578665 0.058033 0.046484
6 0.800855 0.501788 0.074527 0.059595
6 0.914783 0.446365 0.076359 0.060787
6 0.965791 0.570322 0.065974 0.056019
6 0.930971 0.308701 0.075748 0.066746
3 0.074221 0.343862 0.127673 0.098927
5 0.684789 0.038737 0.015883 0.053635
5 0.742517 0.141240 0.032376 0.025030
5 0.774282 0.163886 0.028711 0.029797
5 0.820403 0.178784 0.015883 0.050060
5 0.835064 0.171633 0.010996 0.064362
5 0.845449 0.176400 0.008552 0.061979
5 0.859194 0.173421 0.011607 0.065554
5 0.873855 0.190703 0.012828 0.069130
5 0.887905 0.170441 0.012828 0.059595
5 0.901955 0.169845 0.012828 0.063170
5 0.916616 0.168057 0.011607 0.066746
4 0.698228 0.064958 0.028100 0.053635
4 0.736714 0.072110 0.035431 0.034565
4 0.755651 0.106675 0.045205 0.036949
7 0.562309 0.133492 0.012828 0.033373
7 0.545510 0.229440 0.015883 0.032181
7 0.661881 0.671037 0.014050 0.023838
7 0.684484 0.666865 0.015272 0.036949
7 0.683262 0.616210 0.018937 0.023838
7 0.977092 0.651371 0.026268 0.025030
5 0.149359 0.240167 0.043372 0.027414
7 0.824022 0.092437 0.016760 0.026891
