7 0.352200 0.827900 0.018300 0.033000
7 0.920400 0.386000 0.018800 0.029600
7 0.867700 0.845600 0.018400 0.030300
7 0.237100 0.867500 0.026400 0.033400
4 0.721100 0.610500 0.041000 0.044000
0 0.060900 0.528800 0.104800 0.080000
5 0.709224 0.391538 0.009774 0.063170
5 0.791692 0.390346 0.008552 0.063170
5 0.777337 0.392133 0.009163 0.059595
5 0.764508 0.387962 0.009163 0.058403
5 0.747098 0.412992 0.012217 0.060787
5 0.736408 0.391538 0.010385 0.058403
5 0.719914 0.395709 0.009163 0.061979
5 0.695480 0.398093 0.018937 0.054827
5 0.646915 0.384982 0.028100 0.033373
5 0.618509 0.355185 0.029933 0.023838
5 0.562920 0.247914 0.017715 0.064362
6 0.186316 0.699046 0.064753 0.058403
6 0.409591 0.777712 0.058033 0.063170
6 0.592547 0.791418 0.063531 0.061979
6 0.815822 0.668653 0.073916 0.057211
6 0.800244 0.743743 0.070861 0.064362
6 0.835370 0.796782 0.072694 0.063170
6 0.833537 0.395113 0.060476 0.051251
7 0.331093 0.514899 0.019548 0.023838
7 0.113622 0.825387 0.026878 0.034565
7 0.527489 0.881406 0.014050 0.032181
7 0.551924 0.883194 0.014050 0.040524
7 0.713195 0.858164 0.017715 0.030989
7 0.907147 0.622169 0.020770 0.033373
7 0.935553 0.542312 0.026268 0.023838
7 0.959682 0.526818 0.025657 0.033373
7 0.925779 0.502980 0.036042 0.028605
7 0.893708 0.458880 0.032987 0.026222
7 0.790165 0.311681 0.016494 0.027414
4 0.574527 0.274732 0.029933 0.056019
4 0.616371 0.284267 0.041539 0.036949
4 0.631032 0.320024 0.043983 0.034565
4 0.173488 0.516687 0.040318 0.027414
7 0.891570 0.876043 0.018937 0.050060
5 0.022602 0.435638 0.042761 0.025030
7 0.695132 0.315126 0.019154 0.031933
6 0.661213 0.794958 0.053472 0.047059
1 0.557861 0.084874 0.047885 0.169748
7 0.971269 0.841176 0.022346 0.031933
