7 0.426200 0.775800 0.010300 0.021900
4 0.477300 0.145800 0.012500 0.054400
0 0.476700 0.367400 0.027800 0.115500
7 0.572227 0.327731 0.015962 0.030252
0 0.143256 0.595798 0.066241 0.048739
3 0.879489 0.622689 0.084597 0.052101
3 0.519952 0.663025 0.034318 0.136134
4 0.049481 0.598319 0.030327 0.036975
4 0.432163 0.220168 0.010375 0.040336
4 0.644453 0.530252 0.034318 0.028571
5 0.435355 0.460504 0.013567 0.043697
6 0.291301 0.605882 0.046289 0.031933
6 0.437350 0.868908 0.020750 0.073950
6 0.436153 0.273950 0.019952 0.080672
6 0.475259 0.032773 0.023144 0.065546
