7 0.604500 0.614400 0.020300 0.040500
7 0.552300 0.421400 0.013400 0.026400
7 0.539100 0.409300 0.014000 0.026100
7 0.392000 0.467400 0.017100 0.034300
7 0.455400 0.987200 0.014600 0.024600
7 0.452500 0.871400 0.019700 0.033400
4 0.631500 0.697300 0.042600 0.037300
0 0.053000 0.531100 0.105100 0.086200
0 0.440500 0.207000 0.048900 0.216800
5 0.812462 0.400477 0.010996 0.073897
5 0.795357 0.399881 0.009774 0.065554
5 0.781307 0.401073 0.009774 0.058403
5 0.766646 0.423123 0.012217 0.066746
5 0.753818 0.404052 0.010996 0.057211
5 0.735797 0.402265 0.011607 0.060787
5 0.726023 0.399881 0.011607 0.067938
5 0.710446 0.412396 0.015883 0.057211
5 0.662187 0.392133 0.029322 0.033373
5 0.631949 0.364124 0.033598 0.022646
5 0.574527 0.253874 0.017715 0.061979
6 0.500000 0.083433 0.037263 0.123957
6 0.600489 0.817044 0.065974 0.060787
6 0.856750 0.830155 0.075137 0.063170
6 0.935247 0.699642 0.078192 0.054827
6 0.969762 0.444577 0.059255 0.052443
7 0.965791 0.323004 0.029322 0.026222
4 0.587049 0.277116 0.031765 0.048868
4 0.627062 0.289631 0.039707 0.040524
4 0.645082 0.328367 0.045205 0.041716
4 0.165547 0.526222 0.041539 0.027414
7 0.526573 0.873063 0.017104 0.036949
7 0.532682 0.911204 0.012217 0.034565
7 0.554979 0.907032 0.015272 0.040524
7 0.725107 0.870679 0.021991 0.034565
7 0.899511 0.883790 0.032376 0.039333
7 0.915699 0.485101 0.029322 0.023838
5 0.018326 0.431466 0.036652 0.019070
7 0.912340 0.912992 0.016494 0.028605
6 0.672785 0.826891 0.057462 0.050420
0 0.569433 0.082353 0.050279 0.161345
7 0.715483 0.315966 0.019952 0.030252
7 0.989226 0.852101 0.018356 0.020168
