7 0.515300 0.984200 0.017200 0.031200
7 0.299500 0.942900 0.020600 0.040300
7 0.334400 0.625800 0.022700 0.033400
7 0.367800 0.969200 0.021000 0.042000
7 0.397800 0.979200 0.016600 0.037700
7 0.740000 0.976400 0.017800 0.027200
7 0.686100 0.966900 0.016300 0.033200
7 0.902900 0.578000 0.030100 0.033100
0 0.067100 0.649200 0.105500 0.079600
5 0.801466 0.483909 0.010996 0.069130
5 0.785278 0.483313 0.011607 0.063170
5 0.773060 0.480930 0.010385 0.058403
5 0.756567 0.504768 0.016494 0.067938
5 0.728467 0.492253 0.011607 0.059595
5 0.705559 0.498808 0.018326 0.051251
5 0.656995 0.482122 0.027489 0.032181
5 0.626756 0.457092 0.032987 0.020262
5 0.571167 0.353397 0.018326 0.053635
6 0.239462 0.879023 0.069640 0.067938
6 0.408369 0.624553 0.054368 0.064362
6 0.417227 0.893921 0.061087 0.057211
6 0.608125 0.901073 0.065363 0.057211
6 0.677459 0.907628 0.056200 0.051251
6 0.673183 0.822408 0.072083 0.064362
6 0.787111 0.904052 0.069029 0.063170
6 0.859194 0.901073 0.073916 0.059595
6 0.948687 0.786055 0.078192 0.058403
4 0.559255 0.020262 0.042150 0.038141
4 0.620648 0.386174 0.035431 0.042908
4 0.638974 0.423719 0.042761 0.034565
4 0.179902 0.637068 0.039707 0.022646
7 0.979841 0.430274 0.021991 0.026222
7 0.321930 0.887962 0.013439 0.023838
7 0.343311 0.875447 0.021991 0.025030
7 0.986255 0.902265 0.025046 0.028605
7 0.154246 0.958880 0.027489 0.027414
7 0.136836 0.983909 0.025657 0.025030
7 0.741906 0.405840 0.009163 0.025030
7 0.941356 0.889750 0.026878 0.025030
5 0.026878 0.558999 0.046426 0.026222
7 0.152718 0.692491 0.025657 0.028605
1 0.562650 0.157983 0.044693 0.228571
4 0.582602 0.377311 0.030327 0.048739
