7 0.170500 0.448200 0.013300 0.019800
6 0.257000 0.515900 0.047700 0.040900
6 0.491400 0.914200 0.024600 0.075500
1 0.227000 0.596300 0.088400 0.061900
0 0.140862 0.597479 0.069433 0.055462
1 0.530726 0.315966 0.031923 0.147899
3 0.897446 0.657143 0.086991 0.060504
4 0.441740 0.222689 0.010375 0.042017
4 0.077813 0.594118 0.018356 0.028571
4 0.044693 0.597479 0.030327 0.038655
4 0.469274 0.851261 0.009577 0.052101
6 0.445730 0.280672 0.021548 0.084034
6 0.641660 0.529412 0.039904 0.043697
6 0.511971 0.526050 0.021548 0.073950
6 0.480846 0.741176 0.021548 0.073950
6 0.545491 0.950420 0.024741 0.085714
6 0.438547 0.892437 0.021548 0.080672
7 0.584597 0.342017 0.011971 0.025210
