7 0.510400 0.882100 0.015400 0.034100
7 0.427500 0.219100 0.017100 0.039100
7 0.792300 0.881000 0.017500 0.038500
7 0.570700 0.868000 0.016200 0.033600
4 0.576800 0.548700 0.046200 0.044800
0 0.807900 0.599400 0.109100 0.092700
0 0.052200 0.530400 0.108900 0.083100
5 0.721136 0.397497 0.009163 0.060787
5 0.807575 0.394517 0.008552 0.064362
5 0.791387 0.396305 0.011607 0.056019
5 0.778558 0.394517 0.009163 0.050060
5 0.762065 0.417163 0.011607 0.064362
5 0.751680 0.398689 0.014050 0.046484
5 0.732437 0.398093 0.008552 0.059595
5 0.707086 0.406436 0.018937 0.052443
5 0.657300 0.388558 0.030544 0.035757
5 0.627673 0.358164 0.037263 0.025030
5 0.571167 0.247914 0.017104 0.057211
6 0.294441 0.668653 0.064753 0.064362
6 0.078803 0.786055 0.075748 0.065554
6 0.405925 0.790226 0.066585 0.061979
6 0.599878 0.805721 0.063531 0.064362
6 0.779780 0.821812 0.072694 0.058403
6 0.853390 0.820620 0.074527 0.058403
6 0.859805 0.734207 0.080024 0.057211
6 0.853085 0.404648 0.064142 0.051251
7 0.751069 0.306317 0.014050 0.019070
4 0.583384 0.269368 0.034209 0.064362
4 0.624007 0.285459 0.039707 0.034565
4 0.641112 0.320024 0.044594 0.034565
4 0.167074 0.522050 0.042150 0.026222
7 0.914172 0.466031 0.032376 0.023838
7 0.981063 0.818832 0.028100 0.035757
7 0.972205 0.873659 0.023824 0.040524
7 0.554673 0.905840 0.012217 0.042908
7 0.534514 0.905244 0.012217 0.036949
7 0.442578 0.803933 0.017715 0.032181
7 0.920281 0.404052 0.023824 0.026222
7 0.834148 0.371275 0.017715 0.032181
7 0.912034 0.890942 0.017104 0.044100
0 0.565058 0.081645 0.045205 0.156138
7 0.343005 0.470203 0.010385 0.015495
5 0.018021 0.436830 0.033598 0.025030
7 0.710295 0.317647 0.017558 0.033613
6 0.670391 0.816807 0.049481 0.050420
