7 0.461800 0.986700 0.013000 0.025000
6 0.508200 0.206900 0.020900 0.061900
6 0.498900 0.120900 0.021200 0.076500
4 0.475900 0.038000 0.013700 0.048000
1 0.225900 0.590900 0.091600 0.064000
0 0.541100 0.266100 0.026200 0.114600
7 0.578212 0.947059 0.010375 0.025210
5 0.569433 0.942857 0.007183 0.050420
7 0.432562 0.036975 0.011173 0.030252
3 0.896648 0.653782 0.085395 0.060504
4 0.442139 0.219328 0.012769 0.042017
4 0.076616 0.584034 0.022346 0.035294
4 0.045491 0.589076 0.028731 0.038655
6 0.437350 0.885714 0.019154 0.077311
6 0.476057 0.247899 0.027933 0.082353
6 0.445730 0.273950 0.021548 0.084034
6 0.486433 0.355462 0.019952 0.072269
7 0.584597 0.336975 0.016760 0.031933
7 0.161213 0.631092 0.009577 0.015126
0 0.140463 0.591597 0.068635 0.053782
