7 0.805000 0.470100 0.017800 0.025000
7 0.287400 0.670800 0.013100 0.023900
7 0.514700 0.792700 0.013500 0.020100
7 0.987600 0.640200 0.019000 0.026600
7 0.361500 0.573200 0.012100 0.018600
7 0.598400 0.751900 0.013300 0.024000
7 0.365300 0.798600 0.010000 0.021200
7 0.260800 0.720600 0.016400 0.028000
7 0.514300 0.242100 0.011600 0.030200
7 0.767100 0.465700 0.016000 0.022500
7 0.843000 0.703500 0.018000 0.025400
7 0.380800 0.772400 0.011600 0.019800
7 0.820500 0.707900 0.016500 0.024800
7 0.360500 0.768900 0.011300 0.017800
7 0.564900 0.752500 0.011200 0.020200
7 0.362800 0.747900 0.010600 0.018100
7 0.523200 0.159000 0.013900 0.031000
7 0.441300 0.495300 0.012800 0.022200
6 0.533900 0.430000 0.033300 0.064900
6 0.917000 0.645200 0.052500 0.051900
6 0.551600 0.502300 0.040100 0.061000
5 0.394000 0.664600 0.031700 0.019800
0 0.567500 0.602600 0.064400 0.057700
0 0.662000 0.595400 0.061700 0.051000
0 0.483500 0.634200 0.064400 0.054100
0 0.241500 0.573300 0.064500 0.048600
0 0.049700 0.580400 0.072700 0.048100
5 0.719609 0.441597 0.008552 0.039333
5 0.703115 0.444577 0.006109 0.038141
5 0.693952 0.444577 0.006109 0.035757
5 0.686927 0.443385 0.005498 0.038141
5 0.678681 0.448749 0.006109 0.036949
5 0.668907 0.451132 0.007330 0.039333
5 0.658216 0.447557 0.006720 0.036949
5 0.650580 0.446961 0.007330 0.035757
5 0.642334 0.455900 0.010385 0.032181
5 0.612706 0.445173 0.015883 0.025030
5 0.591631 0.430870 0.021381 0.013111
5 0.554368 0.364124 0.007941 0.032181
6 0.371106 0.718117 0.037263 0.046484
6 0.412340 0.722288 0.036652 0.035757
6 0.460293 0.712753 0.043372 0.042908
6 0.739157 0.698451 0.041539 0.028605
6 0.920892 0.377235 0.037263 0.060787
4 0.340867 0.562574 0.023213 0.019070
4 0.544594 0.150775 0.029933 0.027414
4 0.599267 0.411204 0.028100 0.023838
7 0.456017 0.466031 0.009163 0.019070
7 0.484728 0.690703 0.006720 0.013111
7 0.487172 0.703814 0.006720 0.017878
7 0.543067 0.746722 0.008552 0.020262
7 0.554062 0.756853 0.008552 0.016687
7 0.557728 0.772348 0.008552 0.021454
7 0.542761 0.775924 0.010385 0.016687
7 0.620037 0.730036 0.012217 0.013111
7 0.899206 0.702026 0.017104 0.021454
7 0.956933 0.668653 0.018937 0.019070
7 0.381491 0.796186 0.006720 0.016687
5 0.333537 0.734207 0.018326 0.014303
7 0.262981 0.690703 0.010385 0.022646
7 0.275504 0.690703 0.013439 0.020262
7 0.100489 0.564362 0.014050 0.015495
3 0.168907 0.582241 0.078803 0.056019
7 0.970678 0.068534 0.013439 0.020262
1 0.548284 0.242017 0.031923 0.144538
4 0.571828 0.364706 0.018356 0.033613
6 0.468476 0.417647 0.019154 0.075630
5 0.484836 0.542857 0.013567 0.040336
7 0.358340 0.558824 0.011173 0.018487
7 0.104549 0.991597 0.011173 0.013445
7 0.035116 0.893277 0.014366 0.018487
6 0.213488 0.749580 0.035914 0.030252
6 0.179170 0.750420 0.031125 0.028571
6 0.696728 0.700840 0.043097 0.036975
6 0.625698 0.711765 0.033520 0.031933
6 0.578212 0.708403 0.040702 0.042017
6 0.741022 0.518487 0.043895 0.038655
6 0.982841 0.675630 0.031125 0.036975
6 0.792498 0.588235 0.047885 0.036975
6 0.766959 0.652101 0.044693 0.043697
