7 0.258000 0.599200 0.012600 0.023200
7 0.516100 0.516900 0.012400 0.021300
7 0.157900 0.528800 0.015800 0.021200
7 0.824500 0.492100 0.017400 0.025200
7 0.239000 0.509400 0.015300 0.021900
7 0.647100 0.729700 0.014500 0.025800
7 0.379400 0.780200 0.009800 0.019100
7 0.366400 0.764500 0.011200 0.018900
7 0.762700 0.731000 0.013800 0.025400
7 0.349400 0.779400 0.010400 0.019600
4 0.356400 0.600000 0.027200 0.024800
1 0.451300 0.597000 0.076300 0.063700
0 0.243900 0.560900 0.065100 0.048600
0 0.708500 0.580500 0.067900 0.053400
0 0.623000 0.601700 0.069300 0.054700
0 0.051900 0.564000 0.073400 0.049100
0 0.482400 0.412600 0.030300 0.128800
5 0.723065 0.438202 0.009577 0.038523
5 0.706704 0.439807 0.008779 0.041734
5 0.698324 0.441413 0.007981 0.038523
5 0.690343 0.439005 0.007981 0.036918
5 0.681165 0.442215 0.008779 0.040128
5 0.671588 0.443820 0.008779 0.043339
5 0.652833 0.443018 0.006385 0.044944
5 0.644453 0.451043 0.011971 0.032103
5 0.615323 0.441413 0.019154 0.025682
5 0.595371 0.425361 0.020750 0.016051
5 0.559457 0.366774 0.009577 0.046549
6 0.216555 0.737187 0.042150 0.034565
6 0.284362 0.719905 0.039707 0.038141
6 0.373549 0.709178 0.038485 0.045292
6 0.413867 0.713945 0.038485 0.040524
6 0.463042 0.708582 0.041539 0.039333
6 0.556506 0.653754 0.036652 0.032181
6 0.626451 0.706794 0.032376 0.035757
6 0.698534 0.699642 0.038485 0.035757
6 0.852779 0.662098 0.045205 0.044100
6 0.897373 0.662098 0.041539 0.044100
6 0.925779 0.380810 0.036042 0.063170
6 0.659743 0.499404 0.039096 0.033373
6 0.575748 0.464839 0.037263 0.059595
6 0.536958 0.489869 0.037874 0.071514
4 0.341478 0.552443 0.021991 0.015495
7 0.355223 0.562574 0.009163 0.016687
4 0.574832 0.359952 0.017104 0.033373
4 0.603849 0.404648 0.025046 0.017878
4 0.549481 0.145411 0.023824 0.033373
5 0.475870 0.098331 0.012217 0.056019
7 0.569029 0.036353 0.009163 0.025030
7 0.464569 0.240167 0.011607 0.020262
7 0.799633 0.417163 0.010996 0.023838
7 0.785889 0.413588 0.011607 0.016687
7 0.558949 0.766985 0.009774 0.025030
7 0.543983 0.769368 0.010385 0.017878
5 0.937385 0.648391 0.028711 0.016687
7 0.966402 0.633492 0.017104 0.017878
7 0.960904 0.654946 0.008552 0.017878
5 0.333842 0.723480 0.020159 0.016687
7 0.925473 0.455900 0.020770 0.022646
5 0.957239 0.379619 0.023213 0.044100
7 0.513745 0.429082 0.010996 0.019070
3 0.169823 0.572706 0.078192 0.056019
7 0.364997 0.890942 0.007941 0.020262
7 0.858888 0.684744 0.010996 0.017878
7 0.873549 0.693683 0.009774 0.023838
7 0.946854 0.737783 0.012217 0.019070
5 0.856750 0.706794 0.022602 0.028605
7 0.441051 0.466031 0.008552 0.021454
7 0.105070 0.979142 0.012217 0.020262
7 0.141417 0.982122 0.010385 0.019070
1 0.552674 0.236134 0.032721 0.142857
7 0.630088 0.480672 0.010375 0.016807
5 0.630487 0.487395 0.019154 0.023529
6 0.180766 0.739496 0.031125 0.030252
6 0.160814 0.688235 0.042298 0.042017
7 0.462889 0.733613 0.007981 0.018487
7 0.470072 0.731933 0.009577 0.015126
7 0.367119 0.726050 0.006385 0.016807
6 0.560255 0.588235 0.036712 0.036975
6 0.741022 0.698319 0.040702 0.028571
6 0.579808 0.704202 0.039106 0.040336
6 0.513567 0.646218 0.037510 0.035294
6 0.520750 0.697479 0.037510 0.040336
6 0.701915 0.505882 0.043895 0.033613
6 0.982043 0.679832 0.031125 0.031933
7 0.769753 0.481513 0.016760 0.025210
