7 0.584000 0.465900 0.013500 0.024200
7 0.005700 0.417000 0.011500 0.021900
1 0.862200 0.548800 0.072000 0.056000
1 0.247300 0.573500 0.089300 0.067600
1 0.535700 0.088400 0.028400 0.136500
0 0.492800 0.150000 0.025600 0.094900
7 0.185954 0.616807 0.017558 0.013445
7 0.573823 0.319328 0.015962 0.030252
6 0.502793 0.291597 0.019154 0.072269
6 0.472067 0.320168 0.019952 0.068908
6 0.437749 0.260504 0.019952 0.080672
6 0.432163 0.861345 0.018356 0.072269
6 0.425379 0.509244 0.041500 0.040336
4 0.434158 0.204202 0.011173 0.035294
4 0.073823 0.571429 0.018356 0.030252
4 0.044693 0.574790 0.028731 0.036975
3 0.885475 0.622689 0.082203 0.055462
0 0.492817 0.034454 0.027933 0.068908
0 0.137670 0.578151 0.067837 0.050420
0 0.441740 0.959664 0.035914 0.077311
