7 0.941400 0.582000 0.026500 0.029700
7 0.842200 0.864000 0.022400 0.030200
7 0.912400 0.453100 0.026400 0.031200
4 0.617600 0.639100 0.042000 0.040200
0 0.059400 0.526700 0.111300 0.081500
5 0.718998 0.386174 0.010996 0.066746
5 0.803299 0.384386 0.010996 0.067938
5 0.788638 0.381406 0.009774 0.059595
5 0.775199 0.382002 0.008552 0.060787
5 0.757789 0.404648 0.011607 0.060787
5 0.747098 0.387366 0.009774 0.054827
5 0.729688 0.389154 0.009163 0.060787
5 0.705559 0.395709 0.019548 0.057211
5 0.656689 0.377235 0.029322 0.032181
5 0.627062 0.350417 0.032376 0.023838
5 0.570250 0.241359 0.016494 0.063170
6 0.037874 0.712157 0.073305 0.053635
6 0.414783 0.778308 0.058644 0.061979
6 0.600183 0.793206 0.062920 0.058403
6 0.669212 0.800358 0.055589 0.051251
6 0.786500 0.771752 0.071472 0.096544
6 0.850031 0.800358 0.071472 0.056019
6 0.827428 0.667461 0.073916 0.064362
6 0.848503 0.389154 0.061087 0.056019
4 0.582468 0.265197 0.029933 0.048868
4 0.620953 0.277712 0.039707 0.033373
4 0.641417 0.317640 0.046426 0.036949
4 0.175015 0.515495 0.045816 0.025030
7 0.341478 0.864720 0.018326 0.027414
7 0.185095 0.879619 0.018326 0.028605
7 0.534820 0.889750 0.014050 0.032181
7 0.559255 0.887366 0.015272 0.046484
7 0.713500 0.862932 0.019548 0.033373
7 0.905009 0.874255 0.014050 0.048868
7 0.923946 0.544100 0.022602 0.022646
7 0.949603 0.548272 0.026268 0.023838
7 0.943800 0.437426 0.024435 0.023838
7 0.977398 0.463051 0.025657 0.027414
7 0.347587 0.464839 0.014661 0.021454
7 0.816432 0.312872 0.014050 0.027414
7 0.147526 0.760429 0.023824 0.038141
0 0.564142 0.079261 0.048259 0.158522
5 0.021991 0.434446 0.041539 0.022646
7 0.706305 0.310084 0.015962 0.031933
7 0.988029 0.849580 0.020750 0.035294
