7 0.054500 0.435400 0.012400 0.016100
4 0.372500 0.519000 0.027000 0.020200
4 0.787200 0.519200 0.033100 0.022200
3 0.503900 0.312600 0.024500 0.108700
1 0.154600 0.486900 0.062300 0.045300
1 0.042400 0.548700 0.062400 0.045800
0 0.664700 0.512800 0.051700 0.039700
0 0.942700 0.590700 0.056100 0.040200
0 0.496500 0.092700 0.021800 0.093200
7 0.550279 0.352101 0.013567 0.021849
7 0.583799 0.450420 0.008779 0.020168
7 0.432562 0.411765 0.006385 0.020168
4 0.454110 0.915966 0.019154 0.036975
4 0.455307 0.961345 0.019952 0.030252
4 0.440144 0.258824 0.008779 0.040336
4 0.439346 0.221008 0.008779 0.038655
6 0.840782 0.532773 0.031125 0.033613
6 0.729449 0.561345 0.030327 0.033613
6 0.650838 0.560504 0.031125 0.031933
6 0.573823 0.552101 0.030327 0.038655
6 0.444134 0.308403 0.016760 0.065546
6 0.516760 0.497479 0.027933 0.030252
6 0.502793 0.710084 0.017558 0.052101
6 0.451716 0.623529 0.020750 0.053782
6 0.454908 0.700840 0.020750 0.063866
6 0.447326 0.757983 0.016760 0.053782
6 0.487630 0.836975 0.019154 0.063866
0 0.442139 0.037815 0.022346 0.075630
5 0.755387 0.489916 0.015164 0.018487
0 0.225060 0.557983 0.051077 0.040336
0 0.284118 0.557143 0.049481 0.038655
