1 0.204400 0.615000 0.091000 0.064400
0 0.282000 0.574400 0.066600 0.097400
0 0.117800 0.620700 0.070400 0.049600
3 0.887869 0.630252 0.086991 0.053782
4 0.463687 0.231092 0.012769 0.058824
4 0.416201 0.220168 0.010375 0.040336
4 0.050678 0.621849 0.019952 0.033613
4 0.016361 0.630252 0.032721 0.040336
6 0.427773 0.136134 0.025539 0.084034
6 0.457302 0.311765 0.020750 0.072269
6 0.421389 0.278992 0.020750 0.084034
6 0.427374 0.901681 0.019952 0.082353
7 0.414206 0.756303 0.007981 0.026891
7 0.433360 0.765546 0.012769 0.025210
7 0.565443 0.332773 0.015164 0.030252
