5 0.088300 0.466700 0.019800 0.016500
3 0.512900 0.533900 0.027500 0.102500
0 0.626700 0.509200 0.052200 0.040900
0 0.940300 0.585800 0.053300 0.038600
0 0.880400 0.581200 0.050200 0.042100
7 0.550279 0.350420 0.013567 0.021849
7 0.549880 0.503361 0.009577 0.021849
7 0.543496 0.168067 0.009577 0.016807
7 0.584996 0.447899 0.009577 0.018487
7 0.839984 0.605042 0.010375 0.020168
7 0.232243 0.447059 0.012769 0.016807
4 0.457302 0.910924 0.019154 0.036975
4 0.457302 0.955462 0.022346 0.031933
4 0.441341 0.261345 0.009577 0.038655
4 0.440942 0.223529 0.008779 0.036975
5 0.525539 0.115966 0.008779 0.040336
6 0.450918 0.756303 0.015962 0.053782
4 0.594972 0.549580 0.026337 0.020168
6 0.474860 0.025210 0.015962 0.047059
6 0.456504 0.692437 0.019154 0.057143
6 0.446528 0.309244 0.015164 0.067227
1 0.832402 0.522689 0.060654 0.043697
0 0.444134 0.039496 0.023144 0.078992
0 0.485235 0.128571 0.020750 0.092437
0 0.499601 0.256303 0.022346 0.095798
0 0.288109 0.556303 0.047885 0.040336
1 0.050678 0.547899 0.061453 0.047059
0 0.231045 0.557983 0.050279 0.036975
