7 0.644100 0.889200 0.017300 0.034600
7 0.382500 0.876700 0.015500 0.035100
7 0.378800 0.906200 0.014100 0.026100
7 0.346100 0.922900 0.019600 0.037300
6 0.396400 0.623900 0.062100 0.071200
6 0.572800 0.479100 0.049300 0.120000
4 0.200800 0.554700 0.038700 0.030600
1 0.646100 0.655100 0.137200 0.091700
0 0.602400 0.082900 0.053500 0.174100
0 0.081200 0.567500 0.116700 0.083500
0 0.474400 0.221600 0.048800 0.219400
6 0.190287 0.809297 0.073916 0.073897
6 0.033293 0.857569 0.066585 0.063170
6 0.646304 0.833731 0.068418 0.060787
6 0.718998 0.846841 0.058644 0.051251
6 0.819792 0.788439 0.084301 0.065554
6 0.909285 0.836710 0.078803 0.059595
5 0.289554 0.766985 0.045205 0.032181
5 0.037569 0.470799 0.047037 0.035757
5 0.608735 0.254470 0.018937 0.058403
5 0.671045 0.371275 0.034820 0.022646
5 0.702505 0.395709 0.031765 0.042908
5 0.752902 0.412396 0.021381 0.059595
5 0.766646 0.402861 0.010996 0.066746
5 0.778253 0.405840 0.008552 0.065554
5 0.791692 0.402265 0.012217 0.067938
5 0.808186 0.421335 0.014661 0.072706
5 0.823763 0.399881 0.011607 0.067938
5 0.839951 0.398689 0.012217 0.077473
5 0.855528 0.398689 0.014050 0.070322
4 0.624924 0.285459 0.032987 0.056019
4 0.663714 0.294994 0.038485 0.044100
4 0.684178 0.333135 0.046426 0.039333
7 0.441051 0.339690 0.018326 0.033373
7 0.443189 0.191895 0.010385 0.028605
7 0.743739 0.910608 0.023824 0.038141
7 0.620342 0.920739 0.015272 0.029797
7 0.603849 0.908820 0.014050 0.036949
7 0.602321 0.937426 0.015883 0.034565
7 0.579108 0.935042 0.014661 0.029797
4 0.557117 0.313468 0.028100 0.092968
7 0.964569 0.470203 0.031765 0.029797
7 0.969151 0.911204 0.016494 0.036949
7 0.794094 0.310924 0.019154 0.020168
