7 0.796300 0.545700 0.019200 0.030600
7 0.766500 0.501000 0.018500 0.025200
7 0.392000 0.771500 0.011700 0.022200
7 0.513200 0.358500 0.011100 0.022100
7 0.494700 0.756900 0.014500 0.018700
7 0.477000 0.760500 0.011000 0.022400
7 0.390100 0.569800 0.012100 0.021500
7 0.765500 0.694400 0.013900 0.021700
7 0.358900 0.557200 0.013600 0.020700
6 0.698200 0.523800 0.045500 0.042600
6 0.527000 0.407900 0.032700 0.065800
6 0.554100 0.504600 0.036700 0.065000
6 0.695000 0.700000 0.043600 0.039600
5 0.050500 0.714800 0.028700 0.024400
5 0.487200 0.542200 0.016600 0.037600
0 0.654100 0.598900 0.060400 0.051000
0 0.554200 0.606000 0.063900 0.057900
0 0.054700 0.578500 0.072700 0.047400
0 0.284100 0.662200 0.066400 0.051500
0 0.244600 0.572900 0.063300 0.047700
5 0.717776 0.443981 0.007330 0.036949
5 0.702810 0.448749 0.005498 0.036949
5 0.693036 0.450536 0.005498 0.035757
5 0.685400 0.449344 0.004887 0.033373
5 0.677764 0.452324 0.006720 0.039333
5 0.668601 0.455304 0.005498 0.038141
5 0.657911 0.452920 0.006109 0.035757
5 0.649359 0.451728 0.004887 0.033373
5 0.640806 0.458880 0.010996 0.028605
5 0.610874 0.449344 0.013439 0.021454
5 0.593158 0.436830 0.019548 0.013111
5 0.554673 0.369487 0.007330 0.035757
6 0.182040 0.747914 0.030544 0.032181
6 0.218082 0.746722 0.037874 0.034565
6 0.372938 0.714541 0.038485 0.044100
6 0.412951 0.724076 0.037874 0.036949
6 0.460293 0.712157 0.040929 0.034565
6 0.578803 0.709774 0.039707 0.039333
6 0.624313 0.713945 0.032987 0.033373
6 0.737935 0.700834 0.039096 0.026222
6 0.979841 0.679380 0.037874 0.038141
6 0.986866 0.317044 0.023824 0.061979
6 0.919670 0.383790 0.034820 0.064362
4 0.545205 0.156734 0.029933 0.025030
4 0.571167 0.368892 0.019548 0.032181
4 0.600794 0.411800 0.028711 0.027414
4 0.340257 0.557807 0.023213 0.019070
7 0.363164 0.573897 0.010385 0.015495
7 0.363470 0.587604 0.009774 0.011919
7 0.367440 0.601907 0.015272 0.016687
7 0.384239 0.587008 0.009774 0.020262
7 0.481368 0.401669 0.009774 0.016687
7 0.481979 0.690107 0.007330 0.011919
7 0.488393 0.699046 0.010385 0.015495
7 0.548259 0.752682 0.009163 0.015495
7 0.542150 0.775328 0.009163 0.015495
7 0.558033 0.771752 0.010385 0.022646
7 0.561087 0.754470 0.007941 0.011919
7 0.568723 0.758641 0.008552 0.020262
7 0.810018 0.744338 0.013439 0.017878
7 0.955101 0.672229 0.015272 0.019070
7 0.978009 0.653159 0.020770 0.016687
5 0.334453 0.732420 0.021381 0.015495
3 0.171961 0.582837 0.078803 0.052443
7 0.107819 0.561383 0.011607 0.016687
7 0.352474 0.892729 0.007330 0.021454
7 0.361943 0.889154 0.009163 0.019070
7 0.512523 0.860548 0.009774 0.021454
7 0.521381 0.025030 0.011607 0.021454
7 0.106597 0.989273 0.009163 0.016687
7 0.621869 0.729440 0.009774 0.014303
1 0.548683 0.247899 0.032721 0.146218
6 0.469673 0.412605 0.019952 0.072269
6 0.727454 0.654622 0.043895 0.035294
6 0.721468 0.601681 0.043097 0.040336
6 0.880287 0.657143 0.051077 0.040336
0 0.987630 0.073950 0.019952 0.117647
