0 0.287200 0.554800 0.049600 0.036800
0 0.940200 0.592400 0.053300 0.039000
0 0.879700 0.586400 0.049100 0.044800
0 0.446000 0.038800 0.021900 0.078900
7 0.550678 0.352101 0.011173 0.021849
7 0.679968 0.532773 0.009577 0.020168
7 0.339186 0.583193 0.009577 0.016807
7 0.358739 0.581513 0.010375 0.016807
7 0.721468 0.554622 0.009577 0.016807
7 0.943735 0.625210 0.013567 0.016807
7 0.267757 0.582353 0.008779 0.018487
4 0.455706 0.910084 0.019154 0.038655
4 0.456504 0.955462 0.019154 0.035294
4 0.443336 0.184034 0.011971 0.045378
4 0.441740 0.221008 0.008779 0.035294
4 0.442538 0.262185 0.008779 0.036975
4 0.885076 0.513445 0.022346 0.018487
4 0.522745 0.838655 0.011173 0.040336
0 0.482043 0.615126 0.022346 0.090756
0 0.229050 0.553782 0.049481 0.038655
1 0.048683 0.542017 0.062251 0.045378
1 0.518755 0.483193 0.033520 0.213445
1 0.646848 0.516807 0.048683 0.042017
1 0.719872 0.515966 0.057462 0.040336
1 0.798085 0.523529 0.055866 0.042017
3 0.723863 0.575630 0.059058 0.042017
6 0.446528 0.309244 0.016760 0.067227
6 0.456105 0.692437 0.016760 0.053782
6 0.449322 0.755462 0.014366 0.055462
6 0.592578 0.492437 0.029529 0.026891
6 0.627694 0.545378 0.027933 0.031933
6 0.594174 0.548739 0.031125 0.035294
6 0.855547 0.506723 0.027135 0.031933
