7 0.685800 0.751300 0.016800 0.022500
7 0.121000 0.832000 0.015500 0.021100
7 0.790200 0.446700 0.017900 0.027300
7 0.143900 0.801600 0.018600 0.023100
7 0.457500 0.798100 0.013600 0.026700
7 0.462400 0.507700 0.014700 0.028100
7 0.180000 0.851100 0.014400 0.020000
7 0.273300 0.783500 0.013300 0.019600
7 0.461900 0.327100 0.012500 0.026500
7 0.608100 0.752100 0.012000 0.026200
7 0.210600 0.823200 0.014400 0.024700
7 0.358300 0.562600 0.014100 0.023200
7 0.572400 0.760100 0.011400 0.024200
7 0.190400 0.810200 0.014500 0.021700
7 0.379800 0.582200 0.011700 0.023000
7 0.569900 0.319200 0.012300 0.023900
6 0.573300 0.491700 0.044600 0.054400
6 0.926400 0.645300 0.055100 0.050900
6 0.584000 0.713200 0.040800 0.045100
5 0.648400 0.669900 0.029500 0.021300
0 0.966100 0.569400 0.062300 0.053800
0 0.241100 0.578400 0.064400 0.049100
0 0.047100 0.587000 0.074600 0.048200
0 0.803900 0.570400 0.064400 0.060400
0 0.679200 0.617300 0.066200 0.053300
5 0.722663 0.443385 0.008552 0.035757
5 0.706475 0.447557 0.006720 0.036949
5 0.697312 0.446365 0.006720 0.032181
5 0.689065 0.448749 0.004887 0.036949
5 0.681124 0.449344 0.006109 0.035757
5 0.671655 0.454708 0.005498 0.039333
5 0.660965 0.452920 0.006109 0.035757
5 0.652718 0.449344 0.005498 0.033373
5 0.645082 0.458880 0.008552 0.028605
5 0.613928 0.448153 0.014661 0.019070
5 0.594075 0.434446 0.021381 0.010727
5 0.556506 0.368892 0.008552 0.034565
6 0.178375 0.758641 0.032987 0.027414
6 0.215027 0.757449 0.039096 0.032181
6 0.371106 0.723480 0.038485 0.047676
6 0.412340 0.729440 0.036652 0.035757
6 0.463042 0.716925 0.043983 0.034565
6 0.628589 0.716329 0.035431 0.033373
6 0.743128 0.703218 0.040929 0.026222
6 0.927611 0.379619 0.038485 0.065554
7 0.772450 0.469607 0.016494 0.016687
4 0.572694 0.367700 0.016494 0.034565
4 0.601405 0.410012 0.028711 0.028605
4 0.544594 0.148391 0.027489 0.027414
7 0.487477 0.696067 0.007330 0.009535
7 0.491142 0.707390 0.008552 0.017878
7 0.553757 0.744934 0.009163 0.019070
7 0.547648 0.765197 0.007941 0.016687
7 0.544899 0.783075 0.009774 0.019070
7 0.560476 0.778308 0.007941 0.023838
5 0.505498 0.687723 0.016494 0.052443
7 0.624007 0.735995 0.009163 0.015495
7 0.892792 0.686532 0.015272 0.019070
7 0.954184 0.668653 0.014661 0.016687
7 0.979536 0.246126 0.010385 0.020262
5 0.334148 0.739571 0.019548 0.015495
7 0.097129 0.571514 0.012217 0.013111
7 0.203421 0.809297 0.015883 0.019070
7 0.363470 0.600715 0.009774 0.019070
7 0.324985 0.530989 0.009774 0.020262
3 0.165852 0.588796 0.077581 0.054827
6 0.619120 0.531585 0.042150 0.052443
7 0.365302 0.906436 0.010996 0.020262
4 0.341173 0.565554 0.023824 0.015495
6 0.470471 0.422689 0.023144 0.072269
1 0.549880 0.242857 0.031923 0.149580
6 0.699521 0.705042 0.043895 0.038655
