7 0.175600 0.334200 0.017200 0.029400
6 0.984800 0.429300 0.033900 0.034400
6 0.533919 0.705882 0.030327 0.033613
7 0.567039 0.358824 0.008779 0.018487
7 0.264166 0.673109 0.009577 0.018487
7 0.966480 0.366387 0.012769 0.030252
7 0.878292 0.712605 0.010375 0.026891
7 0.948524 0.711765 0.015164 0.015126
7 0.406225 0.948739 0.009577 0.018487
7 0.771349 0.652941 0.010375 0.021849
7 0.777334 0.660504 0.009577 0.023529
6 0.468077 0.815126 0.018356 0.060504
6 0.466480 0.902521 0.016760 0.060504
5 0.949322 0.325210 0.008779 0.031933
6 0.782123 0.602521 0.033520 0.031933
0 0.460096 0.566387 0.043895 0.036975
2 0.314844 0.480672 0.110934 0.063866
6 0.981644 0.493277 0.033520 0.031933
5 0.861133 0.477311 0.012769 0.023529
