0 0.511800 0.077900 0.024300 0.095000
0 0.140400 0.601200 0.066700 0.046700
5 0.422985 0.184034 0.009577 0.038655
7 0.569832 0.331933 0.014366 0.028571
7 0.249002 0.457983 0.011173 0.021849
6 0.435355 0.876471 0.021548 0.075630
6 0.288109 0.610084 0.046289 0.030252
6 0.432961 0.276471 0.021548 0.085714
6 0.476057 0.399160 0.023144 0.072269
6 0.639266 0.515126 0.036712 0.038655
6 0.664804 0.578151 0.038308 0.040336
6 0.767358 0.581513 0.040702 0.047059
5 0.540702 0.024370 0.011971 0.042017
4 0.539904 0.126050 0.010375 0.060504
4 0.045092 0.605042 0.029529 0.036975
4 0.428970 0.220168 0.010375 0.040336
5 0.723863 0.502521 0.025539 0.026891
3 0.879090 0.623529 0.085395 0.053782
2 0.528332 0.344538 0.049481 0.292437
0 0.481245 0.697479 0.025539 0.107563
7 0.416600 0.377311 0.006385 0.018487
6 0.878292 0.536975 0.039106 0.042017
