7 0.045000 0.432200 0.016400 0.022100
6 0.484300 0.592500 0.022600 0.073500
6 0.539100 0.218800 0.022900 0.067600
1 0.227000 0.593400 0.089800 0.063200
7 0.583799 0.340336 0.013567 0.028571
7 0.218675 0.631933 0.011173 0.023529
0 0.541899 0.436134 0.028731 0.122689
3 0.895451 0.655462 0.087789 0.060504
4 0.441341 0.219328 0.012769 0.045378
4 0.470870 0.246218 0.012769 0.052101
4 0.077015 0.589916 0.018356 0.033613
4 0.044693 0.592437 0.031923 0.038655
6 0.444932 0.278992 0.019952 0.084034
6 0.478452 0.170588 0.019952 0.068908
6 0.500798 0.297479 0.021548 0.073950
6 0.504789 0.414286 0.019952 0.072269
6 0.470870 0.388235 0.030327 0.087395
6 0.437350 0.889076 0.020750 0.073950
0 0.140463 0.595798 0.068635 0.055462
