6 0.537111 0.698319 0.031923 0.035294
7 0.986034 0.383193 0.008779 0.016807
7 0.762570 0.426050 0.008779 0.015126
7 0.977255 0.358824 0.010375 0.025210
7 0.568236 0.702521 0.007981 0.016807
7 0.405427 0.944538 0.012769 0.016807
7 0.414605 0.944538 0.010375 0.020168
7 0.798085 0.631092 0.009577 0.015126
7 0.802075 0.631092 0.009577 0.015126
6 0.468875 0.812605 0.019952 0.065546
6 0.466081 0.898319 0.019154 0.065546
5 0.962091 0.321849 0.008779 0.025210
6 0.576217 0.450420 0.033520 0.033613
6 0.357941 0.460504 0.034318 0.033613
3 0.772546 0.494118 0.070231 0.043697
0 0.181564 0.462185 0.050279 0.040336
0 0.919393 0.743697 0.027135 0.099160
4 0.962889 0.505882 0.027933 0.020168
