6 0.903600 0.462100 0.025700 0.057400
6 0.533919 0.701681 0.030327 0.035294
7 0.528731 0.210084 0.010375 0.020168
7 0.968875 0.370588 0.011173 0.021849
7 0.946129 0.946218 0.011971 0.020168
7 0.453312 0.899160 0.009577 0.026891
6 0.467279 0.812605 0.016760 0.058824
6 0.464884 0.895798 0.018356 0.063866
6 0.984038 0.436975 0.028731 0.030252
0 0.215084 0.468908 0.045491 0.040336
4 0.363528 0.560504 0.023144 0.018487
5 0.952115 0.346218 0.014366 0.040336
6 0.781724 0.605882 0.032721 0.031933
7 0.941740 0.943697 0.007981 0.015126
