7 0.138800 0.825400 0.014300 0.022200
7 0.534000 0.484800 0.017400 0.025500
7 0.888200 0.697600 0.016500 0.024600
7 0.778600 0.473700 0.017800 0.020200
7 0.144700 0.520000 0.015700 0.022300
7 0.704200 0.487400 0.016200 0.017200
7 0.902300 0.711300 0.016800 0.026200
7 0.628400 0.681000 0.012400 0.030100
7 0.727100 0.747800 0.013500 0.024300
7 0.649700 0.757400 0.015500 0.021700
7 0.487700 0.489500 0.014700 0.022400
7 0.735100 0.733500 0.013000 0.020600
7 0.788700 0.433700 0.015200 0.017500
7 0.631700 0.755600 0.011700 0.025300
6 0.787400 0.555800 0.048200 0.048400
6 0.899500 0.502200 0.051100 0.046700
6 0.243900 0.630200 0.041700 0.038100
6 0.505900 0.211200 0.025100 0.080200
6 0.980100 0.468200 0.039500 0.066400
0 0.400400 0.623800 0.071800 0.057900
0 0.044400 0.572700 0.076800 0.051400
0 0.658900 0.581500 0.070000 0.069700
0 0.483600 0.414700 0.030100 0.129100
5 0.729050 0.442215 0.008779 0.040128
5 0.713089 0.447030 0.008779 0.036918
5 0.703512 0.443820 0.007183 0.033708
5 0.694733 0.445425 0.007183 0.033708
5 0.687151 0.446228 0.007981 0.038523
5 0.677175 0.447833 0.008779 0.038523
5 0.658420 0.449438 0.009577 0.035313
5 0.648843 0.455056 0.011173 0.027287
5 0.616919 0.444623 0.015962 0.019262
5 0.598563 0.430177 0.023943 0.016051
5 0.561453 0.366774 0.010375 0.040128
6 0.104154 0.705006 0.042150 0.034565
6 0.175626 0.748510 0.031155 0.035757
6 0.211362 0.749702 0.041539 0.035757
6 0.166768 0.640644 0.042761 0.034565
6 0.282224 0.730036 0.040318 0.039333
6 0.321930 0.684148 0.036652 0.038141
6 0.364386 0.715137 0.042150 0.052443
6 0.412951 0.724672 0.037874 0.035757
6 0.463348 0.716329 0.043372 0.035757
6 0.584301 0.716329 0.038485 0.035757
6 0.632254 0.715733 0.032987 0.034565
6 0.705559 0.707390 0.040318 0.039333
6 0.748626 0.708582 0.038485 0.029797
6 0.908369 0.669845 0.039096 0.042908
6 0.937691 0.379023 0.035431 0.066746
6 0.500305 0.063766 0.021991 0.084625
4 0.552535 0.140048 0.028711 0.022646
7 0.530849 0.154350 0.009774 0.022646
7 0.463958 0.348629 0.009163 0.017878
7 0.736103 0.460072 0.009774 0.016687
4 0.343311 0.558403 0.032987 0.022646
4 0.577886 0.362932 0.018326 0.041716
4 0.607208 0.410608 0.026878 0.025030
7 0.562004 0.776520 0.009774 0.025030
7 0.547037 0.781883 0.010385 0.019070
7 0.529322 0.782479 0.010385 0.017878
7 0.473122 0.743743 0.010385 0.019070
7 0.464264 0.744934 0.008552 0.014303
5 0.949297 0.648391 0.029322 0.028605
7 0.973732 0.678188 0.015883 0.019070
5 0.331399 0.734803 0.021381 0.013111
7 0.384850 0.768176 0.009774 0.022646
5 0.903177 0.430870 0.020159 0.044100
3 0.165852 0.578069 0.080024 0.057211
7 0.355834 0.911204 0.011607 0.017878
7 0.365302 0.901073 0.009774 0.016687
5 0.864081 0.696663 0.026268 0.013111
7 0.866219 0.716329 0.018326 0.016687
7 0.799328 0.666269 0.012828 0.023838
7 0.806659 0.657926 0.014050 0.014303
7 0.952352 0.742551 0.014661 0.021454
7 0.457702 0.210084 0.005587 0.016807
1 0.555068 0.234454 0.032721 0.149580
7 0.432961 0.512605 0.008779 0.020168
0 0.238627 0.567227 0.067039 0.048739
7 0.367917 0.574790 0.009577 0.016807
5 0.368316 0.583193 0.024741 0.020168
7 0.135674 0.992437 0.011173 0.011765
7 0.099761 0.992437 0.009577 0.011765
6 0.523943 0.707563 0.037510 0.040336
6 0.862729 0.669748 0.047885 0.045378
