7 0.609000 0.061400 0.019500 0.044000
7 0.637900 0.100500 0.029400 0.042700
7 0.371600 0.730700 0.018600 0.033700
7 0.898300 0.688900 0.037300 0.028100
6 0.726800 0.445600 0.074700 0.066700
6 0.852400 0.463600 0.077500 0.062800
6 0.762600 0.597400 0.075500 0.065000
6 0.866100 0.571600 0.075800 0.071200
6 0.958100 0.480900 0.081700 0.062800
6 0.944700 0.555600 0.072600 0.060200
0 0.033100 0.557900 0.065000 0.083900
7 0.359537 0.752941 0.008779 0.036975
6 0.403033 0.903361 0.041500 0.129412
1 0.549880 0.791597 0.049481 0.282353
