0 0.473800 0.203500 0.028100 0.111200
0 0.473500 0.055900 0.026100 0.096900
0 0.510100 0.038200 0.024500 0.075600
5 0.420591 0.172269 0.011173 0.042017
7 0.296887 0.532773 0.011173 0.020168
7 0.376696 0.513445 0.009577 0.025210
7 0.559058 0.155462 0.010375 0.021849
7 0.553073 0.142017 0.009577 0.021849
7 0.569034 0.322689 0.015962 0.026891
6 0.780527 0.515966 0.036712 0.040336
6 0.430567 0.267227 0.019952 0.084034
6 0.432163 0.869748 0.019952 0.075630
6 0.294493 0.602521 0.046289 0.031933
4 0.039106 0.595798 0.028731 0.038655
4 0.535914 0.063025 0.011971 0.048739
4 0.426576 0.210084 0.011971 0.040336
2 0.523543 0.252101 0.049481 0.289076
3 0.880287 0.617647 0.084597 0.058824
0 0.133679 0.594118 0.067837 0.048739
