7 0.577700 0.611000 0.015300 0.028400
7 0.695000 0.596100 0.015800 0.029100
7 0.486300 0.251000 0.015400 0.021600
7 0.854100 0.583100 0.019800 0.031500
7 0.668500 0.755800 0.012500 0.023700
4 0.350400 0.269000 0.040900 0.029600
4 0.422700 0.350600 0.043500 0.039700
0 0.867900 0.363700 0.086500 0.075700
0 0.241600 0.280100 0.099500 0.082100
6 0.194258 0.547676 0.061087 0.046484
6 0.139279 0.548868 0.050092 0.051251
6 0.142639 0.458284 0.070250 0.060787
6 0.406536 0.437426 0.060476 0.061979
6 0.609346 0.351609 0.069029 0.059595
6 0.667379 0.423123 0.065363 0.057211
6 0.774893 0.513707 0.066585 0.059595
6 0.841478 0.524434 0.056811 0.050060
6 0.869578 0.453516 0.073916 0.063170
6 0.790776 0.445769 0.069029 0.054827
6 0.961210 0.395709 0.072694 0.057211
6 0.967624 0.256853 0.062309 0.063170
6 0.799633 0.270560 0.070861 0.064362
3 0.124007 0.289035 0.122175 0.094160
4 0.744655 0.020858 0.024435 0.036949
4 0.784056 0.026818 0.037263 0.027414
4 0.801161 0.058403 0.039707 0.042908
5 0.790165 0.092968 0.034820 0.021454
5 0.821930 0.113230 0.026268 0.040524
5 0.865302 0.134088 0.015272 0.053635
5 0.881796 0.120977 0.011607 0.060787
5 0.892792 0.122765 0.009163 0.069130
5 0.905925 0.122169 0.012217 0.060787
5 0.919976 0.138260 0.013439 0.066746
5 0.932804 0.117998 0.012217 0.069130
5 0.947159 0.117998 0.014050 0.078665
5 0.962737 0.115614 0.013439 0.078665
7 0.589493 0.077473 0.013439 0.030989
7 0.562920 0.203814 0.015272 0.038141
7 0.697007 0.560787 0.021991 0.029797
7 0.731216 0.613230 0.014661 0.032181
7 0.745266 0.604291 0.013439 0.030989
7 0.710141 0.618594 0.012828 0.026222
5 0.199756 0.186532 0.042761 0.029797
7 0.869912 0.043697 0.015962 0.026891
