7 0.450200 0.181600 0.014700 0.024100
7 0.301900 0.579200 0.010000 0.015200
7 0.334400 0.586600 0.012200 0.016000
0 0.287100 0.552400 0.049500 0.036200
0 0.445900 0.039100 0.021800 0.078600
7 0.714286 0.547059 0.012769 0.018487
7 0.550678 0.352101 0.011173 0.021849
7 0.532322 0.431933 0.007981 0.020168
7 0.314844 0.577311 0.008779 0.015126
7 0.944533 0.614286 0.015164 0.018487
4 0.456105 0.906723 0.018356 0.038655
4 0.456504 0.952941 0.017558 0.033613
4 0.444134 0.184874 0.010375 0.043697
4 0.441341 0.219328 0.007981 0.035294
4 0.442139 0.258824 0.009577 0.036975
4 0.882283 0.510084 0.024741 0.021849
0 0.878691 0.584034 0.047885 0.042017
0 0.938547 0.590756 0.052674 0.038655
0 0.229848 0.552941 0.049481 0.036975
1 0.050279 0.541176 0.063847 0.047059
1 0.645650 0.515966 0.047885 0.040336
1 0.719074 0.514286 0.057462 0.040336
1 0.796488 0.521849 0.055866 0.042017
3 0.723065 0.573109 0.059058 0.043697
6 0.446528 0.308403 0.016760 0.065546
6 0.474461 0.337815 0.018356 0.053782
6 0.591780 0.490756 0.029529 0.026891
6 0.593376 0.547059 0.031125 0.031933
6 0.626895 0.543697 0.029529 0.028571
6 0.853951 0.505882 0.028731 0.033613
6 0.455706 0.690756 0.017558 0.053782
6 0.449322 0.752941 0.015962 0.053782
1 0.521947 0.861345 0.033520 0.210084
