7 0.155000 0.316700 0.015200 0.028900
6 0.985000 0.429400 0.032800 0.033800
6 0.533919 0.705042 0.031923 0.035294
7 0.555068 0.335294 0.010375 0.018487
7 0.292099 0.675630 0.011173 0.016807
7 0.966480 0.366387 0.012769 0.030252
7 0.900239 0.715126 0.009577 0.021849
7 0.965682 0.695798 0.015962 0.016807
7 0.406225 0.947899 0.009577 0.016807
7 0.771748 0.655462 0.007981 0.016807
7 0.778132 0.662185 0.009577 0.013445
6 0.468077 0.815966 0.018356 0.058824
6 0.466480 0.901681 0.016760 0.062185
5 0.949322 0.324370 0.008779 0.030252
6 0.781724 0.603361 0.032721 0.030252
6 0.884278 0.493277 0.038308 0.031933
2 0.250998 0.484034 0.112530 0.060504
0 0.541899 0.564706 0.044693 0.036975
5 0.798484 0.472269 0.011971 0.020168
