7 0.610000 0.118800 0.020300 0.043200
7 0.373800 0.701300 0.020200 0.030400
6 0.721000 0.443900 0.072900 0.067000
6 0.845300 0.460900 0.073000 0.063800
6 0.949700 0.478600 0.075700 0.064200
0 0.037100 0.550900 0.073700 0.086900
7 0.632881 0.105882 0.028731 0.040336
6 0.401038 0.889916 0.034318 0.126050
5 0.470870 0.965546 0.022346 0.062185
1 0.552275 0.690756 0.071828 0.295798
6 0.934158 0.550420 0.072626 0.058824
6 0.856744 0.568067 0.074222 0.070588
6 0.755786 0.590756 0.071828 0.058824
6 0.439745 0.879832 0.036712 0.126050
