4 0.481900 0.157500 0.010900 0.038600
1 0.042900 0.547800 0.062800 0.046300
0 0.100500 0.493900 0.053600 0.044400
0 0.225600 0.559600 0.052100 0.040100
0 0.740100 0.522900 0.050200 0.041200
0 0.944900 0.599500 0.054300 0.040200
0 0.500400 0.265400 0.020500 0.090900
0 0.445900 0.038900 0.022100 0.079100
7 0.550678 0.355462 0.014366 0.021849
7 0.582602 0.455462 0.011173 0.016807
7 0.773743 0.263866 0.007183 0.013445
7 0.433759 0.321008 0.007183 0.016807
4 0.453312 0.920168 0.022346 0.038655
4 0.454509 0.964706 0.019952 0.033613
4 0.441341 0.222689 0.009577 0.038655
4 0.442139 0.263025 0.007981 0.035294
6 0.445730 0.311765 0.016760 0.065546
6 0.510375 0.884034 0.018356 0.063866
6 0.447725 0.765546 0.015962 0.055462
6 0.453711 0.705042 0.019952 0.065546
5 0.962490 0.531933 0.015962 0.025210
4 0.487231 0.805882 0.011971 0.042017
1 0.618915 0.511765 0.059856 0.042017
0 0.518356 0.602521 0.023144 0.095798
6 0.678372 0.501681 0.031923 0.035294
0 0.283719 0.559664 0.048683 0.040336
