7 0.773000 0.855300 0.015500 0.032400
7 0.421500 0.309400 0.018600 0.036900
7 0.544300 0.867900 0.015100 0.025700
7 0.748600 0.315200 0.016200 0.026100
7 0.568500 0.861500 0.014400 0.031100
4 0.689400 0.550200 0.047500 0.037700
0 0.906000 0.599300 0.106800 0.089900
0 0.057600 0.531900 0.108600 0.083700
5 0.719304 0.398689 0.009163 0.063170
5 0.803910 0.397497 0.009774 0.058403
5 0.788943 0.398689 0.009163 0.056019
5 0.773671 0.399285 0.010385 0.052443
5 0.759316 0.421335 0.010996 0.053635
5 0.748015 0.402265 0.010385 0.051251
5 0.731827 0.399881 0.009774 0.056019
5 0.705254 0.409416 0.016494 0.053635
5 0.655467 0.391538 0.026878 0.034565
5 0.626145 0.362336 0.034209 0.023838
5 0.569334 0.250894 0.015883 0.058403
6 0.095602 0.784863 0.075137 0.060787
6 0.409591 0.786651 0.062920 0.061979
6 0.495113 0.664482 0.064142 0.060787
6 0.598045 0.806317 0.065974 0.065554
6 0.777337 0.816448 0.071472 0.059595
6 0.849420 0.816448 0.073916 0.059595
6 0.948992 0.723480 0.084911 0.059595
6 0.849420 0.407628 0.064142 0.057211
7 0.830483 0.373063 0.016494 0.026222
7 0.951741 0.403456 0.025657 0.032181
7 0.908369 0.469011 0.034209 0.027414
7 0.962126 0.802741 0.028100 0.029797
7 0.932804 0.845650 0.032987 0.025030
7 0.966402 0.870083 0.021991 0.030989
7 0.822236 0.884386 0.028100 0.035757
7 0.555589 0.902861 0.014050 0.034565
7 0.532376 0.902861 0.015272 0.032181
4 0.170434 0.525626 0.042761 0.023838
4 0.583079 0.277116 0.033598 0.058403
4 0.621258 0.287843 0.039096 0.039333
4 0.639585 0.325983 0.043983 0.036949
7 0.906536 0.889750 0.018326 0.053635
0 0.564447 0.087008 0.046426 0.166865
5 0.019853 0.436830 0.038485 0.022646
7 0.343311 0.476162 0.012217 0.015495
7 0.708699 0.320168 0.017558 0.028571
6 0.667199 0.814286 0.052674 0.048739
