6 0.505800 0.174500 0.020900 0.068800
5 0.284900 0.541500 0.032200 0.027800
4 0.337600 0.538200 0.040400 0.035400
4 0.204800 0.501800 0.033900 0.030200
4 0.286700 0.542000 0.031700 0.027400
3 0.895500 0.652400 0.086100 0.055000
1 0.224200 0.595500 0.091500 0.067500
0 0.538200 0.270900 0.026900 0.118200
0 0.138200 0.595500 0.068300 0.052400
0 0.623304 0.558824 0.063847 0.055462
5 0.764964 0.618487 0.027933 0.023529
4 0.438547 0.222689 0.010375 0.038655
4 0.073823 0.594118 0.016760 0.028571
4 0.042698 0.594958 0.027933 0.033613
6 0.451716 0.131092 0.023943 0.084034
6 0.443336 0.278992 0.021548 0.084034
6 0.487231 0.541176 0.042298 0.040336
6 0.436153 0.891597 0.019952 0.078992
6 0.484038 0.336975 0.021548 0.068908
7 0.581006 0.341176 0.012769 0.026891
