5 0.514700 0.319400 0.010500 0.043200
4 0.514700 0.319300 0.009300 0.042300
0 0.507400 0.091900 0.019700 0.075000
0 0.941000 0.590800 0.055600 0.040800
0 0.444100 0.038700 0.022100 0.075500
7 0.566241 0.603361 0.008779 0.020168
7 0.546688 0.132773 0.007981 0.020168
7 0.549880 0.350420 0.011173 0.021849
7 0.543097 0.613445 0.010375 0.020168
7 0.611732 0.450420 0.010375 0.013445
7 0.741022 0.595798 0.010375 0.015126
7 0.428172 0.022689 0.008779 0.021849
7 0.439745 0.667227 0.006385 0.020168
7 0.038707 0.573950 0.011971 0.018487
4 0.455307 0.912605 0.019952 0.040336
4 0.455706 0.958824 0.019154 0.031933
4 0.439745 0.220168 0.009577 0.040336
4 0.440543 0.259664 0.007981 0.031933
1 0.510774 0.207563 0.022346 0.105882
1 0.664405 0.517647 0.048683 0.040336
0 0.880686 0.584034 0.048683 0.042017
0 0.284916 0.555462 0.047885 0.038655
0 0.226656 0.555462 0.049481 0.038655
1 0.772147 0.515966 0.058260 0.043697
1 0.901836 0.528571 0.057462 0.042017
4 0.504389 0.014286 0.011173 0.028571
6 0.444533 0.308403 0.015962 0.065546
6 0.454908 0.694118 0.017558 0.057143
6 0.448125 0.757143 0.016760 0.055462
6 0.415802 0.492437 0.030327 0.033613
6 0.591780 0.490756 0.029529 0.026891
6 0.592977 0.547899 0.031923 0.036975
6 0.626895 0.545378 0.029529 0.031933
3 0.723863 0.573109 0.059058 0.043697
1 0.045491 0.544538 0.062251 0.047059
