7 0.818100 0.628000 0.014500 0.023900
7 0.466000 0.388000 0.013500 0.030200
7 0.773100 0.458200 0.018300 0.023300
7 0.407600 0.766900 0.012400 0.022200
7 0.858700 0.676700 0.021800 0.025700
7 0.447700 0.748600 0.010600 0.021800
7 0.410100 0.749000 0.010500 0.018900
7 0.358400 0.554700 0.013900 0.023000
7 0.186200 0.610800 0.014500 0.021400
7 0.474900 0.337800 0.012700 0.022800
7 0.358500 0.572400 0.011900 0.019300
7 0.746200 0.737100 0.016100 0.027300
7 0.537400 0.747100 0.012300 0.023100
7 0.334600 0.760600 0.011900 0.021200
7 0.322600 0.760300 0.010400 0.019800
6 0.120000 0.667500 0.047900 0.044100
1 0.968900 0.437000 0.060500 0.101400
0 0.816100 0.525900 0.070100 0.055800
0 0.030500 0.652200 0.060600 0.045300
0 0.240000 0.564300 0.065300 0.048900
0 0.572000 0.627300 0.068600 0.055600
0 0.047200 0.569300 0.074200 0.048800
0 0.487800 0.193000 0.029800 0.113000
5 0.722053 0.438617 0.009774 0.033373
5 0.705254 0.443385 0.007941 0.033373
5 0.695785 0.441597 0.006109 0.034565
5 0.687538 0.440405 0.005498 0.034565
5 0.680208 0.444577 0.005498 0.035757
5 0.670434 0.446365 0.006720 0.039333
5 0.660354 0.445769 0.006109 0.038141
5 0.650886 0.445173 0.006720 0.036949
5 0.642639 0.449344 0.008552 0.026222
5 0.613622 0.441597 0.014050 0.020262
5 0.593158 0.426698 0.021991 0.011919
5 0.555895 0.359356 0.008552 0.036949
6 0.176848 0.742551 0.032376 0.030989
6 0.212279 0.743147 0.040929 0.034565
6 0.281613 0.721692 0.040318 0.032181
6 0.369578 0.711561 0.040318 0.045292
6 0.410812 0.718713 0.038485 0.035757
6 0.624618 0.709178 0.033598 0.030989
6 0.740684 0.697259 0.043372 0.028605
6 0.984728 0.274136 0.024435 0.064362
6 0.926695 0.374851 0.036652 0.060787
7 0.777031 0.410012 0.012217 0.011919
4 0.602016 0.404052 0.026268 0.021454
4 0.571778 0.361144 0.018326 0.038141
4 0.547343 0.141836 0.029322 0.028605
4 0.341173 0.554827 0.026268 0.017878
7 0.541845 0.771752 0.008552 0.015495
7 0.557422 0.767580 0.009163 0.023838
7 0.566585 0.761025 0.010385 0.017878
7 0.574527 0.756257 0.009163 0.015495
7 0.625840 0.728248 0.007941 0.014303
7 0.694258 0.733015 0.009163 0.023838
7 0.760538 0.733015 0.014661 0.021454
7 0.489310 0.680572 0.008552 0.014303
7 0.492670 0.693087 0.015272 0.017878
7 0.963958 0.669249 0.017104 0.017878
7 0.924252 0.624553 0.018326 0.021454
5 0.459682 0.230632 0.006720 0.046484
5 0.332010 0.728844 0.020159 0.013111
3 0.165547 0.574493 0.078192 0.054827
7 0.435553 0.466627 0.009774 0.022646
7 0.358277 0.873659 0.007941 0.014303
7 0.362248 0.889154 0.008552 0.016687
7 0.101405 0.986889 0.010996 0.019070
7 0.138668 0.988081 0.013439 0.021454
1 0.549880 0.234454 0.031923 0.149580
7 0.142059 0.544538 0.014366 0.010084
7 0.301676 0.761345 0.011173 0.013445
6 0.458101 0.709244 0.043097 0.036975
6 0.695930 0.699160 0.043097 0.036975
6 0.684757 0.653782 0.046289 0.036975
6 0.578212 0.706723 0.040702 0.038655
7 0.988029 0.649580 0.017558 0.025210
6 0.984437 0.676471 0.029529 0.035294
6 0.861133 0.642017 0.047885 0.036975
7 0.782522 0.396639 0.013567 0.023529
