4 0.652500 0.504400 0.020900 0.018600
1 0.044500 0.534900 0.064100 0.049800
0 0.940900 0.612200 0.055100 0.039400
0 0.830000 0.543300 0.050300 0.037900
0 0.609000 0.524000 0.046100 0.038100
0 0.511500 0.471900 0.023800 0.076900
0 0.514600 0.757600 0.018400 0.069900
7 0.551875 0.359664 0.013567 0.023529
7 0.553472 0.432773 0.008779 0.018487
7 0.437749 0.732773 0.005587 0.013445
7 0.369912 0.594118 0.007183 0.011765
7 0.383879 0.589916 0.006385 0.013445
7 0.432961 0.324370 0.005587 0.020168
4 0.449721 0.916807 0.019952 0.038655
4 0.450519 0.963025 0.019952 0.030252
4 0.443336 0.224370 0.008779 0.035294
4 0.442937 0.262185 0.007981 0.033613
6 0.754589 0.534454 0.032721 0.033613
6 0.480048 0.870588 0.016760 0.060504
6 0.445730 0.761345 0.016760 0.057143
6 0.587390 0.573109 0.030327 0.030252
6 0.474062 0.268908 0.017558 0.057143
6 0.446927 0.310924 0.015962 0.067227
4 0.482841 0.179832 0.009577 0.040336
0 0.448923 0.039496 0.023144 0.078992
0 0.226656 0.551261 0.049481 0.040336
0 0.284118 0.552101 0.047885 0.042017
