6 0.800600 0.603700 0.036200 0.033300
0 0.501600 0.365000 0.023200 0.102500
6 0.539106 0.706723 0.031125 0.035294
7 0.962091 0.329412 0.016760 0.020168
7 0.977255 0.363866 0.010375 0.021849
7 0.418196 0.952941 0.007981 0.020168
7 0.406225 0.951261 0.011173 0.016807
7 0.804469 0.633613 0.009577 0.020168
7 0.797287 0.639496 0.012769 0.018487
6 0.471668 0.819328 0.017558 0.062185
6 0.470072 0.906723 0.017558 0.065546
0 0.503990 0.497479 0.045491 0.036975
1 0.199920 0.477311 0.059856 0.043697
4 0.336792 0.479832 0.022346 0.018487
6 0.405028 0.481513 0.032721 0.028571
