7 0.951900 0.398500 0.020000 0.026000
7 0.329900 0.844800 0.015900 0.023800
7 0.364100 0.908900 0.017000 0.034300
7 0.549000 0.867800 0.017000 0.029300
7 0.282800 0.694400 0.021000 0.039200
7 0.495600 0.876700 0.015400 0.030700
7 0.337900 0.870600 0.018000 0.026600
6 0.503500 0.333000 0.049200 0.108800
4 0.824900 0.506100 0.038900 0.040900
0 0.564800 0.080700 0.055200 0.158700
0 0.052100 0.531700 0.109500 0.082500
5 0.722358 0.390942 0.009163 0.059595
5 0.809102 0.394517 0.010385 0.069130
5 0.792303 0.389750 0.010996 0.059595
5 0.778558 0.389154 0.010385 0.056019
5 0.762676 0.410608 0.012828 0.065554
5 0.750458 0.399881 0.012828 0.056019
5 0.735186 0.396901 0.009163 0.059595
5 0.707392 0.402861 0.018326 0.054827
5 0.658522 0.385578 0.030544 0.036949
5 0.630116 0.358164 0.034820 0.025030
5 0.569945 0.243743 0.013439 0.051251
6 0.210446 0.774136 0.070250 0.067938
6 0.403787 0.679380 0.053757 0.059595
6 0.600183 0.805721 0.065363 0.061979
6 0.831399 0.715733 0.069640 0.056019
6 0.853696 0.815852 0.071472 0.058403
6 0.853390 0.399285 0.063531 0.057211
5 0.297495 0.822408 0.028100 0.066746
7 0.911423 0.464243 0.029322 0.027414
7 0.934942 0.360548 0.017715 0.017878
7 0.953268 0.355185 0.022602 0.019070
4 0.167379 0.526818 0.042761 0.021454
4 0.581857 0.274732 0.028711 0.063170
4 0.621869 0.284267 0.037874 0.041716
4 0.640501 0.322408 0.043372 0.036949
7 0.363470 0.570322 0.018326 0.025030
7 0.232437 0.938617 0.023824 0.032181
7 0.533293 0.904052 0.012217 0.032181
7 0.555895 0.907628 0.015883 0.036949
7 0.905315 0.845054 0.021991 0.038141
7 0.960904 0.825983 0.032987 0.033373
7 0.957544 0.783671 0.027489 0.034565
7 0.966097 0.388558 0.018937 0.021454
7 0.844533 0.369487 0.017715 0.023838
0 0.909417 0.612605 0.101357 0.075630
7 0.709497 0.314286 0.015962 0.026891
6 0.671189 0.813445 0.049481 0.050420
7 0.920192 0.307563 0.023943 0.020168
7 0.990024 0.847059 0.016760 0.030252
7 0.567438 0.267227 0.012769 0.026891
