6 0.533919 0.701681 0.030327 0.031933
7 0.963288 0.407563 0.012769 0.015126
7 0.959697 0.353782 0.010375 0.021849
7 0.946927 0.847059 0.010375 0.023529
7 0.939745 0.843697 0.008779 0.013445
7 0.032322 0.278151 0.010375 0.018487
7 0.408619 0.944538 0.009577 0.020168
7 0.418196 0.947899 0.007981 0.016807
6 0.469274 0.814286 0.019154 0.058824
6 0.468476 0.898319 0.019154 0.065546
6 0.980846 0.416807 0.036712 0.033613
5 0.942937 0.315126 0.008779 0.035294
0 0.479649 0.365546 0.019154 0.075630
6 0.778532 0.595798 0.032721 0.031933
