7 0.703300 0.545800 0.012500 0.017100
3 0.726700 0.572400 0.060400 0.043000
1 0.801300 0.519900 0.056200 0.044800
0 0.525000 0.311000 0.023100 0.097700
0 0.944000 0.588000 0.054300 0.041300
0 0.486800 0.163000 0.019400 0.085500
0 0.481600 0.064500 0.019200 0.084600
7 0.552275 0.348739 0.014366 0.025210
7 0.848763 0.605882 0.011971 0.015126
7 0.144054 0.571429 0.010375 0.013445
4 0.456903 0.910924 0.019952 0.040336
4 0.459298 0.956303 0.019952 0.033613
7 0.433759 0.223529 0.007183 0.020168
4 0.444533 0.257143 0.009577 0.033613
4 0.443735 0.215966 0.007981 0.038655
4 0.445730 0.179832 0.007183 0.040336
4 0.887470 0.508403 0.023943 0.021849
0 0.446927 0.036975 0.023943 0.073950
0 0.514765 0.183193 0.022346 0.090756
0 0.884677 0.583193 0.048683 0.043697
0 0.288109 0.552941 0.047885 0.036975
0 0.229848 0.552101 0.049481 0.038655
1 0.049481 0.541176 0.062251 0.043697
1 0.639266 0.512605 0.047885 0.040336
1 0.723065 0.512605 0.057462 0.040336
1 0.944134 0.531092 0.065443 0.043697
4 0.482043 0.256303 0.011173 0.045378
6 0.447326 0.305042 0.016760 0.065546
3 0.519154 0.061345 0.023144 0.115966
6 0.569034 0.488235 0.028731 0.025210
6 0.555068 0.559664 0.032721 0.047059
6 0.606943 0.545378 0.029529 0.031933
6 0.858739 0.501681 0.030327 0.031933
6 0.990024 0.520168 0.016760 0.031933
6 0.458101 0.690756 0.017558 0.053782
6 0.451317 0.752941 0.016760 0.050420
