7 0.769100 0.474300 0.019100 0.025500
7 0.967700 0.637700 0.018100 0.028900
7 0.888400 0.674400 0.014700 0.021700
7 0.707200 0.721000 0.015600 0.023800
7 0.787200 0.648400 0.014700 0.024000
7 0.567600 0.730200 0.013800 0.024400
7 0.806700 0.393900 0.017900 0.018300
7 0.761000 0.711500 0.013400 0.022600
7 0.688800 0.726700 0.011800 0.020800
6 0.867800 0.429900 0.049400 0.041200
6 0.893900 0.644400 0.045300 0.047600
5 0.546100 0.488600 0.023000 0.042300
4 0.876600 0.494700 0.030500 0.034100
3 0.073200 0.700500 0.093100 0.057900
0 0.941400 0.415800 0.057400 0.089000
0 0.479700 0.389000 0.029100 0.124800
0 0.045900 0.536800 0.076200 0.053600
0 0.239100 0.534300 0.065500 0.051100
5 0.705507 0.423756 0.007981 0.038523
5 0.695930 0.422151 0.007981 0.038523
5 0.686353 0.422953 0.007981 0.040128
5 0.679170 0.420546 0.007981 0.038523
5 0.669593 0.428571 0.007981 0.041734
5 0.651237 0.422151 0.007981 0.038523
5 0.642857 0.431782 0.011971 0.032103
5 0.612530 0.420546 0.016760 0.025682
5 0.593775 0.405297 0.025539 0.017657
5 0.556664 0.345104 0.011971 0.051364
6 0.208308 0.712157 0.039096 0.036949
6 0.174404 0.711561 0.032376 0.035757
7 0.305742 0.681764 0.011607 0.014303
7 0.424557 0.501192 0.009774 0.015495
7 0.408980 0.499404 0.009163 0.014303
4 0.338119 0.527414 0.025046 0.017878
6 0.423030 0.651371 0.038485 0.039333
6 0.408674 0.694279 0.040318 0.034565
6 0.458461 0.685936 0.043372 0.044100
6 0.517104 0.679976 0.037263 0.044100
6 0.577581 0.685936 0.038485 0.039333
6 0.738852 0.681764 0.038485 0.030989
6 0.983812 0.666269 0.031155 0.035757
6 0.506109 0.237783 0.023824 0.075089
6 0.559560 0.408224 0.036652 0.070322
6 0.302993 0.612038 0.037874 0.036949
4 0.547648 0.119785 0.028711 0.032181
7 0.569334 0.018474 0.009774 0.022646
4 0.572389 0.337902 0.018326 0.039333
4 0.601405 0.381406 0.028711 0.026222
7 0.455712 0.297378 0.009774 0.022646
5 0.329261 0.702026 0.018326 0.016687
7 0.902260 0.692491 0.014661 0.014303
7 0.861637 0.690107 0.017715 0.016687
7 0.877214 0.687723 0.015883 0.019070
7 0.540012 0.745530 0.008552 0.020262
7 0.554368 0.747318 0.007941 0.023838
7 0.664020 0.734207 0.008552 0.019070
7 0.668296 0.710369 0.009774 0.019070
7 0.811240 0.424315 0.009774 0.014303
7 0.802077 0.441597 0.010996 0.017878
7 0.791998 0.448749 0.014050 0.020262
3 0.164020 0.542908 0.077581 0.060787
7 0.372327 0.782479 0.007941 0.015495
7 0.397679 0.748510 0.008552 0.014303
7 0.095296 0.957092 0.012217 0.021454
7 0.134087 0.957688 0.014050 0.022646
7 0.416310 0.489869 0.006720 0.014303
7 0.358277 0.860548 0.007941 0.021454
1 0.551476 0.213445 0.031923 0.147899
7 0.385874 0.653782 0.011971 0.016807
6 0.358340 0.663866 0.039904 0.040336
6 0.713488 0.607563 0.041500 0.038655
6 0.637271 0.586555 0.043895 0.040336
6 0.695132 0.679832 0.044693 0.038655
6 0.623703 0.685714 0.034318 0.036975
7 0.928571 0.662185 0.016760 0.023529
