7 0.573900 0.939100 0.012500 0.031600
4 0.016700 0.548300 0.031400 0.030500
1 0.484100 0.204200 0.029000 0.141300
0 0.502200 0.760600 0.028400 0.123300
0 0.515500 0.947300 0.029000 0.107200
5 0.420192 0.168908 0.010375 0.045378
7 0.411014 0.168067 0.006385 0.030252
0 0.132482 0.589916 0.067039 0.050420
3 0.880287 0.612605 0.087789 0.055462
4 0.874302 0.528571 0.031125 0.025210
4 0.425778 0.206723 0.010375 0.040336
6 0.641261 0.510084 0.039106 0.042017
6 0.489226 0.378151 0.022346 0.077311
6 0.430567 0.260504 0.019952 0.080672
6 0.431764 0.865546 0.020750 0.077311
4 0.037510 0.592437 0.031923 0.038655
7 0.568635 0.317647 0.016760 0.026891
7 0.414206 0.652941 0.011173 0.015126
