1 0.046100 0.533800 0.061700 0.049900
0 0.940400 0.608900 0.055800 0.040000
0 0.485100 0.140400 0.022000 0.090500
0 0.609300 0.521500 0.047000 0.039700
0 0.749300 0.533900 0.048400 0.039900
0 0.510500 0.885400 0.023300 0.080000
7 0.557861 0.442857 0.007981 0.015126
7 0.551875 0.357983 0.015164 0.023529
7 0.439346 0.650420 0.007183 0.013445
7 0.415802 0.587395 0.009577 0.018487
7 0.427374 0.588235 0.008779 0.016807
7 0.041101 0.558824 0.011971 0.018487
7 0.434158 0.264706 0.006385 0.018487
7 0.432562 0.242857 0.006385 0.018487
4 0.451716 0.958824 0.020750 0.035294
4 0.443336 0.224370 0.008779 0.038655
4 0.443735 0.261345 0.007981 0.038655
6 0.446528 0.757143 0.015164 0.055462
4 0.452115 0.912605 0.018356 0.033613
6 0.447326 0.309244 0.016760 0.067227
6 0.470471 0.354622 0.016760 0.057143
6 0.587789 0.570588 0.029529 0.031933
6 0.678771 0.528571 0.031125 0.031933
6 0.853152 0.544538 0.028731 0.030252
4 0.486034 0.340336 0.009577 0.042017
4 0.651636 0.501681 0.023144 0.021849
0 0.449322 0.039496 0.023943 0.075630
0 0.227055 0.549580 0.050279 0.040336
0 0.285714 0.551261 0.047885 0.036975
