6 0.126400 0.474600 0.037000 0.032200
3 0.503300 0.313500 0.024400 0.107200
1 0.044700 0.548300 0.060700 0.048200
0 0.880200 0.565800 0.050200 0.055400
0 0.938900 0.588300 0.054600 0.039700
0 0.496100 0.164200 0.023600 0.092600
7 0.547885 0.352101 0.013567 0.021849
7 0.676377 0.595798 0.007183 0.015126
7 0.582203 0.451261 0.008779 0.021849
7 0.419393 0.568908 0.008779 0.015126
7 0.430966 0.380672 0.006385 0.015126
4 0.454110 0.910924 0.020750 0.036975
4 0.454110 0.957143 0.022346 0.031933
4 0.439346 0.259664 0.010375 0.035294
4 0.438148 0.222689 0.007981 0.038655
6 0.443735 0.308403 0.015962 0.065546
6 0.532721 0.510084 0.027933 0.028571
6 0.525938 0.601681 0.028731 0.053782
6 0.507981 0.708403 0.018356 0.055462
6 0.483639 0.801681 0.019154 0.057143
6 0.499601 0.972269 0.017558 0.052101
5 0.680367 0.490756 0.015164 0.020168
4 0.437749 0.492437 0.023144 0.020168
0 0.483240 0.044538 0.021548 0.089076
0 0.441740 0.039496 0.023144 0.078992
0 0.266560 0.494118 0.049481 0.040336
6 0.448125 0.757983 0.015164 0.053782
6 0.454509 0.698319 0.019952 0.062185
0 0.285315 0.556303 0.047087 0.040336
0 0.226257 0.556303 0.050279 0.040336
