5 0.243700 0.496900 0.027500 0.026400
4 0.487400 0.682300 0.016300 0.054700
0 0.314300 0.535100 0.068500 0.053600
7 0.573823 0.328571 0.015962 0.028571
7 0.421389 0.660504 0.011173 0.033613
0 0.141261 0.597479 0.067039 0.052101
3 0.882283 0.623529 0.085395 0.057143
4 0.047087 0.601681 0.030327 0.036975
4 0.431365 0.218487 0.010375 0.043697
4 0.619713 0.530252 0.035914 0.028571
4 0.452115 0.391597 0.011971 0.057143
6 0.436951 0.872269 0.019952 0.077311
6 0.289306 0.608403 0.043895 0.033613
6 0.435754 0.276471 0.020750 0.085714
6 0.446528 0.480672 0.039106 0.084034
7 0.041899 0.559664 0.021548 0.023529
