7 0.162500 0.616600 0.015700 0.027000
7 0.776300 0.483700 0.018100 0.022400
7 0.182900 0.616600 0.017700 0.023600
7 0.147700 0.506300 0.015900 0.022800
7 0.480900 0.743700 0.010300 0.021600
7 0.463000 0.371200 0.011900 0.024200
7 0.936700 0.405200 0.015700 0.020400
7 0.661900 0.729800 0.013600 0.022600
7 0.693300 0.745200 0.016900 0.022900
7 0.382600 0.763000 0.011400 0.016700
7 0.800700 0.715800 0.013600 0.021900
7 0.479800 0.774200 0.008900 0.017400
7 0.551500 0.754500 0.012200 0.020700
6 0.828200 0.526100 0.048500 0.040800
6 0.565400 0.440300 0.041100 0.063300
6 0.956500 0.431400 0.046800 0.053700
4 0.184500 0.657900 0.040000 0.024800
0 0.241200 0.565400 0.066100 0.049200
0 0.046400 0.569400 0.074900 0.048800
0 0.483300 0.413900 0.029200 0.130800
5 0.726656 0.439005 0.008779 0.040128
5 0.711492 0.441413 0.007183 0.041734
5 0.702314 0.443018 0.006385 0.035313
5 0.693536 0.441413 0.007981 0.032103
5 0.685156 0.445425 0.007183 0.036918
5 0.673982 0.447833 0.008779 0.044944
5 0.656026 0.445425 0.006385 0.033708
5 0.647247 0.451846 0.011173 0.027287
5 0.616919 0.442215 0.015962 0.024077
5 0.597366 0.426164 0.023144 0.014446
5 0.560255 0.365971 0.011173 0.041734
6 0.177764 0.746722 0.031765 0.032181
6 0.211973 0.743743 0.039096 0.035757
6 0.283445 0.728844 0.040318 0.034565
6 0.371411 0.721097 0.035431 0.059595
6 0.412645 0.723480 0.039707 0.035757
6 0.465486 0.714541 0.045205 0.036949
6 0.522908 0.705602 0.037874 0.042908
6 0.583079 0.712753 0.038485 0.035757
6 0.630422 0.712157 0.032987 0.034565
6 0.701894 0.705602 0.042761 0.035757
6 0.745877 0.706198 0.041539 0.032181
6 0.861026 0.663290 0.047037 0.044100
6 0.903177 0.663886 0.043372 0.040524
6 0.934026 0.377831 0.035431 0.061979
6 0.518021 0.288439 0.024435 0.069130
4 0.576054 0.359356 0.018326 0.041716
4 0.605681 0.405840 0.027489 0.022646
4 0.549786 0.141240 0.026878 0.034565
4 0.341478 0.554827 0.025657 0.022646
7 0.403787 0.550656 0.013439 0.021454
7 0.786805 0.426103 0.013439 0.017878
7 0.536958 0.754470 0.010996 0.023838
7 0.547037 0.775328 0.007941 0.017878
7 0.560476 0.772944 0.007941 0.025030
5 0.944411 0.645411 0.026878 0.029797
7 0.970678 0.659118 0.014661 0.026222
5 0.332926 0.733015 0.021991 0.011919
7 0.312156 0.713945 0.014661 0.019070
7 0.784667 0.706198 0.012828 0.020262
7 0.812462 0.717521 0.012217 0.019070
7 0.827734 0.711561 0.017104 0.019070
7 0.870495 0.696663 0.009774 0.022646
5 0.897679 0.414184 0.026268 0.025030
7 0.032682 0.876639 0.017715 0.017878
3 0.166463 0.576281 0.080024 0.060787
7 0.100489 0.988081 0.012828 0.016687
7 0.139890 0.990465 0.010996 0.016687
7 0.356750 0.905840 0.009774 0.016687
7 0.364997 0.895113 0.009163 0.019070
7 0.984728 0.302145 0.012217 0.015495
1 0.554270 0.235294 0.031125 0.147899
7 0.391460 0.720168 0.008779 0.021849
6 0.608140 0.610924 0.043097 0.052101
6 0.737430 0.639496 0.046289 0.038655
6 0.694733 0.522689 0.045491 0.040336
