6 0.984100 0.409000 0.032900 0.033300
6 0.537510 0.698319 0.031125 0.031933
7 0.954509 0.209244 0.011173 0.021849
7 0.964086 0.345378 0.011173 0.021849
7 0.993216 0.221849 0.010375 0.016807
7 0.412610 0.942017 0.009577 0.021849
7 0.422985 0.942857 0.009577 0.020168
6 0.473663 0.810924 0.016760 0.058824
6 0.472466 0.895798 0.017558 0.063866
0 0.480447 0.372269 0.027135 0.092437
1 0.453711 0.478992 0.056664 0.040336
6 0.783320 0.589916 0.032721 0.030252
6 0.696728 0.472269 0.033520 0.030252
6 0.410615 0.571429 0.031125 0.026891
5 0.947725 0.310084 0.008779 0.031933
5 0.810854 0.473109 0.015962 0.025210
5 0.809657 0.505042 0.016760 0.025210
3 0.321229 0.476471 0.064645 0.048739
