7 0.413500 0.699800 0.009800 0.028600
1 0.207800 0.613700 0.089000 0.064200
0 0.418900 0.563400 0.061100 0.114400
0 0.252700 0.551600 0.065300 0.056700
7 0.563049 0.335294 0.015164 0.025210
7 0.403432 0.484034 0.010375 0.023529
6 0.967678 0.641176 0.045491 0.035294
6 0.587789 0.510924 0.040702 0.040336
6 0.427773 0.894958 0.019154 0.078992
6 0.464485 0.352101 0.022346 0.072269
6 0.422187 0.283193 0.020750 0.085714
6 0.428571 0.140336 0.022346 0.078992
5 0.106943 0.497479 0.028731 0.023529
4 0.417398 0.224370 0.011173 0.042017
4 0.025140 0.626050 0.027933 0.035294
4 0.055467 0.621008 0.021548 0.031933
3 0.880686 0.627731 0.083799 0.055462
0 0.122506 0.622689 0.067837 0.048739
