6 0.509700 0.209400 0.022500 0.068500
1 0.226100 0.590500 0.091900 0.065100
0 0.062100 0.492300 0.065000 0.061200
0 0.541500 0.266387 0.029529 0.122689
3 0.897047 0.658824 0.084597 0.063866
4 0.443336 0.219328 0.008779 0.042017
4 0.077414 0.584034 0.020750 0.031933
4 0.045890 0.586555 0.027933 0.033613
5 0.594972 0.664706 0.024741 0.028571
6 0.436153 0.884874 0.018356 0.078992
6 0.488428 0.332773 0.019154 0.070588
6 0.476856 0.242857 0.026337 0.085714
6 0.446927 0.275630 0.020750 0.084034
0 0.140064 0.589076 0.069433 0.052101
7 0.584996 0.338655 0.015962 0.031933
7 0.423783 0.952101 0.007981 0.031933
