6 0.221200 0.494900 0.033500 0.030600
6 0.679800 0.501000 0.030900 0.032300
1 0.042800 0.545900 0.063000 0.045100
1 0.620200 0.511800 0.060700 0.044600
0 0.345900 0.511300 0.050100 0.042200
0 0.225900 0.558500 0.052300 0.041100
0 0.947200 0.597700 0.054200 0.040400
0 0.445900 0.038100 0.021900 0.076500
7 0.551476 0.353782 0.012769 0.021849
7 0.581804 0.454622 0.009577 0.018487
7 0.313647 0.450420 0.009577 0.016807
4 0.454110 0.917647 0.020750 0.040336
4 0.455307 0.963866 0.019952 0.031933
4 0.500399 0.728571 0.009577 0.042017
4 0.441341 0.221008 0.007981 0.038655
4 0.442139 0.258824 0.007981 0.036975
0 0.979250 0.537815 0.038308 0.040336
0 0.484836 0.549580 0.021548 0.084034
4 0.533919 0.815966 0.009577 0.045378
6 0.500000 0.095798 0.018356 0.060504
6 0.446129 0.310084 0.017558 0.065546
6 0.521947 0.657983 0.015962 0.062185
6 0.455307 0.699160 0.018356 0.057143
6 0.448524 0.762185 0.014366 0.052101
6 0.479250 0.806723 0.018356 0.063866
6 0.503591 0.818487 0.015962 0.057143
0 0.284916 0.557143 0.047885 0.042017
