7 0.745800 0.385500 0.019000 0.024200
7 0.422500 0.489700 0.013600 0.029100
7 0.449200 0.403900 0.011300 0.027300
7 0.906500 0.307600 0.018600 0.028700
7 0.824200 0.626700 0.018500 0.021600
7 0.518700 0.654100 0.013200 0.024000
7 0.543500 0.652900 0.012200 0.022000
7 0.146800 0.508200 0.014300 0.020700
7 0.864300 0.614600 0.015600 0.024500
7 0.642300 0.646100 0.013200 0.024900
7 0.448500 0.059600 0.014400 0.026100
7 0.136100 0.953100 0.014100 0.028300
7 0.460000 0.060200 0.013100 0.026500
6 0.867000 0.584700 0.045800 0.046700
6 0.945400 0.324000 0.045100 0.070900
6 0.533700 0.554800 0.036900 0.045200
3 0.050000 0.621800 0.091500 0.052500
0 0.636400 0.474000 0.061200 0.060100
0 0.030800 0.458700 0.061800 0.053300
0 0.457000 0.318900 0.029100 0.124900
0 0.216600 0.461200 0.067200 0.054800
5 0.681963 0.361156 0.007183 0.041734
5 0.672386 0.360353 0.007183 0.033708
5 0.664006 0.360353 0.007981 0.033708
5 0.656026 0.362761 0.007981 0.038523
5 0.645251 0.364366 0.007183 0.041734
5 0.627694 0.361156 0.007183 0.038523
5 0.618117 0.367576 0.010375 0.032103
5 0.588188 0.357945 0.017558 0.025682
5 0.570231 0.340289 0.023144 0.016051
5 0.532721 0.280899 0.010375 0.051364
7 0.012828 0.753278 0.017104 0.016687
6 0.350336 0.603099 0.037263 0.057211
6 0.383934 0.620977 0.038485 0.035757
6 0.434026 0.615018 0.042150 0.040524
6 0.492670 0.609058 0.037263 0.042908
6 0.552230 0.617998 0.039096 0.036949
6 0.598045 0.620977 0.031765 0.030989
6 0.712279 0.616210 0.040318 0.030989
6 0.877214 0.411800 0.048870 0.053635
1 0.529322 0.148987 0.032376 0.145411
4 0.527489 0.055423 0.026268 0.034565
7 0.448687 0.025030 0.010385 0.021454
4 0.548870 0.273540 0.017715 0.034565
4 0.576054 0.320620 0.028100 0.026222
7 0.434942 0.229440 0.007330 0.022646
4 0.315822 0.455304 0.025657 0.016687
5 0.303910 0.629917 0.020159 0.015495
7 0.243739 0.648391 0.012217 0.016687
7 0.903177 0.603695 0.015272 0.020262
5 0.461820 0.663290 0.010996 0.056019
7 0.434942 0.312277 0.010996 0.019070
7 0.109041 0.880810 0.012828 0.021454
7 0.071167 0.877831 0.012828 0.020262
7 0.484423 0.744934 0.009774 0.021454
7 0.514966 0.681168 0.010996 0.022646
7 0.529016 0.678188 0.008552 0.023838
7 0.391265 0.426103 0.010385 0.017878
7 0.540623 0.667461 0.010996 0.014303
3 0.142059 0.467227 0.076616 0.057143
6 0.307263 0.584874 0.041500 0.040336
6 0.186353 0.635294 0.043895 0.033613
6 0.150040 0.635294 0.030327 0.030252
6 0.789306 0.564706 0.046289 0.040336
6 0.728651 0.511765 0.043097 0.038655
6 0.766560 0.452101 0.047087 0.036975
6 0.668795 0.615126 0.043097 0.040336
7 0.986433 0.596639 0.011173 0.016807
6 0.958899 0.605042 0.050279 0.036975
6 0.845970 0.509244 0.047885 0.040336
6 0.841979 0.368908 0.046289 0.038655
