7 0.453700 0.868900 0.014400 0.028900
1 0.225700 0.587200 0.089600 0.064300
0 0.543000 0.265100 0.028900 0.117800
4 0.789306 0.591597 0.033520 0.023529
4 0.076616 0.580672 0.019154 0.031933
4 0.045491 0.584034 0.028731 0.035294
4 0.443336 0.215126 0.008779 0.043697
6 0.509577 0.207563 0.021548 0.068908
6 0.476057 0.239496 0.024741 0.082353
6 0.488428 0.331933 0.020750 0.068908
6 0.446927 0.273950 0.020750 0.087395
6 0.436951 0.886555 0.018356 0.078992
7 0.586592 0.335294 0.015962 0.028571
7 0.576217 0.680672 0.009577 0.020168
5 0.571429 0.679832 0.025539 0.031933
3 0.897845 0.656303 0.086193 0.062185
0 0.140463 0.587395 0.068635 0.055462
