7 0.270400 0.459300 0.012300 0.021900
6 0.474900 0.225900 0.022100 0.073800
0 0.490600 0.823700 0.032200 0.127600
0 0.511900 0.042800 0.023200 0.085000
0 0.477500 0.475500 0.025400 0.098700
0 0.139800 0.601000 0.066600 0.047900
5 0.422985 0.184034 0.011173 0.042017
2 0.525938 0.266387 0.051077 0.290756
3 0.879090 0.623529 0.083799 0.057143
4 0.538308 0.076471 0.013567 0.055462
5 0.784517 0.503361 0.025539 0.021849
4 0.428970 0.221008 0.008779 0.038655
4 0.043496 0.602521 0.027933 0.038655
6 0.876297 0.561345 0.043097 0.040336
6 0.732642 0.573950 0.039904 0.045378
6 0.639665 0.515126 0.037510 0.038655
6 0.432961 0.277311 0.019952 0.087395
6 0.287709 0.610084 0.045491 0.033613
6 0.435355 0.873950 0.021548 0.077311
7 0.570630 0.327731 0.014366 0.026891
