7 0.072500 0.850300 0.018500 0.026600
7 0.780500 0.465700 0.017500 0.021900
7 0.501400 0.278700 0.013400 0.025500
7 0.147700 0.520500 0.015400 0.022700
7 0.763800 0.456800 0.015100 0.021000
7 0.509800 0.065000 0.013200 0.034100
7 0.722400 0.733900 0.011400 0.026000
7 0.820100 0.773600 0.014400 0.026700
7 0.705700 0.752200 0.011700 0.024400
7 0.359500 0.906500 0.009700 0.020900
7 0.376700 0.814200 0.012400 0.021400
7 0.474100 0.739700 0.010900 0.023400
7 0.464000 0.743600 0.009400 0.019700
6 0.110400 0.641100 0.045700 0.041600
6 0.762400 0.636600 0.044900 0.050700
6 0.047700 0.640900 0.051200 0.039600
0 0.046800 0.572900 0.076800 0.050500
0 0.540000 0.467200 0.044600 0.122300
0 0.484000 0.415700 0.029000 0.129900
0 0.232500 0.640400 0.074900 0.055400
5 0.729050 0.440610 0.008779 0.036918
5 0.713089 0.447030 0.008779 0.036918
5 0.704709 0.449438 0.006385 0.038523
5 0.695531 0.446228 0.007183 0.035313
5 0.687151 0.446228 0.007981 0.038523
5 0.677973 0.449438 0.007183 0.041734
5 0.657622 0.447030 0.007981 0.043339
5 0.648843 0.455859 0.009577 0.028892
5 0.618117 0.446228 0.016760 0.022472
5 0.598962 0.430177 0.023144 0.016051
5 0.561053 0.367576 0.007981 0.041734
6 0.178681 0.749106 0.032376 0.032181
6 0.213500 0.749702 0.038485 0.033373
6 0.240073 0.694875 0.041539 0.033373
6 0.290165 0.682956 0.041539 0.033373
6 0.282834 0.730632 0.041539 0.033373
6 0.414478 0.724672 0.037263 0.042908
6 0.465486 0.713349 0.042761 0.036949
6 0.584911 0.715137 0.037263 0.038141
6 0.631338 0.716329 0.033598 0.033373
6 0.747709 0.706794 0.041539 0.028605
6 0.863775 0.668057 0.042761 0.044100
6 0.907147 0.668653 0.040318 0.042908
6 0.981063 0.441597 0.035431 0.082241
6 0.936775 0.380215 0.036042 0.061979
1 0.555589 0.236591 0.028711 0.148987
4 0.551313 0.141240 0.027489 0.027414
4 0.577581 0.365316 0.017715 0.039333
4 0.607514 0.408224 0.027489 0.022646
4 0.342089 0.557211 0.026878 0.022646
7 0.479536 0.228248 0.009774 0.022646
7 0.520464 0.028605 0.009774 0.028605
7 0.529933 0.386174 0.009163 0.019070
7 0.764508 0.439213 0.011607 0.015495
7 0.777642 0.407032 0.009774 0.017878
7 0.547648 0.778903 0.009163 0.020262
7 0.562615 0.775924 0.007330 0.026222
5 0.947770 0.648987 0.027489 0.027414
7 0.975260 0.665077 0.014050 0.021454
5 0.332926 0.734207 0.021991 0.014303
7 0.656078 0.698451 0.010996 0.016687
5 0.900733 0.417759 0.027489 0.034565
7 0.445021 0.525030 0.011607 0.017878
7 0.817043 0.733611 0.011607 0.022646
5 0.808186 0.659118 0.021991 0.026222
7 0.936164 0.660310 0.015272 0.021454
7 0.366524 0.900477 0.008552 0.015495
7 0.725718 0.758641 0.012217 0.015495
4 0.990837 0.343862 0.017104 0.051251
7 0.458101 0.213445 0.004789 0.016807
7 0.413807 0.531092 0.010375 0.016807
3 0.167598 0.575630 0.078212 0.052101
0 0.241022 0.568067 0.067039 0.047059
7 0.294094 0.590756 0.011971 0.018487
5 0.290902 0.600000 0.026337 0.020168
7 0.100958 0.992437 0.013567 0.011765
7 0.140463 0.991597 0.011173 0.013445
6 0.524741 0.707563 0.035914 0.040336
6 0.704310 0.707563 0.043895 0.036975
6 0.747406 0.508403 0.045491 0.042017
6 0.556265 0.621849 0.041500 0.043697
7 0.951716 0.741176 0.015164 0.020168
