7 0.429100 0.788200 0.009000 0.022100
7 0.563600 0.077200 0.012300 0.026100
3 0.895900 0.631700 0.082700 0.054000
1 0.225400 0.604400 0.089700 0.064100
0 0.140200 0.611700 0.070200 0.054300
7 0.422985 0.402521 0.009577 0.025210
7 0.577813 0.333613 0.017558 0.028571
7 0.196728 0.464706 0.016760 0.021849
6 0.441740 0.889916 0.021548 0.078992
6 0.625698 0.517647 0.039904 0.043697
6 0.473663 0.257143 0.023144 0.073950
6 0.438547 0.279832 0.019952 0.082353
4 0.434158 0.222689 0.009577 0.035294
4 0.532322 0.936134 0.014366 0.070588
4 0.075818 0.606723 0.019154 0.033613
4 0.044294 0.610924 0.029529 0.038655
