6 0.462500 0.332000 0.024300 0.068200
0 0.484200 0.765500 0.031000 0.138700
0 0.530200 0.354100 0.026700 0.118600
5 0.419393 0.163866 0.010375 0.035294
0 0.133280 0.584034 0.067039 0.052101
1 0.044294 0.508403 0.086991 0.058824
3 0.879888 0.607563 0.085395 0.055462
7 0.567438 0.313445 0.012769 0.028571
7 0.186353 0.618487 0.013567 0.020168
4 0.037111 0.588235 0.029529 0.036975
6 0.936552 0.521008 0.043895 0.043697
6 0.467678 0.143697 0.020750 0.072269
6 0.430168 0.257983 0.020750 0.082353
6 0.463687 0.442857 0.019154 0.065546
6 0.482043 0.547059 0.023943 0.072269
6 0.640463 0.505042 0.039106 0.038655
4 0.425379 0.201681 0.009577 0.040336
4 0.633280 0.555462 0.027933 0.025210
6 0.431764 0.861345 0.020750 0.075630
