6 0.534717 0.704202 0.031923 0.033613
7 0.950918 0.121849 0.013567 0.021849
7 0.966081 0.379832 0.016760 0.023529
7 0.055068 0.673109 0.009577 0.015126
7 0.967279 0.363866 0.011173 0.018487
7 0.825219 0.724370 0.011173 0.016807
7 0.406624 0.947059 0.010375 0.018487
7 0.806065 0.706723 0.007981 0.018487
7 0.812450 0.708403 0.011173 0.021849
6 0.468476 0.815126 0.019154 0.060504
6 0.467279 0.900840 0.016760 0.063866
6 0.984038 0.427731 0.030327 0.031933
2 0.885076 0.482353 0.122905 0.057143
5 0.949721 0.326050 0.007981 0.030252
6 0.580607 0.471429 0.029529 0.031933
6 0.782522 0.603361 0.032721 0.033613
