7 0.057800 0.831400 0.021200 0.024700
7 0.149600 0.818700 0.016800 0.023000
7 0.356300 0.585900 0.015000 0.020500
7 0.353400 0.545200 0.014800 0.020400
7 0.234800 0.513800 0.015400 0.024300
7 0.818400 0.708500 0.015700 0.027100
7 0.891700 0.695400 0.016000 0.021000
7 0.162600 0.545300 0.014800 0.022500
7 0.816800 0.774800 0.015100 0.025800
7 0.784900 0.662200 0.015900 0.020500
7 0.493200 0.777300 0.012200 0.017900
7 0.545200 0.755300 0.011200 0.021000
7 0.949000 0.412400 0.019800 0.027700
7 0.497400 0.483300 0.011400 0.022300
7 0.886200 0.711000 0.019700 0.023100
7 0.752100 0.734800 0.014000 0.025800
7 0.335200 0.783000 0.010300 0.017200
7 0.849500 0.708000 0.018200 0.024500
7 0.469600 0.740100 0.012200 0.018600
6 0.586900 0.593700 0.040700 0.039700
6 0.694300 0.550800 0.047600 0.044500
6 0.899400 0.664500 0.046100 0.045300
6 0.879600 0.636100 0.038600 0.060200
5 0.980300 0.595800 0.036000 0.020400
4 0.598100 0.538000 0.033300 0.029400
1 0.128100 0.662200 0.094600 0.063800
1 0.478400 0.598300 0.077300 0.063700
0 0.760200 0.577800 0.071600 0.058800
0 0.045700 0.572800 0.075600 0.050600
0 0.240100 0.567200 0.065900 0.049400
0 0.659000 0.602600 0.069300 0.054600
0 0.480800 0.414200 0.030500 0.122600
5 0.662410 0.448636 0.007981 0.036918
5 0.724262 0.442215 0.007183 0.040128
5 0.709497 0.444623 0.009577 0.038523
5 0.700319 0.443018 0.007183 0.035313
5 0.692338 0.441413 0.007183 0.032103
5 0.683958 0.442215 0.006385 0.036918
5 0.674381 0.445425 0.006385 0.043339
5 0.654828 0.445425 0.005587 0.036918
5 0.645650 0.451043 0.009577 0.028892
5 0.614525 0.444623 0.017558 0.019262
5 0.596568 0.430177 0.021548 0.016051
5 0.558260 0.367576 0.010375 0.041734
6 0.394624 0.653159 0.040318 0.042908
6 0.371106 0.716329 0.037263 0.045292
6 0.412340 0.722884 0.040318 0.036949
6 0.211362 0.746722 0.041539 0.034565
6 0.177153 0.747318 0.031765 0.030989
6 0.461515 0.713945 0.043372 0.035757
6 0.468540 0.669249 0.041539 0.034565
6 0.522908 0.654946 0.036652 0.036949
6 0.571778 0.657926 0.036652 0.038141
6 0.579719 0.713349 0.041539 0.034565
6 0.629505 0.715733 0.032376 0.039333
6 0.699145 0.707390 0.040929 0.036949
6 0.743433 0.705006 0.039096 0.027414
6 0.931277 0.384982 0.033598 0.064362
6 0.521381 0.708582 0.036042 0.039333
1 0.552535 0.238379 0.029933 0.150179
4 0.574527 0.362336 0.020159 0.038141
4 0.604154 0.408820 0.026878 0.019070
4 0.339646 0.557211 0.024435 0.017878
4 0.547648 0.144219 0.026268 0.030989
7 0.777642 0.448153 0.014661 0.019070
7 0.464264 0.738975 0.008552 0.014303
5 0.941967 0.654946 0.030544 0.017878
7 0.963958 0.638260 0.018326 0.017878
7 0.963653 0.660310 0.012828 0.019070
5 0.462126 0.233611 0.007941 0.045292
7 0.465486 0.207390 0.008552 0.019070
7 0.459682 0.166269 0.009163 0.022646
5 0.332621 0.733611 0.018937 0.017878
7 0.543677 0.778308 0.008552 0.016687
7 0.558949 0.774136 0.008552 0.020262
7 0.367135 0.790226 0.008552 0.028605
7 0.363164 0.901669 0.007941 0.027414
7 0.437996 0.470799 0.007330 0.019070
7 0.553757 0.880810 0.011607 0.019070
7 0.545205 0.383194 0.010385 0.022646
7 0.137447 0.989273 0.009774 0.016687
7 0.780086 0.682956 0.014661 0.014303
7 0.794136 0.684744 0.015883 0.020262
7 0.489921 0.674613 0.007330 0.019070
3 0.165603 0.577311 0.077414 0.052101
7 0.663208 0.444538 0.006385 0.018487
7 0.100559 0.990756 0.011173 0.015126
6 0.330407 0.640336 0.038308 0.040336
6 0.281325 0.730252 0.040702 0.042017
7 0.367119 0.735294 0.006385 0.011765
7 0.629689 0.728571 0.014366 0.015126
6 0.821628 0.499160 0.047087 0.033613
6 0.625299 0.498319 0.042298 0.038655
7 0.938947 0.724370 0.007183 0.013445
7 0.942937 0.736975 0.010375 0.018487
6 0.689545 0.494958 0.039904 0.038655
