3 0.538500 0.817600 0.037200 0.156400
0 0.791800 0.542700 0.075800 0.059400
5 0.426177 0.181513 0.015962 0.043697
0 0.140463 0.604202 0.067039 0.052101
1 0.938547 0.548739 0.081405 0.055462
3 0.881085 0.623529 0.084597 0.053782
4 0.045890 0.608403 0.029529 0.036975
4 0.430966 0.221849 0.009577 0.040336
5 0.604150 0.486555 0.023943 0.025210
6 0.290104 0.613445 0.045491 0.033613
6 0.434956 0.277311 0.020750 0.080672
6 0.462490 0.305042 0.016760 0.062185
6 0.437749 0.875630 0.021548 0.073950
6 0.637670 0.519328 0.038308 0.043697
6 0.652035 0.580672 0.038308 0.045378
6 0.697526 0.531933 0.039904 0.042017
6 0.697127 0.601681 0.040702 0.043697
7 0.579010 0.890756 0.013567 0.023529
7 0.572227 0.331092 0.015962 0.033613
7 0.415004 0.652101 0.012769 0.030252
