7 0.119700 0.640100 0.023500 0.035400
7 0.361800 0.757100 0.014500 0.041700
6 0.772700 0.554800 0.069400 0.060900
6 0.393300 0.040600 0.037500 0.079000
6 0.969400 0.510600 0.062600 0.068700
5 0.627600 0.391200 0.043900 0.047300
0 0.033800 0.568900 0.067500 0.083200
7 0.634477 0.107563 0.033520 0.043697
7 0.024741 0.635294 0.036712 0.036975
6 0.404230 0.916807 0.040702 0.129412
6 0.462889 0.089076 0.036712 0.144538
6 0.741022 0.465546 0.074222 0.067227
6 0.697526 0.558824 0.071828 0.065546
1 0.541899 0.628571 0.055866 0.265546
6 0.853551 0.523529 0.085395 0.055462
