4 0.632700 0.501500 0.028000 0.021100
1 0.046700 0.543500 0.061800 0.048000
1 0.447100 0.503500 0.055400 0.044200
0 0.945600 0.587800 0.054000 0.041300
0 0.525200 0.310600 0.022700 0.098300
0 0.480900 0.063200 0.021800 0.083100
0 0.486800 0.162500 0.019200 0.085900
0 0.978100 0.531600 0.040800 0.043900
7 0.013567 0.552941 0.009577 0.020168
7 0.015962 0.571429 0.009577 0.020168
7 0.553073 0.349580 0.012769 0.020168
7 0.583001 0.452101 0.010375 0.020168
4 0.458899 0.911765 0.019154 0.038655
4 0.458500 0.957983 0.019952 0.036975
4 0.444134 0.256303 0.008779 0.031933
4 0.442937 0.217647 0.007981 0.038655
4 0.445331 0.184034 0.009577 0.048739
6 0.881085 0.511765 0.030327 0.031933
6 0.578611 0.490756 0.028731 0.030252
6 0.458500 0.691597 0.018356 0.055462
6 0.451716 0.755462 0.015962 0.055462
6 0.042698 0.458824 0.035914 0.026891
4 0.483639 0.255462 0.009577 0.036975
3 0.518356 0.058824 0.024741 0.117647
6 0.447326 0.305882 0.016760 0.070588
6 0.485235 0.349580 0.017558 0.057143
3 0.728252 0.572269 0.061453 0.042017
1 0.743416 0.521849 0.063049 0.045378
1 0.121309 0.489916 0.047885 0.038655
0 0.886273 0.583193 0.048683 0.043697
0 0.514765 0.179832 0.022346 0.094118
0 0.288109 0.552101 0.047885 0.038655
0 0.229050 0.552941 0.051077 0.036975
0 0.446528 0.036134 0.023144 0.072269
