7 0.635200 0.123600 0.029000 0.045400
6 0.602200 0.635500 0.065700 0.107900
6 0.395300 0.046600 0.039100 0.089400
5 0.496300 0.371200 0.041700 0.035900
0 0.038500 0.566700 0.080200 0.090000
7 0.352753 0.668908 0.022346 0.030252
7 0.370311 0.742017 0.017558 0.028571
7 0.614924 0.963866 0.021548 0.042017
6 0.406624 0.906723 0.040702 0.122689
6 0.303272 0.515966 0.073424 0.073950
6 0.360734 0.424370 0.068635 0.072269
6 0.731045 0.529412 0.078212 0.067227
6 0.850359 0.506723 0.058260 0.062185
6 0.960495 0.464706 0.075818 0.062185
