7 0.794400 0.458400 0.020400 0.029200
7 0.586700 0.712200 0.013500 0.022800
7 0.149300 0.484200 0.014200 0.021500
7 0.436100 0.731300 0.013900 0.017700
7 0.692400 0.721200 0.013100 0.024200
7 0.838700 0.727100 0.013700 0.031600
7 0.503200 0.083800 0.011700 0.028100
7 0.757100 0.701800 0.015700 0.026200
7 0.137800 0.479700 0.014500 0.020500
7 0.158000 0.934700 0.012300 0.022600
7 0.837500 0.400000 0.017400 0.024700
6 0.918600 0.641600 0.045500 0.049800
6 0.491600 0.531900 0.040100 0.048500
6 0.894100 0.424200 0.047500 0.042000
6 0.899200 0.482100 0.051900 0.041000
6 0.721000 0.670900 0.043000 0.041700
6 0.799500 0.604400 0.043200 0.038100
5 0.094600 0.638600 0.022900 0.033600
4 0.363500 0.510100 0.030600 0.025900
3 0.497100 0.592000 0.078500 0.053600
0 0.264400 0.514900 0.065100 0.052900
0 0.072200 0.511200 0.073900 0.052200
0 0.505400 0.372300 0.028800 0.126300
5 0.746209 0.410915 0.011173 0.041734
5 0.730646 0.413323 0.007183 0.040128
5 0.721069 0.415730 0.007183 0.038523
5 0.711891 0.414928 0.006385 0.036918
5 0.704709 0.412520 0.006385 0.041734
5 0.695531 0.414928 0.007183 0.043339
5 0.676377 0.414928 0.007183 0.040128
5 0.667199 0.420546 0.011173 0.035313
5 0.638069 0.409310 0.018356 0.028892
5 0.617318 0.394061 0.021548 0.014446
5 0.581804 0.330658 0.009577 0.041734
6 0.950214 0.360548 0.039707 0.065554
6 0.762065 0.668653 0.042150 0.033373
6 0.646915 0.677592 0.036652 0.034565
6 0.600489 0.673421 0.039096 0.038141
6 0.481979 0.670441 0.043983 0.034565
6 0.433109 0.676400 0.039096 0.036949
6 0.391875 0.671633 0.038485 0.063170
6 0.232132 0.689511 0.039096 0.039333
6 0.198839 0.690703 0.033598 0.032181
6 0.972511 0.511323 0.048870 0.076281
4 0.598045 0.327771 0.021991 0.035757
4 0.626451 0.371275 0.028711 0.027414
7 0.494197 0.082837 0.009774 0.020262
7 0.518021 0.272348 0.012217 0.022646
4 0.574832 0.107867 0.026878 0.032181
5 0.351558 0.681764 0.020159 0.011919
7 0.550397 0.733015 0.008552 0.016687
7 0.563225 0.734803 0.008552 0.015495
7 0.578192 0.732420 0.009163 0.025030
7 0.619120 0.715733 0.007941 0.020262
7 0.672877 0.713349 0.014050 0.017878
7 0.827428 0.383194 0.010385 0.013111
7 0.825290 0.367700 0.014661 0.017878
7 0.240073 0.736591 0.012217 0.016687
7 0.405620 0.719309 0.009774 0.025030
7 0.118509 0.933254 0.013439 0.019070
7 0.355834 0.883194 0.012828 0.019070
7 0.382712 0.846246 0.010385 0.019070
7 0.827734 0.699046 0.010996 0.022646
1 0.578212 0.200840 0.034318 0.146218
3 0.190742 0.518487 0.076616 0.058824
6 0.303272 0.676471 0.039904 0.042017
6 0.541500 0.664706 0.035914 0.038655
6 0.888667 0.560504 0.045491 0.035294
