7 0.060900 0.445000 0.016900 0.022100
1 0.528700 0.565800 0.041400 0.203100
0 0.436200 0.512300 0.058700 0.109300
0 0.791700 0.542900 0.075700 0.059000
5 0.424980 0.184874 0.008779 0.040336
7 0.416999 0.180672 0.008779 0.025210
0 0.141660 0.603361 0.067837 0.050420
1 0.939346 0.549580 0.079808 0.053782
3 0.881484 0.624370 0.085395 0.055462
4 0.431365 0.221849 0.008779 0.040336
4 0.482043 0.119328 0.012769 0.053782
5 0.535515 0.182353 0.012769 0.045378
5 0.467678 0.357983 0.012769 0.050420
6 0.636472 0.520168 0.039106 0.048739
6 0.697925 0.530252 0.039106 0.042017
6 0.697526 0.602521 0.039904 0.042017
6 0.651237 0.579832 0.039904 0.047059
6 0.438148 0.876471 0.020750 0.075630
6 0.434956 0.278992 0.020750 0.084034
6 0.488428 0.214286 0.019154 0.072269
4 0.047486 0.606723 0.031125 0.040336
6 0.324421 0.534454 0.043895 0.043697
6 0.290104 0.612605 0.045491 0.035294
7 0.571828 0.331933 0.015164 0.028571
5 0.602554 0.484034 0.025539 0.026891
