7 0.583900 0.462000 0.013300 0.024200
1 0.246800 0.574500 0.089100 0.065700
0 0.492100 0.126700 0.026900 0.096800
7 0.575020 0.315126 0.015164 0.028571
6 0.554669 0.521008 0.036712 0.040336
6 0.502793 0.289076 0.020750 0.073950
6 0.471668 0.319328 0.019154 0.070588
6 0.436951 0.257143 0.019952 0.080672
6 0.432163 0.863866 0.019952 0.077311
6 0.094573 0.488235 0.050279 0.038655
4 0.433360 0.200000 0.011173 0.040336
4 0.040702 0.578151 0.027135 0.036975
4 0.072626 0.573109 0.019154 0.033613
3 0.887071 0.625210 0.086991 0.057143
0 0.134078 0.577311 0.067039 0.052101
7 0.157223 0.613445 0.015962 0.020168
0 0.442538 0.961345 0.037510 0.073950
