7 0.565600 0.150000 0.013900 0.026400
7 0.429600 0.712800 0.012800 0.022000
7 0.148200 0.465500 0.014200 0.017900
1 0.224000 0.608200 0.090500 0.064100
0 0.139200 0.613400 0.069500 0.051800
7 0.576616 0.334454 0.013567 0.026891
7 0.420591 0.301681 0.009577 0.028571
6 0.471269 0.100840 0.018356 0.070588
6 0.436153 0.278992 0.019952 0.077311
6 0.624900 0.516807 0.038308 0.038655
6 0.420990 0.514286 0.039106 0.060504
6 0.440942 0.890756 0.021548 0.077311
4 0.433360 0.223529 0.011173 0.036975
7 0.135674 0.454622 0.011173 0.018487
4 0.073823 0.612605 0.021548 0.031933
4 0.041899 0.616807 0.032721 0.040336
3 0.891460 0.629412 0.086193 0.055462
