4 0.033600 0.525800 0.030300 0.025300
4 0.040600 0.586100 0.028200 0.037100
0 0.472800 0.192900 0.027300 0.111300
0 0.472300 0.048500 0.023400 0.093900
0 0.508500 0.034200 0.023300 0.068000
5 0.418994 0.166387 0.009577 0.040336
0 0.133280 0.585714 0.068635 0.048739
2 0.522346 0.246218 0.048683 0.287395
3 0.878292 0.609244 0.085395 0.055462
4 0.425379 0.204202 0.009577 0.035294
4 0.535515 0.056303 0.012769 0.052101
6 0.491221 0.503361 0.039106 0.042017
6 0.429370 0.259664 0.020750 0.082353
6 0.430567 0.863025 0.019952 0.072269
6 0.162809 0.521849 0.046289 0.042017
7 0.566640 0.313445 0.014366 0.025210
7 0.567438 0.712605 0.012769 0.023529
7 0.561053 0.731092 0.009577 0.020168
7 0.407422 0.434454 0.010375 0.018487
