7 0.958600 0.510000 0.016400 0.022400
7 0.761300 0.465100 0.017200 0.021200
7 0.414300 0.736400 0.011400 0.023200
7 0.735000 0.719600 0.015700 0.026200
7 0.695800 0.715800 0.012600 0.024800
7 0.534600 0.729200 0.012400 0.024200
7 0.369300 0.786800 0.010300 0.024300
7 0.462300 0.761400 0.010800 0.022900
6 0.501600 0.578300 0.040200 0.043100
6 0.627000 0.576500 0.043700 0.045300
6 0.698100 0.572900 0.044700 0.040000
6 0.857800 0.435500 0.045400 0.041800
6 0.518700 0.473100 0.024300 0.067500
4 0.353100 0.626500 0.033400 0.025900
4 0.924400 0.368600 0.030400 0.031600
4 0.611200 0.635000 0.028600 0.024300
4 0.804800 0.577000 0.032000 0.026000
3 0.079000 0.706900 0.095000 0.057300
0 0.239400 0.542600 0.064500 0.049900
0 0.049900 0.544200 0.073200 0.050600
0 0.391000 0.582300 0.061900 0.056800
0 0.475700 0.397900 0.028300 0.121800
5 0.650040 0.460674 0.018356 0.019262
5 0.698324 0.433387 0.006385 0.038523
5 0.689146 0.432584 0.007183 0.036918
5 0.681165 0.430979 0.008779 0.040128
5 0.673184 0.431782 0.007183 0.038523
5 0.661612 0.432584 0.007981 0.043339
5 0.645650 0.432584 0.007981 0.040128
5 0.635275 0.437400 0.011173 0.030498
5 0.605347 0.429374 0.018356 0.024077
5 0.588188 0.413323 0.022346 0.017657
5 0.550279 0.351525 0.011971 0.044944
5 0.329261 0.705602 0.017104 0.016687
6 0.176542 0.716329 0.032987 0.030989
6 0.210141 0.718117 0.034209 0.036949
6 0.420586 0.653754 0.037263 0.039333
6 0.406536 0.696663 0.038485 0.036949
6 0.456323 0.686532 0.041539 0.035757
6 0.569334 0.557211 0.037874 0.044100
6 0.571472 0.688319 0.037263 0.039333
6 0.617899 0.692491 0.032376 0.035757
6 0.976787 0.666269 0.041539 0.035757
7 0.459682 0.343266 0.006720 0.014303
7 0.453879 0.353993 0.007330 0.014303
7 0.446243 0.421931 0.006720 0.019070
7 0.406231 0.506555 0.009774 0.009535
4 0.336591 0.536353 0.025657 0.016687
7 0.465180 0.120381 0.009163 0.023838
4 0.542456 0.134684 0.025657 0.030989
4 0.565974 0.346246 0.020159 0.029797
4 0.595602 0.390942 0.024435 0.023838
7 0.550703 0.747914 0.009163 0.022646
7 0.536347 0.750298 0.009774 0.017878
7 0.917227 0.661502 0.017715 0.014303
7 0.893708 0.692491 0.017104 0.011919
7 0.147221 0.459476 0.013439 0.020262
3 0.166463 0.552443 0.077581 0.058403
7 0.761148 0.725268 0.010996 0.022646
7 0.119426 0.689511 0.015272 0.015495
7 0.099878 0.959476 0.014050 0.019070
7 0.137752 0.959476 0.011607 0.021454
7 0.449603 0.742551 0.010996 0.023838
7 0.503971 0.830751 0.009774 0.021454
7 0.414478 0.498212 0.009163 0.011919
7 0.683262 0.734803 0.011607 0.017878
1 0.545890 0.224370 0.031923 0.142857
7 0.583400 0.312605 0.007981 0.016807
6 0.513567 0.680672 0.035914 0.036975
6 0.358739 0.667227 0.037510 0.040336
6 0.731844 0.681513 0.038308 0.028571
6 0.688747 0.682353 0.038308 0.036975
7 0.933360 0.675630 0.010375 0.016807
