6 0.495600 0.676000 0.024600 0.054100
0 0.834800 0.537800 0.056100 0.044700
0 0.287100 0.552100 0.049600 0.037600
0 0.520300 0.352800 0.019900 0.076600
0 0.697500 0.530500 0.047800 0.039400
0 0.941300 0.608700 0.056000 0.040900
0 0.484500 0.239200 0.022500 0.091100
0 0.519600 0.156900 0.020200 0.092000
0 0.526600 0.563700 0.047700 0.064000
7 0.552674 0.357143 0.015164 0.025210
7 0.566241 0.448739 0.010375 0.023529
7 0.670790 0.606723 0.007183 0.016807
7 0.428172 0.463866 0.008779 0.016807
7 0.438547 0.712605 0.007183 0.023529
7 0.434557 0.085714 0.007183 0.013445
7 0.434956 0.101681 0.007981 0.021849
4 0.452514 0.913445 0.019154 0.038655
4 0.453312 0.957983 0.019154 0.036975
4 0.445331 0.262185 0.007981 0.033613
4 0.444533 0.224370 0.007981 0.038655
4 0.570231 0.499160 0.021548 0.020168
6 0.748204 0.540336 0.029529 0.031933
6 0.597765 0.528571 0.030327 0.028571
6 0.447326 0.758824 0.015164 0.055462
6 0.448524 0.310924 0.015962 0.063866
6 0.470870 0.354622 0.015962 0.053782
6 0.477255 0.132773 0.015962 0.053782
0 0.450120 0.039496 0.023943 0.078992
4 0.485634 0.376471 0.010375 0.043697
1 0.049082 0.533613 0.061453 0.048739
0 0.228651 0.549580 0.050279 0.040336
