7 0.441600 0.811700 0.009500 0.020500
0 0.287600 0.555500 0.050700 0.038000
0 0.942600 0.605200 0.054200 0.039100
0 0.508900 0.151600 0.022500 0.086100
0 0.230400 0.554800 0.051600 0.042300
0 0.514400 0.922700 0.021400 0.078100
0 0.512100 0.283900 0.022100 0.086000
0 0.450400 0.040200 0.021100 0.083100
7 0.553073 0.357983 0.015962 0.023529
7 0.441341 0.745378 0.007981 0.018487
7 0.428970 0.593277 0.008779 0.016807
7 0.068236 0.430252 0.008779 0.016807
7 0.076616 0.434454 0.007981 0.015126
6 0.483240 0.043697 0.016760 0.063866
6 0.481644 0.222689 0.015164 0.052101
6 0.448923 0.312605 0.016760 0.070588
6 0.476856 0.315966 0.015164 0.053782
6 0.450519 0.757983 0.015164 0.053782
4 0.444134 0.263025 0.007183 0.035294
4 0.444134 0.224370 0.007183 0.038655
4 0.481245 0.375630 0.007981 0.045378
4 0.454509 0.915126 0.019952 0.042017
4 0.455307 0.961345 0.018356 0.033613
1 0.048683 0.538655 0.063847 0.048739
7 0.436552 0.368908 0.006385 0.025210
