7 0.771100 0.877500 0.017500 0.025500
7 0.400900 0.396100 0.018500 0.032600
7 0.492800 0.915900 0.017900 0.031000
7 0.752600 0.324800 0.015800 0.027400
7 0.435900 0.887800 0.019100 0.035100
7 0.616900 0.889000 0.015300 0.027800
7 0.341800 0.942300 0.016000 0.035000
0 0.047600 0.558800 0.095800 0.085000
5 0.810018 0.410012 0.010996 0.064362
5 0.793219 0.409416 0.011607 0.060787
5 0.778253 0.408820 0.010996 0.057211
5 0.761759 0.428486 0.014661 0.067938
5 0.733659 0.413588 0.010996 0.059595
5 0.709530 0.421931 0.016494 0.054827
5 0.658216 0.403456 0.028711 0.034565
5 0.627367 0.374255 0.032987 0.021454
5 0.567196 0.264005 0.016494 0.058403
6 0.841173 0.458284 0.037874 0.106079
6 0.758094 0.620381 0.073305 0.060787
6 0.681735 0.709178 0.072083 0.066746
6 0.602627 0.833731 0.067807 0.063170
6 0.119731 0.725268 0.076970 0.056019
6 0.673488 0.840286 0.055589 0.052443
6 0.786500 0.840882 0.073916 0.058403
6 0.860415 0.839690 0.071472 0.060787
6 0.840562 0.762217 0.079414 0.058403
4 0.157300 0.548868 0.045816 0.027414
4 0.621869 0.303337 0.042761 0.041716
4 0.639890 0.342074 0.043372 0.035757
7 0.500305 0.886770 0.013439 0.035757
7 0.291692 0.893921 0.020159 0.038141
7 0.535125 0.930870 0.015883 0.035757
7 0.556506 0.931466 0.014661 0.044100
7 0.583079 0.896901 0.018937 0.032181
7 0.682346 0.899285 0.017104 0.034565
7 0.735797 0.769964 0.021381 0.026222
7 0.752902 0.765793 0.016494 0.027414
7 0.914478 0.870083 0.029322 0.045292
7 0.884545 0.887962 0.026878 0.033373
7 0.960293 0.737187 0.028100 0.041716
7 0.968540 0.338498 0.021381 0.028605
7 0.927306 0.468415 0.035431 0.023838
7 0.821014 0.469011 0.024435 0.029797
7 0.342089 0.500000 0.017104 0.025030
7 0.325901 0.510131 0.011607 0.026222
7 0.709098 0.330252 0.018356 0.031933
7 0.994014 0.343697 0.010375 0.025210
7 0.916600 0.910924 0.021548 0.026891
6 0.408220 0.821849 0.064645 0.050420
0 0.561053 0.089076 0.051077 0.168067
4 0.577813 0.288235 0.031923 0.052101
