7 0.006900 0.552500 0.012200 0.017100
1 0.045500 0.534100 0.061900 0.050800
0 0.904000 0.542800 0.057400 0.045200
0 0.484300 0.227800 0.022500 0.093200
0 0.942800 0.608700 0.056400 0.041200
0 0.723800 0.530500 0.047900 0.042700
0 0.609400 0.521000 0.048900 0.039400
0 0.519800 0.283700 0.019000 0.077500
7 0.566241 0.452101 0.011971 0.020168
7 0.552674 0.355462 0.015164 0.025210
7 0.440144 0.598319 0.007183 0.016807
7 0.435754 0.610924 0.007981 0.015126
7 0.437749 0.624370 0.007183 0.015126
7 0.432562 0.189916 0.004789 0.020168
7 0.432961 0.173950 0.005587 0.015126
4 0.450519 0.915126 0.021548 0.038655
4 0.452913 0.961345 0.019952 0.033613
4 0.443336 0.221008 0.008779 0.038655
4 0.444134 0.260504 0.008779 0.036975
6 0.446528 0.757983 0.015164 0.053782
6 0.580208 0.570588 0.031923 0.028571
6 0.775339 0.540336 0.031125 0.031933
6 0.664405 0.527731 0.031125 0.030252
6 0.480846 0.040336 0.018356 0.063866
6 0.447326 0.309244 0.016760 0.063866
6 0.470072 0.352101 0.015962 0.055462
4 0.651636 0.500000 0.021548 0.021849
4 0.486034 0.374790 0.009577 0.043697
0 0.449322 0.038655 0.023943 0.077311
0 0.285315 0.551261 0.048683 0.040336
0 0.226257 0.550420 0.050279 0.042017
