6 0.694800 0.560400 0.071200 0.065400
0 0.035200 0.569200 0.071500 0.086800
0 0.562000 0.218500 0.050100 0.214700
0 0.570100 0.937500 0.045800 0.123600
7 0.639266 0.115966 0.028731 0.047059
6 0.395052 0.039496 0.035116 0.078992
7 0.339186 0.641176 0.017558 0.025210
7 0.356744 0.652101 0.019154 0.030252
7 0.883081 0.399160 0.035914 0.035294
7 0.175978 0.311765 0.027933 0.031933
6 0.407023 0.917647 0.041500 0.124370
6 0.916999 0.523529 0.089385 0.065546
6 0.779729 0.559664 0.078212 0.060504
6 0.742618 0.468908 0.074222 0.067227
6 0.483240 0.089076 0.037510 0.127731
1 0.485634 0.510084 0.053472 0.257143
