7 0.042300 0.561000 0.013100 0.017600
4 0.026800 0.492400 0.026400 0.021500
0 0.651400 0.514400 0.045700 0.041800
0 0.588400 0.510400 0.053700 0.043800
0 0.524300 0.310000 0.023000 0.095900
0 0.480400 0.063500 0.022000 0.082100
7 0.547486 0.247059 0.009577 0.013445
7 0.551476 0.347899 0.012769 0.020168
7 0.710295 0.589076 0.009577 0.015126
7 0.337989 0.433613 0.010375 0.013445
4 0.458899 0.905042 0.019154 0.038655
4 0.457302 0.952941 0.022346 0.033613
4 0.443336 0.257983 0.008779 0.035294
4 0.442538 0.216807 0.008779 0.040336
4 0.444932 0.181513 0.010375 0.043697
0 0.485634 0.160504 0.021548 0.082353
0 0.513966 0.181513 0.022346 0.090756
0 0.942937 0.584034 0.053472 0.038655
0 0.882682 0.579832 0.047885 0.043697
0 0.288508 0.550420 0.048683 0.035294
0 0.230247 0.551261 0.048683 0.040336
1 0.176776 0.490756 0.063049 0.043697
3 0.725858 0.569748 0.059856 0.043697
4 0.482442 0.256303 0.008779 0.035294
4 0.809258 0.511765 0.023943 0.018487
6 0.446927 0.303361 0.017558 0.068908
6 0.484836 0.348739 0.016760 0.055462
6 0.258180 0.477311 0.032721 0.030252
6 0.458101 0.688235 0.017558 0.055462
6 0.451317 0.752101 0.015164 0.055462
0 0.446129 0.036134 0.022346 0.072269
3 0.517957 0.061345 0.023943 0.115966
1 0.049481 0.541176 0.062251 0.043697
