7 0.543900 0.733900 0.015600 0.030300
7 0.667900 0.765100 0.015800 0.024000
7 0.693600 0.765500 0.018000 0.036400
6 0.589600 0.525600 0.063200 0.064100
4 0.369800 0.390900 0.041300 0.029800
4 0.648100 0.454000 0.040700 0.036000
4 0.074000 0.493800 0.055300 0.045600
0 0.262100 0.403300 0.099900 0.082200
0 0.626600 0.092800 0.047000 0.185100
6 0.216860 0.674613 0.062309 0.050060
6 0.161881 0.675209 0.051313 0.048868
6 0.452046 0.585221 0.062309 0.057211
6 0.743739 0.554827 0.066585 0.058403
6 0.789859 0.641240 0.067196 0.059595
6 0.858583 0.650775 0.061698 0.059595
6 0.841784 0.567342 0.073305 0.059595
6 0.922419 0.579857 0.079414 0.056019
6 0.931582 0.387962 0.078192 0.063170
6 0.783140 0.473778 0.072083 0.058403
3 0.149969 0.415971 0.122786 0.088200
7 0.989310 0.168057 0.018937 0.028605
5 0.751069 0.114422 0.020159 0.052443
5 0.806964 0.219309 0.034209 0.026222
5 0.839035 0.241955 0.031155 0.033373
5 0.883323 0.256257 0.017104 0.064362
5 0.897984 0.243743 0.012217 0.065554
5 0.908674 0.245530 0.010385 0.076281
5 0.922419 0.245530 0.013439 0.069130
5 0.937080 0.263409 0.013439 0.066746
5 0.948992 0.242551 0.014050 0.070322
5 0.964264 0.245530 0.014050 0.073897
5 0.978314 0.243743 0.016494 0.065554
4 0.762981 0.143027 0.032987 0.061979
4 0.804826 0.152563 0.042150 0.038141
4 0.819792 0.184744 0.043983 0.042908
5 0.219914 0.311085 0.043983 0.028605
7 0.642944 0.712157 0.020159 0.032181
7 0.726634 0.743147 0.016494 0.029797
7 0.747709 0.737783 0.013439 0.035757
7 0.763897 0.725268 0.018937 0.027414
7 0.791387 0.702026 0.021381 0.026222
7 0.586439 0.300358 0.017104 0.030989
7 0.605376 0.135280 0.012217 0.029797
0 0.917838 0.488081 0.086133 0.070322
7 0.891460 0.157983 0.015962 0.023529
