4 0.515400 0.293300 0.012200 0.044200
1 0.516100 0.934200 0.032800 0.131900
0 0.525800 0.508500 0.052100 0.042000
0 0.445000 0.040700 0.022300 0.081700
7 0.549880 0.352941 0.014366 0.023529
7 0.547486 0.675630 0.011173 0.020168
7 0.550279 0.900840 0.010375 0.023529
7 0.589385 0.454622 0.008779 0.011765
7 0.759377 0.588235 0.011971 0.016807
7 0.701915 0.600000 0.008779 0.016807
7 0.436951 0.592437 0.007183 0.015126
7 0.358340 0.587395 0.011173 0.021849
4 0.456903 0.910084 0.018356 0.038655
4 0.458500 0.957143 0.018356 0.035294
4 0.440942 0.223529 0.007183 0.040336
4 0.442139 0.262185 0.007981 0.036975
4 0.445730 0.537815 0.024741 0.020168
6 0.800878 0.496639 0.029529 0.025210
6 0.445730 0.310924 0.016760 0.070588
6 0.456903 0.694118 0.018356 0.057143
6 0.450120 0.756303 0.015962 0.053782
3 0.661213 0.565546 0.056664 0.045378
1 0.510375 0.148739 0.023144 0.105882
1 0.707901 0.516807 0.059058 0.042017
0 0.940144 0.588235 0.052674 0.036975
0 0.879888 0.582353 0.048683 0.042017
0 0.288109 0.557143 0.047885 0.038655
1 0.050678 0.547899 0.063049 0.047059
0 0.230646 0.557983 0.049481 0.036975
