6 0.983400 0.409000 0.034900 0.032100
6 0.537111 0.698319 0.030327 0.031933
7 0.900638 0.225210 0.010375 0.023529
7 0.962889 0.346218 0.011971 0.023529
7 0.855547 0.835294 0.009577 0.020168
7 0.992817 0.225210 0.011173 0.016807
7 0.413009 0.941176 0.010375 0.020168
7 0.422985 0.943697 0.007981 0.018487
6 0.473264 0.810924 0.017558 0.062185
6 0.472466 0.893277 0.017558 0.065546
6 0.782123 0.589076 0.031923 0.035294
6 0.639266 0.556303 0.030327 0.026891
6 0.488428 0.682353 0.019154 0.060504
5 0.946528 0.310924 0.007981 0.033613
5 0.890263 0.147059 0.011971 0.038655
5 0.878292 0.112605 0.011971 0.036975
1 0.265363 0.478151 0.058260 0.042017
0 0.448125 0.449580 0.047087 0.078992
