7 0.075800 0.435300 0.017400 0.025000
6 0.541800 0.352600 0.024300 0.069300
3 0.897900 0.652800 0.086700 0.053400
1 0.226500 0.593900 0.089100 0.062600
0 0.542500 0.602400 0.030000 0.124800
7 0.584198 0.340336 0.014366 0.028571
7 0.216281 0.626050 0.012769 0.025210
6 0.938947 0.575630 0.047087 0.042017
6 0.511971 0.032773 0.021548 0.065546
6 0.498803 0.403361 0.022346 0.077311
6 0.445331 0.277311 0.020750 0.087395
6 0.481245 0.243697 0.020750 0.077311
6 0.504789 0.535294 0.021548 0.072269
6 0.452913 0.484034 0.040702 0.077311
6 0.486433 0.745378 0.023144 0.072269
6 0.438148 0.889076 0.020750 0.080672
4 0.078212 0.593277 0.017558 0.030252
4 0.044693 0.594958 0.028731 0.036975
4 0.467678 0.338655 0.011173 0.052101
4 0.440543 0.221008 0.011173 0.042017
0 0.140862 0.596639 0.069433 0.057143
