7 0.579800 0.454100 0.011200 0.024000
7 0.449000 0.987400 0.015700 0.022700
7 0.387200 0.433400 0.015700 0.019700
0 0.485100 0.041100 0.026100 0.082900
0 0.484900 0.152100 0.025200 0.099600
0 0.468900 0.967500 0.031200 0.064600
5 0.422187 0.169748 0.009577 0.047059
7 0.571828 0.893277 0.011971 0.025210
6 0.496409 0.304202 0.020750 0.073950
6 0.465682 0.329412 0.019952 0.067227
6 0.430567 0.263025 0.019952 0.082353
6 0.431764 0.865546 0.020750 0.077311
4 0.505986 0.116807 0.012769 0.048739
4 0.426177 0.209244 0.011173 0.038655
7 0.079409 0.579832 0.011971 0.020168
4 0.082602 0.571429 0.027933 0.023529
4 0.040303 0.592437 0.027933 0.035294
3 0.879489 0.615126 0.084597 0.053782
1 0.529529 0.253782 0.032721 0.147899
7 0.567438 0.317647 0.014366 0.030252
0 0.133679 0.589916 0.066241 0.050420
