7 0.465900 0.975900 0.017500 0.035700
7 0.483300 0.909200 0.014000 0.029000
7 0.421500 0.234800 0.018200 0.035100
7 0.421000 0.913100 0.013300 0.030100
7 0.366300 0.890100 0.019600 0.033700
7 0.745600 0.325800 0.016400 0.028600
7 0.779300 0.863600 0.016300 0.030300
7 0.349100 0.495600 0.019800 0.028800
7 0.427000 0.876300 0.014300 0.029100
6 0.466400 0.639400 0.058800 0.070100
5 0.801466 0.405840 0.009774 0.060787
5 0.786805 0.404648 0.009774 0.060787
5 0.772144 0.404648 0.008552 0.056019
5 0.755345 0.421931 0.014050 0.054827
5 0.727856 0.410608 0.009163 0.056019
5 0.704032 0.415971 0.015272 0.052443
5 0.654551 0.400477 0.025046 0.035757
5 0.625229 0.374255 0.031155 0.019070
5 0.568723 0.268176 0.017104 0.059595
6 0.445938 0.731824 0.064753 0.054827
6 0.412034 0.802741 0.060476 0.048868
6 0.598962 0.811681 0.065363 0.054827
6 0.669212 0.823600 0.053146 0.050060
6 0.779475 0.820024 0.069640 0.054827
6 0.851558 0.820024 0.068418 0.057211
6 0.827123 0.746126 0.074527 0.057211
6 0.771839 0.491657 0.069029 0.058403
7 0.980147 0.353993 0.022602 0.026222
4 0.620342 0.300954 0.039707 0.039333
4 0.638057 0.337306 0.044594 0.035757
7 0.234881 0.895709 0.025046 0.039333
7 0.351558 0.927890 0.017715 0.029797
7 0.537263 0.909416 0.015272 0.033373
7 0.558338 0.907032 0.015883 0.042908
7 0.583079 0.875447 0.016494 0.034565
7 0.693647 0.870083 0.021381 0.033373
7 0.774893 0.895709 0.020159 0.022646
7 0.654246 0.750298 0.024435 0.022646
7 0.674099 0.749106 0.014050 0.025030
7 0.906231 0.828367 0.023824 0.038141
7 0.956933 0.832539 0.032376 0.039333
7 0.332010 0.519070 0.016494 0.025030
4 0.172266 0.544100 0.040318 0.027414
7 0.899817 0.505364 0.030544 0.023838
7 0.931277 0.561979 0.031155 0.027414
5 0.023213 0.460667 0.042761 0.025030
7 0.713089 0.319328 0.019952 0.030252
1 0.564246 0.089076 0.051077 0.178151
0 0.059457 0.552941 0.107741 0.073950
7 0.754988 0.470588 0.023943 0.030252
4 0.579409 0.290756 0.030327 0.057143
