7 0.132300 0.796700 0.017000 0.020400
7 0.961200 0.637700 0.020200 0.024600
7 0.798300 0.592900 0.015500 0.022100
7 0.761600 0.465900 0.018200 0.022400
7 0.492500 0.260300 0.012700 0.029900
7 0.680200 0.730600 0.017000 0.026200
7 0.197800 0.823600 0.014400 0.020800
7 0.793000 0.682200 0.017700 0.030300
7 0.384900 0.746000 0.011300 0.020000
7 0.570900 0.720900 0.010800 0.024000
7 0.482900 0.754200 0.011000 0.020500
7 0.884600 0.669700 0.015000 0.020100
7 0.465400 0.770700 0.012000 0.018900
7 0.117200 0.458400 0.017600 0.020200
7 0.644300 0.719400 0.011500 0.021700
6 0.556600 0.487000 0.039300 0.070300
6 0.056000 0.647400 0.052000 0.045100
6 0.857800 0.435300 0.047800 0.043400
6 0.630100 0.652100 0.042100 0.058000
4 0.641300 0.552100 0.029600 0.025700
4 0.334600 0.536400 0.030100 0.024600
4 0.251300 0.708200 0.029700 0.028200
3 0.071500 0.710300 0.090000 0.055100
0 0.045000 0.546500 0.073900 0.048900
0 0.236300 0.545100 0.065500 0.049200
5 0.650439 0.460674 0.019154 0.019262
5 0.697127 0.430979 0.007183 0.040128
5 0.687550 0.431782 0.007183 0.038523
5 0.679569 0.427769 0.008779 0.036918
5 0.671987 0.430177 0.007981 0.041734
5 0.661612 0.429374 0.007981 0.040128
5 0.644054 0.431782 0.007981 0.035313
5 0.635275 0.437400 0.011173 0.030498
5 0.604549 0.429374 0.016760 0.024077
5 0.585794 0.413323 0.023943 0.020867
5 0.549082 0.353933 0.009577 0.046549
5 0.324985 0.709178 0.018326 0.016687
6 0.510996 0.378427 0.022602 0.070322
6 0.511301 0.684744 0.035431 0.041716
6 0.570861 0.688915 0.036042 0.038141
6 0.616982 0.692491 0.035431 0.033373
6 0.454490 0.690703 0.040318 0.034565
6 0.432498 0.650179 0.036652 0.036949
6 0.404093 0.699642 0.037263 0.035757
6 0.264508 0.626937 0.041539 0.035757
6 0.206475 0.719905 0.039096 0.035757
6 0.171961 0.719309 0.032376 0.034565
7 0.414172 0.500000 0.007330 0.015495
7 0.401649 0.510131 0.007941 0.011919
7 0.437385 0.451132 0.008552 0.015495
7 0.443494 0.423719 0.007330 0.015495
4 0.540623 0.132300 0.030544 0.028605
7 0.493891 0.023242 0.011607 0.022646
7 0.451741 0.177592 0.009163 0.023838
4 0.564447 0.349225 0.017104 0.035757
4 0.593769 0.393921 0.026878 0.022646
7 0.463042 0.784267 0.008552 0.019070
7 0.534514 0.752086 0.008552 0.019070
7 0.548259 0.752086 0.007941 0.021454
7 0.562615 0.737187 0.008552 0.020262
7 0.485950 0.730632 0.014050 0.023838
7 0.664325 0.718117 0.010385 0.020262
7 0.883323 0.688915 0.020770 0.019070
7 0.897984 0.694875 0.014661 0.014303
4 0.905315 0.377831 0.026878 0.038141
3 0.162492 0.551251 0.078192 0.058403
7 0.094991 0.961859 0.011607 0.019070
7 0.133170 0.966031 0.010996 0.020262
1 0.543496 0.224370 0.031923 0.142857
0 0.472865 0.396639 0.029529 0.124370
6 0.356345 0.669748 0.039106 0.042017
6 0.730646 0.684034 0.039106 0.030252
6 0.583400 0.574790 0.043097 0.036975
7 0.934956 0.673950 0.007183 0.020168
6 0.976457 0.666387 0.043895 0.038655
6 0.843575 0.637815 0.047885 0.031933
