7 0.511000 0.763600 0.013900 0.027400
7 0.179800 0.662900 0.017700 0.028500
6 0.415300 0.515800 0.041300 0.068700
4 0.635600 0.529700 0.031000 0.027800
4 0.461000 0.352500 0.015700 0.053900
1 0.202500 0.617000 0.092100 0.065100
7 0.564246 0.328571 0.014366 0.028571
6 0.427374 0.135294 0.026337 0.085714
6 0.462091 0.228571 0.019154 0.073950
6 0.419792 0.280672 0.020750 0.087395
6 0.426177 0.904202 0.019154 0.080672
4 0.415802 0.216807 0.011173 0.043697
4 0.047885 0.624370 0.020750 0.038655
4 0.015962 0.632773 0.030327 0.045378
3 0.889465 0.629412 0.086991 0.052101
7 0.158819 0.666387 0.012769 0.021849
7 0.140064 0.662185 0.010375 0.026891
0 0.114126 0.626891 0.070231 0.050420
