7 0.742500 0.319800 0.015400 0.025000
7 0.481200 0.924700 0.015900 0.036200
7 0.387600 0.865400 0.015900 0.029500
7 0.377700 0.904000 0.016800 0.031700
7 0.510900 0.876000 0.013900 0.027800
7 0.418900 0.150700 0.016600 0.040600
7 0.568300 0.858500 0.013800 0.033700
7 0.346800 0.491700 0.020100 0.027900
7 0.349700 0.916500 0.013400 0.027800
6 0.332100 0.662900 0.062700 0.075700
0 0.060500 0.550000 0.104500 0.081500
5 0.798412 0.398689 0.009774 0.063170
5 0.783140 0.400477 0.009774 0.059595
5 0.769090 0.397497 0.010996 0.060787
5 0.752902 0.420143 0.015272 0.060787
5 0.725412 0.404648 0.010385 0.058403
5 0.700672 0.413588 0.018326 0.054827
5 0.652718 0.395113 0.026268 0.034565
5 0.622480 0.368296 0.031765 0.019070
5 0.566585 0.262813 0.015272 0.056019
6 0.349725 0.747914 0.062920 0.070322
6 0.411118 0.796186 0.059866 0.052443
6 0.598351 0.805721 0.066585 0.059595
6 0.666768 0.817640 0.051924 0.054827
6 0.775504 0.813468 0.069029 0.058403
6 0.846365 0.810489 0.071472 0.057211
6 0.825901 0.739571 0.074527 0.058403
6 0.732437 0.485101 0.068418 0.052443
7 0.979536 0.351013 0.020159 0.025030
7 0.329872 0.890346 0.019548 0.030989
7 0.195785 0.901073 0.028711 0.026222
7 0.534820 0.903456 0.014050 0.035757
7 0.557117 0.902265 0.015883 0.038141
7 0.803910 0.871871 0.020770 0.034565
7 0.825290 0.872467 0.018326 0.033373
7 0.927306 0.813468 0.023213 0.039333
7 0.985950 0.820620 0.026878 0.036949
7 0.735186 0.849821 0.023824 0.038141
7 0.920892 0.477354 0.026268 0.027414
4 0.617899 0.299166 0.040929 0.035757
4 0.637447 0.336114 0.047037 0.040524
4 0.173183 0.536949 0.042150 0.029797
7 0.332315 0.511323 0.017104 0.021454
7 0.899511 0.511323 0.031155 0.028605
7 0.610874 0.744934 0.018326 0.028605
7 0.630116 0.742551 0.018937 0.030989
5 0.023824 0.454708 0.042761 0.022646
7 0.697127 0.318487 0.019952 0.025210
7 0.923384 0.357983 0.022346 0.023529
1 0.560654 0.091597 0.050279 0.176471
4 0.580208 0.284874 0.031923 0.055462
