7 0.505800 0.533300 0.018500 0.033000
7 0.612800 0.860000 0.016200 0.030800
7 0.224700 0.845900 0.018800 0.028500
7 0.418700 0.233300 0.018700 0.039300
6 0.464700 0.774200 0.060500 0.073300
4 0.514300 0.188200 0.019900 0.078500
0 0.878100 0.564100 0.113800 0.086900
0 0.484800 0.663200 0.100100 0.083100
0 0.182500 0.659500 0.114100 0.083100
0 0.560300 0.085300 0.051700 0.166400
0 0.055700 0.533500 0.108200 0.082300
5 0.715027 0.396305 0.007941 0.060787
5 0.799328 0.395113 0.009163 0.063170
5 0.784362 0.395113 0.009774 0.056019
5 0.770617 0.393921 0.009163 0.051251
5 0.753513 0.417163 0.015272 0.057211
5 0.742822 0.398093 0.009774 0.057211
5 0.726329 0.397497 0.009774 0.056019
5 0.701588 0.406436 0.018937 0.052443
5 0.651802 0.388558 0.028100 0.035757
5 0.624313 0.361144 0.037874 0.023838
5 0.566280 0.253874 0.018326 0.059595
6 0.212889 0.772944 0.069029 0.060787
6 0.594380 0.802741 0.065974 0.058403
6 0.857056 0.661502 0.061087 0.066746
6 0.843005 0.402861 0.059866 0.050060
6 0.695174 0.665077 0.070861 0.059595
5 0.385461 0.493445 0.030544 0.052443
7 0.933720 0.340882 0.015272 0.019070
7 0.948687 0.330155 0.017104 0.019070
7 0.956933 0.388558 0.021381 0.026222
7 0.941051 0.401669 0.018937 0.016687
7 0.904398 0.468415 0.029933 0.023838
4 0.577886 0.275328 0.030544 0.052443
4 0.617288 0.286651 0.033598 0.041716
4 0.635614 0.326579 0.045816 0.038141
4 0.168601 0.526818 0.043983 0.030989
7 0.285278 0.568534 0.021991 0.028605
7 0.529016 0.896901 0.012217 0.032181
7 0.551313 0.896305 0.015272 0.038141
7 0.700061 0.855185 0.019548 0.029797
7 0.712279 0.885578 0.029322 0.033373
7 0.237019 0.943385 0.019548 0.034565
5 0.018937 0.439809 0.035431 0.021454
6 0.665603 0.811765 0.052674 0.050420
6 0.844374 0.810084 0.071828 0.057143
7 0.702314 0.317647 0.014366 0.026891
7 0.983240 0.885714 0.017558 0.026891
