7 0.240800 0.626000 0.015300 0.026600
7 0.235600 0.511500 0.015700 0.023600
7 0.468500 0.735800 0.012200 0.023200
7 0.459400 0.759800 0.010500 0.020700
7 0.875600 0.697200 0.017200 0.025700
7 0.164100 0.537100 0.015800 0.022600
7 0.719700 0.473500 0.012900 0.020300
7 0.722000 0.733400 0.017100 0.024000
7 0.693300 0.754900 0.012300 0.023100
7 0.801600 0.715300 0.014700 0.023900
7 0.249800 0.600700 0.015100 0.021100
7 0.556800 0.745700 0.010900 0.019900
7 0.694200 0.730800 0.012400 0.022500
7 0.340600 0.915800 0.010700 0.020400
7 0.345900 0.701400 0.012700 0.022500
6 0.877200 0.570700 0.050700 0.042100
6 0.869500 0.465600 0.047400 0.041100
6 0.782800 0.578100 0.046700 0.047900
6 0.464700 0.622500 0.038000 0.042600
4 0.800600 0.495200 0.029900 0.024200
4 0.276500 0.659100 0.034700 0.027500
1 0.432500 0.577100 0.083900 0.081900
1 0.694600 0.540600 0.077000 0.067600
0 0.241400 0.563800 0.064900 0.049300
0 0.047900 0.567700 0.074100 0.048900
0 0.480500 0.413500 0.030700 0.123600
5 0.722267 0.437400 0.009577 0.036918
5 0.706704 0.446228 0.008779 0.038523
5 0.698723 0.443018 0.007183 0.035313
5 0.690742 0.441413 0.007183 0.038523
5 0.680766 0.444623 0.007981 0.044944
5 0.671189 0.445425 0.009577 0.043339
5 0.660016 0.447833 0.006385 0.038523
5 0.652434 0.447833 0.008779 0.038523
5 0.642458 0.451043 0.009577 0.032103
5 0.614126 0.442215 0.016760 0.024077
5 0.595770 0.430979 0.023144 0.017657
5 0.556265 0.366774 0.009577 0.046549
6 0.178375 0.743743 0.031765 0.030989
6 0.212889 0.740763 0.040929 0.034565
6 0.283140 0.725268 0.039707 0.036949
6 0.410812 0.716925 0.039707 0.036949
6 0.461820 0.709774 0.041539 0.034565
6 0.520464 0.704410 0.037874 0.040524
6 0.552535 0.641836 0.040929 0.036949
6 0.612401 0.647199 0.044594 0.040524
6 0.578192 0.708582 0.040929 0.034565
6 0.625840 0.710965 0.033598 0.032181
6 0.897373 0.664482 0.042761 0.044100
6 0.927917 0.380810 0.034209 0.063170
6 0.517410 0.391538 0.024435 0.072706
7 0.772144 0.454112 0.013439 0.016687
7 0.798717 0.413588 0.015272 0.016687
4 0.602321 0.406436 0.025657 0.023838
4 0.573610 0.362932 0.018326 0.036949
4 0.546426 0.143027 0.026268 0.028605
4 0.340257 0.555423 0.029322 0.021454
7 0.567196 0.763409 0.007941 0.015495
7 0.557422 0.768176 0.007941 0.017878
7 0.542150 0.774136 0.009163 0.015495
7 0.483812 0.753874 0.008552 0.015495
5 0.937385 0.653159 0.028711 0.019070
7 0.964264 0.672825 0.014050 0.015495
5 0.460904 0.230632 0.007941 0.046484
5 0.332010 0.728248 0.020159 0.016687
7 0.335980 0.851013 0.009774 0.026222
7 0.678375 0.753278 0.011607 0.028605
7 0.663103 0.675209 0.012828 0.025030
7 0.993891 0.172229 0.009774 0.022646
7 0.896151 0.695471 0.014661 0.017878
7 0.437996 0.467819 0.007330 0.017878
7 0.364997 0.895709 0.010385 0.020262
7 0.578803 0.422527 0.010385 0.015495
7 0.138363 0.986889 0.012828 0.021454
7 0.100183 0.988081 0.010996 0.021454
7 0.608735 0.758045 0.012828 0.016687
1 0.551875 0.237815 0.032721 0.146218
3 0.167199 0.574790 0.079010 0.053782
6 0.369114 0.711765 0.039106 0.045378
7 0.368316 0.731092 0.007183 0.013445
7 0.625698 0.726050 0.011173 0.013445
6 0.713488 0.631092 0.041500 0.038655
6 0.697925 0.701681 0.043895 0.035294
6 0.740223 0.700840 0.042298 0.030252
6 0.861931 0.512605 0.047885 0.033613
