6 0.471800 0.817500 0.017700 0.063000
6 0.538707 0.703361 0.031923 0.035294
7 0.515962 0.910084 0.008779 0.025210
7 0.520351 0.897479 0.009577 0.023529
7 0.955706 0.328571 0.016760 0.018487
7 0.976457 0.361345 0.011971 0.020168
7 0.407821 0.948739 0.009577 0.018487
7 0.418595 0.952101 0.007183 0.018487
7 0.803671 0.631933 0.006385 0.016807
7 0.799282 0.638655 0.010375 0.016807
6 0.469673 0.904202 0.016760 0.063866
2 0.646049 0.479832 0.117318 0.058824
0 0.098164 0.482353 0.047885 0.036975
0 0.406624 0.435294 0.055068 0.043697
