7 0.415900 0.747300 0.009800 0.028600
1 0.208700 0.613800 0.090900 0.063100
0 0.355100 0.565200 0.064600 0.065400
0 0.456000 0.453700 0.039700 0.119000
3 0.879888 0.626891 0.085395 0.053782
4 0.417398 0.227731 0.009577 0.042017
4 0.503990 0.705882 0.011971 0.057143
4 0.057063 0.621849 0.021548 0.036975
4 0.025938 0.626891 0.029529 0.036975
5 0.210694 0.512605 0.027135 0.026891
6 0.428571 0.142857 0.023943 0.084034
6 0.458899 0.174790 0.020750 0.070588
6 0.421788 0.280672 0.019952 0.080672
6 0.428172 0.895798 0.021548 0.077311
6 0.966879 0.642017 0.045491 0.036975
6 0.588188 0.513445 0.041500 0.038655
7 0.399042 0.480672 0.011173 0.023529
7 0.564645 0.335294 0.015164 0.025210
7 0.157223 0.659664 0.015962 0.018487
0 0.123304 0.621849 0.067837 0.050420
7 0.404629 0.349580 0.006385 0.030252
