7 0.427000 0.756400 0.009500 0.027600
0 0.156900 0.534100 0.071000 0.055900
0 0.791800 0.542800 0.075200 0.058600
5 0.424581 0.184874 0.007981 0.043697
7 0.419792 0.168067 0.011173 0.023529
7 0.573025 0.331092 0.014366 0.030252
7 0.179170 0.634454 0.015164 0.018487
6 0.017558 0.505882 0.035116 0.040336
6 0.464086 0.144538 0.016760 0.067227
6 0.435754 0.276471 0.020750 0.085714
6 0.290503 0.614286 0.046289 0.031933
6 0.437350 0.876471 0.019154 0.075630
6 0.636872 0.520168 0.038308 0.045378
6 0.652035 0.580672 0.039904 0.045378
6 0.698723 0.531092 0.039106 0.043697
6 0.696728 0.602521 0.039904 0.042017
6 0.500000 0.767227 0.023144 0.075630
5 0.604549 0.483193 0.027933 0.028571
5 0.542698 0.712605 0.012769 0.043697
5 0.468077 0.866387 0.011971 0.048739
4 0.047087 0.607563 0.028731 0.035294
4 0.430567 0.221849 0.010375 0.040336
4 0.476457 0.718487 0.012769 0.055462
3 0.881484 0.623529 0.085395 0.057143
3 0.527933 0.404202 0.031125 0.142857
1 0.938947 0.548739 0.080607 0.055462
0 0.141660 0.604202 0.067837 0.048739
7 0.580208 0.958824 0.012769 0.028571
