7 0.342900 0.456500 0.010300 0.020100
7 0.299100 0.449600 0.015000 0.019300
3 0.530700 0.955200 0.037200 0.083600
1 0.227000 0.596500 0.089500 0.064400
7 0.584198 0.341176 0.017558 0.026891
7 0.274940 0.444538 0.013567 0.018487
6 0.629290 0.528571 0.040702 0.038655
6 0.483639 0.072269 0.017558 0.080672
6 0.439346 0.890756 0.019952 0.077311
6 0.445730 0.284034 0.019952 0.087395
4 0.441341 0.225210 0.011173 0.036975
4 0.079409 0.592437 0.018356 0.035294
4 0.047486 0.594118 0.029529 0.035294
3 0.895052 0.655462 0.086991 0.057143
0 0.142458 0.598319 0.067837 0.053782
