7 0.084300 0.843100 0.021900 0.030000
7 0.109300 0.837300 0.019400 0.028700
7 0.436200 0.871900 0.014900 0.032700
7 0.430300 0.041500 0.018200 0.048000
4 0.243000 0.605600 0.050600 0.037300
1 0.502700 0.615800 0.108100 0.093100
0 0.053100 0.533500 0.105800 0.086900
0 0.503300 0.616100 0.104500 0.094500
5 0.724191 0.396305 0.009163 0.060787
5 0.811240 0.395709 0.010996 0.069130
5 0.795663 0.398689 0.010385 0.056019
5 0.781613 0.396901 0.010385 0.059595
5 0.765119 0.417163 0.014050 0.061979
5 0.753513 0.401669 0.011607 0.050060
5 0.737019 0.402265 0.009163 0.056019
5 0.711057 0.410608 0.017104 0.053635
5 0.660965 0.389750 0.028100 0.035757
5 0.631032 0.362932 0.034209 0.022646
5 0.572999 0.250894 0.019548 0.060787
6 0.077886 0.794398 0.075137 0.063170
6 0.408369 0.796186 0.059255 0.066746
6 0.601710 0.813468 0.068418 0.060787
6 0.648748 0.737187 0.070861 0.065554
6 0.799328 0.727056 0.076359 0.066746
6 0.785278 0.826579 0.076359 0.060787
6 0.861026 0.823004 0.071472 0.058403
6 0.941662 0.670441 0.081246 0.056019
6 0.831093 0.564958 0.080024 0.057211
6 0.856445 0.408224 0.062309 0.048868
7 0.754123 0.312872 0.012828 0.022646
4 0.166158 0.526818 0.040318 0.023838
4 0.584911 0.276520 0.027489 0.052443
4 0.624618 0.290226 0.034820 0.039333
4 0.644472 0.326579 0.043983 0.030989
7 0.848809 0.456496 0.025046 0.028605
7 0.918448 0.470203 0.031155 0.022646
7 0.838729 0.375447 0.017104 0.033373
7 0.913256 0.898689 0.025657 0.047676
7 0.536347 0.908224 0.012217 0.035757
7 0.558949 0.908224 0.012217 0.040524
7 0.563225 0.858164 0.014661 0.030989
7 0.715944 0.888558 0.026878 0.034565
0 0.568418 0.081049 0.047037 0.162098
5 0.016494 0.440405 0.031765 0.022646
7 0.344227 0.475566 0.007941 0.019070
7 0.719473 0.312605 0.021548 0.026891
6 0.672785 0.821849 0.055866 0.047059
