7 0.260300 0.596600 0.014300 0.024500
7 0.015400 0.825900 0.021500 0.022700
7 0.430200 0.763800 0.010500 0.020100
7 0.684900 0.483800 0.014300 0.020400
7 0.163700 0.541500 0.015500 0.027400
7 0.235300 0.513400 0.016100 0.024000
7 0.595000 0.364600 0.015100 0.025300
7 0.604000 0.748400 0.014000 0.023300
7 0.340900 0.911900 0.012600 0.021500
7 0.469800 0.739300 0.012000 0.020800
7 0.776400 0.449000 0.018400 0.018300
7 0.721200 0.730000 0.014200 0.023400
7 0.867000 0.702300 0.014800 0.024400
7 0.992300 0.238900 0.016400 0.029600
7 0.815000 0.719000 0.014600 0.023500
7 0.842900 0.710600 0.017600 0.025500
7 0.483100 0.760500 0.008800 0.018800
6 0.655100 0.646700 0.041500 0.038900
6 0.789800 0.578300 0.046900 0.040700
6 0.900400 0.666200 0.044500 0.045400
4 0.751500 0.505500 0.030000 0.026500
4 0.149000 0.680400 0.035700 0.026600
1 0.633800 0.560000 0.075900 0.071200
1 0.331400 0.623200 0.089000 0.077800
0 0.239400 0.566200 0.064400 0.049900
0 0.046300 0.570500 0.075600 0.048200
0 0.480900 0.414400 0.031500 0.122900
0 0.928800 0.582100 0.070300 0.054100
5 0.725060 0.443820 0.008779 0.036918
5 0.707901 0.447833 0.006385 0.038523
5 0.698723 0.443018 0.005587 0.032103
5 0.691540 0.446228 0.007183 0.035313
5 0.682761 0.446228 0.007183 0.041734
5 0.673184 0.448636 0.007183 0.043339
5 0.663208 0.447833 0.007981 0.041734
5 0.654030 0.447833 0.007183 0.038523
5 0.645650 0.455859 0.009577 0.028892
5 0.614924 0.445425 0.018356 0.020867
5 0.595770 0.431782 0.021548 0.016051
5 0.558659 0.364366 0.009577 0.038523
6 0.176848 0.746126 0.032376 0.030989
6 0.211973 0.745530 0.039096 0.034565
6 0.280696 0.729440 0.040929 0.035757
6 0.410812 0.719309 0.037263 0.036949
6 0.459682 0.712753 0.039707 0.035757
6 0.485034 0.651967 0.040318 0.040524
6 0.560782 0.658522 0.042761 0.036949
6 0.580941 0.713349 0.040318 0.039333
6 0.627367 0.714541 0.034209 0.034565
6 0.700061 0.705602 0.037874 0.038141
6 0.743739 0.705006 0.039707 0.029797
6 0.719914 0.606675 0.040929 0.042908
6 0.930971 0.380810 0.036652 0.060787
6 0.505192 0.176996 0.024435 0.070322
1 0.552230 0.238379 0.030544 0.150179
4 0.340257 0.556615 0.026878 0.019070
4 0.548564 0.144219 0.029322 0.026222
4 0.574527 0.362336 0.018937 0.035757
4 0.602932 0.409416 0.029322 0.020262
7 0.568418 0.766985 0.009163 0.020262
7 0.559255 0.771752 0.009163 0.025030
7 0.543677 0.776520 0.009774 0.020262
7 0.580941 0.752682 0.008552 0.020262
5 0.940745 0.654946 0.028100 0.017878
7 0.967013 0.676400 0.014661 0.015495
5 0.460904 0.233015 0.006720 0.048868
7 0.477398 0.014303 0.014050 0.021454
5 0.332926 0.731228 0.018326 0.013111
7 0.281002 0.576281 0.013439 0.013111
7 0.580024 0.420739 0.012828 0.019070
7 0.723274 0.758045 0.012217 0.019070
7 0.710751 0.752086 0.011607 0.021454
7 0.703421 0.675209 0.012828 0.025030
7 0.438302 0.468415 0.009163 0.019070
7 0.364386 0.900477 0.010385 0.020262
7 0.820403 0.703814 0.018326 0.017878
7 0.748626 0.741359 0.015272 0.021454
7 0.136225 0.989869 0.013439 0.015495
3 0.165603 0.577311 0.077414 0.052101
7 0.099362 0.990756 0.011971 0.011765
6 0.411014 0.632773 0.038308 0.042017
6 0.370311 0.715126 0.039904 0.048739
7 0.343575 0.706723 0.011971 0.025210
6 0.521149 0.705042 0.036712 0.038655
7 0.368316 0.735294 0.008779 0.011765
7 0.627694 0.731092 0.013567 0.013445
6 0.937350 0.519328 0.051875 0.040336
6 0.832402 0.480672 0.044693 0.036975
6 0.800479 0.519328 0.046289 0.036975
