7 0.145100 0.822300 0.015100 0.019100
7 0.153500 0.501500 0.015600 0.020900
7 0.690700 0.741000 0.019000 0.023900
7 0.826700 0.599600 0.015000 0.029800
7 0.049600 0.601300 0.022300 0.020100
7 0.315200 0.565800 0.017200 0.026600
7 0.880300 0.463000 0.020100 0.021400
7 0.858600 0.621200 0.018200 0.028700
7 0.022600 0.592600 0.016900 0.019500
7 0.921400 0.631100 0.015800 0.023700
7 0.467000 0.741900 0.010000 0.019400
7 0.472300 0.729600 0.010900 0.020700
6 0.772400 0.593200 0.044300 0.038700
4 0.688300 0.533200 0.032900 0.028700
0 0.034500 0.652200 0.069300 0.051600
0 0.483100 0.408500 0.028600 0.127100
0 0.244600 0.559600 0.065400 0.050400
5 0.724262 0.435795 0.008779 0.036918
5 0.707901 0.441413 0.006385 0.038523
5 0.698723 0.439005 0.008779 0.033708
5 0.689146 0.439005 0.007183 0.036918
5 0.682761 0.443018 0.005587 0.041734
5 0.671987 0.442215 0.007981 0.040128
5 0.654429 0.445425 0.007981 0.033708
5 0.645650 0.448636 0.009577 0.027287
5 0.614525 0.440610 0.015962 0.024077
5 0.596169 0.424559 0.023943 0.017657
5 0.559457 0.364366 0.009577 0.044944
6 0.086744 0.712753 0.046426 0.033373
6 0.181429 0.737783 0.031765 0.033373
6 0.215944 0.735399 0.042150 0.033373
6 0.284973 0.721097 0.039707 0.035757
6 0.372633 0.714541 0.035431 0.063170
6 0.414172 0.713349 0.037874 0.034565
6 0.579719 0.706198 0.040318 0.034565
6 0.627062 0.705602 0.034820 0.033373
6 0.697618 0.698451 0.039096 0.035757
6 0.740990 0.697259 0.042761 0.028605
6 0.742517 0.636472 0.045816 0.042908
6 0.854918 0.662694 0.039707 0.042908
6 0.896762 0.658522 0.040318 0.046484
6 0.926084 0.378427 0.036652 0.065554
1 0.552841 0.234803 0.030544 0.150179
4 0.548870 0.142431 0.027489 0.027414
4 0.572999 0.361144 0.018326 0.038141
4 0.602016 0.401669 0.025046 0.021454
4 0.343005 0.550060 0.026268 0.020262
7 0.532071 0.048868 0.008552 0.021454
5 0.535125 0.394517 0.017104 0.042908
7 0.785583 0.392729 0.012217 0.015495
7 0.796885 0.388558 0.011607 0.014303
7 0.774282 0.464243 0.015272 0.020262
7 0.478619 0.831347 0.009163 0.015495
7 0.543677 0.766985 0.008552 0.017878
7 0.560171 0.764005 0.008552 0.023838
7 0.603849 0.748510 0.007941 0.019070
7 0.652413 0.687723 0.010996 0.016687
5 0.937996 0.639452 0.023824 0.027414
7 0.964569 0.666269 0.017104 0.016687
5 0.334148 0.722884 0.020770 0.013111
7 0.815211 0.656734 0.012828 0.019070
7 0.811851 0.749106 0.008552 0.017878
7 0.881491 0.427294 0.013439 0.017878
5 0.890959 0.410608 0.026268 0.027414
7 0.435553 0.507151 0.010996 0.017878
7 0.414478 0.522646 0.011607 0.015495
3 0.171350 0.567938 0.077581 0.058403
7 0.143250 0.982122 0.011607 0.021454
7 0.105376 0.981526 0.012828 0.020262
7 0.877825 0.688915 0.018326 0.019070
7 0.367135 0.886174 0.008552 0.017878
7 0.357972 0.892729 0.008552 0.014303
7 0.626756 0.725864 0.008552 0.014303
7 0.457702 0.210084 0.005587 0.016807
0 0.052275 0.562185 0.072626 0.048739
7 0.132083 0.605882 0.015164 0.018487
5 0.130886 0.614286 0.025539 0.018487
6 0.522346 0.697479 0.034318 0.036975
6 0.462889 0.704202 0.039904 0.033613
6 0.690742 0.640336 0.042298 0.040336
6 0.742219 0.511765 0.046289 0.038655
6 0.667997 0.489076 0.041500 0.040336
7 0.947725 0.737815 0.013567 0.016807
