7 0.067500 0.307500 0.018400 0.029000
6 0.535116 0.701681 0.031125 0.035294
7 0.501197 0.226050 0.011173 0.021849
7 0.391061 0.668908 0.011173 0.016807
7 0.967279 0.365546 0.011173 0.028571
7 0.971269 0.708403 0.014366 0.018487
7 0.995611 0.242017 0.007183 0.016807
7 0.408220 0.945378 0.008779 0.015126
7 0.798085 0.605882 0.011173 0.018487
6 0.469274 0.813445 0.019154 0.060504
6 0.467279 0.899160 0.018356 0.067227
6 0.984038 0.425210 0.028731 0.030252
5 0.949721 0.322689 0.007981 0.030252
6 0.781724 0.601681 0.031125 0.033613
5 0.573424 0.470588 0.013567 0.023529
6 0.554669 0.571429 0.031923 0.050420
