7 0.065300 0.694600 0.018300 0.020600
7 0.197600 0.647300 0.014700 0.018400
7 0.801100 0.349000 0.018600 0.027300
7 0.770900 0.614000 0.014900 0.024900
7 0.826300 0.310800 0.016900 0.026400
7 0.521100 0.598900 0.013400 0.023300
7 0.695900 0.627000 0.012800 0.021500
7 0.149200 0.376500 0.014600 0.025500
7 0.723600 0.602600 0.013200 0.025200
7 0.122300 0.825900 0.012800 0.023200
7 0.623300 0.613400 0.013100 0.022100
6 0.648600 0.438400 0.045700 0.054300
6 0.925000 0.547000 0.046500 0.048300
6 0.901000 0.331000 0.048300 0.043600
6 0.548900 0.565100 0.036400 0.043500
6 0.639000 0.518800 0.037700 0.048400
5 0.553400 0.038600 0.014500 0.050800
3 0.101600 0.572700 0.091000 0.053400
0 0.458400 0.484400 0.069800 0.052400
0 0.076600 0.406300 0.074200 0.055000
0 0.269600 0.413600 0.065400 0.052800
0 0.512300 0.276500 0.029300 0.124400
0 0.983900 0.395300 0.032700 0.079600
5 0.737829 0.319422 0.007183 0.038523
5 0.728651 0.318620 0.006385 0.036918
5 0.720670 0.320225 0.006385 0.036918
5 0.711492 0.318620 0.007183 0.040128
5 0.703911 0.321830 0.007981 0.043339
5 0.683559 0.319422 0.007183 0.038523
5 0.674781 0.325040 0.010375 0.033708
5 0.644453 0.313804 0.018356 0.024077
5 0.588188 0.239165 0.009577 0.048154
5 0.625698 0.297753 0.023943 0.014446
6 0.610136 0.332263 0.040702 0.064205
6 0.237019 0.585816 0.037874 0.034565
6 0.202505 0.586412 0.032376 0.033373
6 0.532987 0.083433 0.022602 0.071514
6 0.606903 0.574493 0.040929 0.040524
6 0.653940 0.579261 0.033598 0.033373
6 0.438607 0.575685 0.039096 0.038141
6 0.396151 0.572110 0.037263 0.054827
1 0.585828 0.104291 0.032987 0.153754
4 0.583995 0.015495 0.025657 0.028605
4 0.603849 0.233611 0.016494 0.040524
4 0.634698 0.274732 0.028100 0.025030
7 0.489921 0.183552 0.008552 0.019070
7 0.492975 0.238379 0.008552 0.019070
7 0.492059 0.267580 0.009163 0.015495
7 0.486255 0.305125 0.009774 0.019070
7 0.470067 0.332539 0.010385 0.019070
4 0.368357 0.409416 0.029322 0.020262
5 0.357972 0.582241 0.014661 0.010727
7 0.918143 0.587008 0.015883 0.025030
7 0.568418 0.638260 0.009163 0.015495
7 0.583079 0.637068 0.009163 0.022646
7 0.594075 0.624553 0.009163 0.016687
7 0.808491 0.285459 0.009163 0.017878
3 0.196396 0.414779 0.080024 0.059595
7 0.393097 0.428486 0.007941 0.017878
7 0.447159 0.377235 0.007330 0.015495
7 0.160660 0.832539 0.009774 0.025030
6 0.088986 0.505882 0.047087 0.040336
6 0.558260 0.491597 0.042298 0.052101
6 0.487231 0.569748 0.043895 0.040336
6 0.769753 0.575630 0.039106 0.028571
6 0.725858 0.573950 0.042298 0.035294
6 0.689944 0.526891 0.039106 0.042017
