6 0.987800 0.439200 0.024900 0.032600
6 0.534717 0.707563 0.030327 0.036975
7 0.967279 0.370588 0.014366 0.021849
7 0.972865 0.369748 0.009577 0.023529
7 0.403033 0.950420 0.009577 0.025210
7 0.411812 0.949580 0.009577 0.020168
7 0.794094 0.643697 0.012769 0.013445
7 0.798085 0.637815 0.009577 0.015126
6 0.466480 0.820168 0.016760 0.060504
6 0.464485 0.905882 0.017558 0.063866
5 0.955706 0.336134 0.008779 0.026891
6 0.885475 0.389076 0.029529 0.055462
0 0.268555 0.567227 0.055068 0.045378
4 0.134876 0.533613 0.027135 0.018487
