6 0.630000 0.501400 0.030500 0.028800
4 0.199500 0.513300 0.025100 0.020600
0 0.074200 0.483600 0.045800 0.039800
0 0.570700 0.540800 0.050800 0.046900
0 0.514200 0.201600 0.021800 0.088000
0 0.938700 0.592000 0.053500 0.040100
0 0.516200 0.331500 0.022100 0.090600
0 0.473000 0.358700 0.020500 0.070500
0 0.445900 0.039800 0.021300 0.079000
7 0.051875 0.566387 0.009577 0.023529
7 0.530327 0.136975 0.008779 0.021849
7 0.550279 0.352101 0.013567 0.018487
7 0.567438 0.452941 0.009577 0.018487
7 0.549481 0.875630 0.010375 0.020168
7 0.701117 0.591597 0.011971 0.016807
4 0.455706 0.910084 0.019154 0.035294
4 0.456504 0.954622 0.020750 0.033613
4 0.442937 0.259664 0.007981 0.035294
4 0.442139 0.220168 0.007981 0.040336
4 0.444533 0.187395 0.007981 0.045378
0 0.516361 0.046218 0.023943 0.092437
6 0.713089 0.537815 0.029529 0.030252
6 0.446528 0.310924 0.016760 0.067227
6 0.481644 0.025210 0.018356 0.050420
6 0.649242 0.536975 0.029529 0.025210
6 0.498005 0.669748 0.020750 0.058824
6 0.455706 0.692437 0.015962 0.053782
6 0.449322 0.755462 0.014366 0.055462
3 0.722666 0.575630 0.059856 0.045378
1 0.049880 0.542017 0.063049 0.045378
0 0.229848 0.553782 0.049481 0.035294
0 0.288109 0.554622 0.047885 0.036975
0 0.879090 0.585714 0.048683 0.042017
