7 0.639000 0.111200 0.026900 0.045000
7 0.322500 0.648300 0.021000 0.033500
7 0.620800 0.931800 0.015800 0.039700
0 0.038800 0.557900 0.080000 0.087000
7 0.363128 0.672269 0.019154 0.033613
7 0.616121 0.921849 0.012769 0.035294
7 0.148045 0.288235 0.023144 0.045378
7 0.171588 0.298319 0.025539 0.025210
6 0.408220 0.900840 0.039106 0.124370
6 0.215483 0.477311 0.078212 0.070588
6 0.515164 0.421849 0.063049 0.060504
6 0.462889 0.052941 0.033520 0.105882
0 0.440942 0.540336 0.114126 0.092437
0 0.036313 0.423529 0.072626 0.084034
