7 0.103600 0.886400 0.016400 0.026900
7 0.511100 0.635100 0.013300 0.029600
7 0.859100 0.703900 0.019800 0.021600
7 0.145400 0.848500 0.018000 0.022300
7 0.468900 0.765900 0.012300 0.020200
7 0.581400 0.768800 0.011300 0.023800
7 0.593500 0.765700 0.012400 0.022600
7 0.526200 0.783500 0.011500 0.023300
7 0.034700 0.831700 0.011900 0.018600
7 0.574300 0.782100 0.012000 0.021900
6 0.490600 0.546300 0.036000 0.070700
6 0.617900 0.656400 0.043700 0.057000
6 0.872900 0.464600 0.050200 0.040400
6 0.901200 0.543000 0.047900 0.062300
6 0.979400 0.394700 0.037200 0.064800
5 0.328200 0.761400 0.020000 0.022100
4 0.131000 0.680700 0.032200 0.027200
4 0.826800 0.532500 0.031000 0.029500
3 0.067200 0.771400 0.092300 0.058200
0 0.235800 0.595000 0.067700 0.051800
0 0.038300 0.603200 0.076700 0.051600
0 0.479400 0.437700 0.030200 0.126800
5 0.707901 0.462279 0.007981 0.041734
5 0.698723 0.462279 0.007183 0.038523
5 0.691939 0.463884 0.006385 0.035313
5 0.682362 0.464687 0.009577 0.040128
5 0.672386 0.467897 0.010375 0.046549
5 0.661213 0.467095 0.008779 0.038523
5 0.653631 0.464687 0.006385 0.043339
5 0.642857 0.472713 0.015164 0.036918
5 0.614126 0.463884 0.021548 0.025682
5 0.594972 0.451043 0.021548 0.019262
5 0.555467 0.389246 0.011173 0.046549
7 0.362859 0.935042 0.008552 0.020262
7 0.689676 0.728844 0.012217 0.025030
6 0.745266 0.722884 0.040318 0.032181
7 0.461210 0.437426 0.006109 0.011919
7 0.446854 0.463051 0.006720 0.015495
7 0.442883 0.492253 0.006109 0.014303
7 0.419670 0.539333 0.006109 0.010727
7 0.408064 0.557211 0.009774 0.013111
4 0.336286 0.585221 0.027489 0.021454
6 0.197618 0.710369 0.047037 0.038141
6 0.206781 0.778903 0.039707 0.036949
6 0.171961 0.778903 0.032376 0.034565
6 0.410202 0.748510 0.037263 0.038141
6 0.461210 0.740167 0.040318 0.040524
6 0.521075 0.730036 0.037874 0.044100
6 0.583079 0.735399 0.037263 0.038141
6 0.629200 0.736591 0.032987 0.038141
4 0.544288 0.160906 0.026878 0.028605
4 0.572083 0.385578 0.020159 0.044100
4 0.603543 0.426698 0.028100 0.028605
4 0.253207 0.759237 0.028711 0.033373
7 0.559560 0.797974 0.009774 0.022646
7 0.543983 0.799166 0.011607 0.020262
5 0.853696 0.725268 0.026268 0.022646
7 0.769090 0.769964 0.009774 0.021454
7 0.773977 0.496424 0.017104 0.015495
7 0.794136 0.441001 0.013439 0.019070
7 0.805437 0.412396 0.012828 0.016687
7 0.083995 0.514899 0.016494 0.016687
3 0.160354 0.606079 0.082468 0.056019
7 0.452046 0.241359 0.004887 0.017878
7 0.820098 0.786055 0.015272 0.025030
7 0.624313 0.778308 0.009774 0.019070
1 0.549082 0.256303 0.030327 0.149580
6 0.024342 0.733613 0.048683 0.052101
6 0.235435 0.657983 0.049481 0.031933
6 0.744214 0.557983 0.043895 0.036975
