6 0.904500 0.585600 0.037600 0.030900
6 0.535116 0.697479 0.031125 0.033613
7 0.969274 0.356303 0.011971 0.023529
7 0.959697 0.972269 0.018356 0.028571
7 0.408220 0.942017 0.008779 0.015126
7 0.837590 0.442017 0.013567 0.016807
7 0.802474 0.742857 0.010375 0.016807
7 0.809657 0.744538 0.010375 0.013445
6 0.468875 0.809244 0.018356 0.058824
6 0.466879 0.895798 0.015962 0.063866
6 0.984836 0.420168 0.027135 0.033613
5 0.952514 0.321849 0.008779 0.031933
6 0.977654 0.489916 0.039904 0.031933
0 0.640862 0.440336 0.051077 0.043697
0 0.632482 0.533613 0.051875 0.048739
7 0.990423 0.441176 0.009577 0.015126
