7 0.185000 0.632800 0.017300 0.022300
4 0.476700 0.056300 0.012600 0.057700
0 0.475200 0.191300 0.026700 0.110700
7 0.577414 0.729412 0.008779 0.023529
7 0.572227 0.326050 0.014366 0.030252
7 0.423783 0.784874 0.006385 0.026891
6 0.436552 0.872269 0.020750 0.073950
6 0.288508 0.605882 0.047087 0.031933
6 0.434956 0.272269 0.020750 0.084034
6 0.348763 0.510924 0.041500 0.036975
5 0.446129 0.392437 0.012769 0.045378
4 0.430567 0.214286 0.010375 0.038655
4 0.045491 0.600000 0.028731 0.036975
3 0.881085 0.620168 0.086193 0.057143
3 0.512769 0.259664 0.031125 0.132773
0 0.140064 0.596639 0.066241 0.050420
