7 0.092300 0.796600 0.016400 0.022400
7 0.123000 0.835900 0.017400 0.024400
7 0.108700 0.822900 0.013900 0.023100
7 0.235600 0.510400 0.017000 0.022300
7 0.520300 0.791100 0.011500 0.020300
7 0.767500 0.486300 0.017100 0.021300
7 0.458600 0.743800 0.010700 0.018400
7 0.468000 0.734500 0.011200 0.019600
7 0.480200 0.524000 0.013500 0.025100
7 0.577900 0.740500 0.013000 0.020900
7 0.802300 0.444700 0.012700 0.019500
7 0.502900 0.756300 0.012100 0.025200
7 0.815900 0.711800 0.016200 0.026700
7 0.747300 0.726800 0.010600 0.020300
7 0.744000 0.746300 0.012700 0.021900
7 0.649600 0.734200 0.014900 0.022600
7 0.518800 0.763400 0.011200 0.024000
6 0.516200 0.634200 0.041600 0.042900
6 0.849000 0.547500 0.049200 0.043300
6 0.320100 0.661300 0.041000 0.036600
6 0.099500 0.677600 0.049600 0.044600
6 0.653400 0.622200 0.042000 0.040800
6 0.636400 0.672100 0.041500 0.039100
6 0.520200 0.350400 0.025900 0.069000
6 0.283400 0.720900 0.040700 0.046000
4 0.980700 0.528800 0.027600 0.033700
4 0.341500 0.554000 0.026600 0.022000
1 0.907900 0.497600 0.082500 0.085300
1 0.973500 0.403100 0.056500 0.111400
0 0.241700 0.563200 0.064700 0.049300
0 0.050000 0.564800 0.073600 0.048900
0 0.480000 0.415000 0.030500 0.122800
5 0.718998 0.443981 0.010996 0.036949
5 0.704948 0.444577 0.008552 0.042908
5 0.694563 0.447557 0.007330 0.034565
5 0.687233 0.442193 0.006109 0.040524
5 0.679291 0.446961 0.007330 0.040524
5 0.668907 0.452920 0.007330 0.040524
5 0.658522 0.448153 0.007330 0.035757
5 0.650886 0.448749 0.006720 0.036949
5 0.642334 0.457688 0.011607 0.033373
5 0.611179 0.445173 0.016494 0.022646
5 0.592242 0.431466 0.023824 0.016687
5 0.555589 0.365316 0.011607 0.036949
6 0.178375 0.740167 0.032987 0.030989
6 0.213500 0.738379 0.038485 0.032181
6 0.368968 0.710369 0.039096 0.045292
6 0.410507 0.719905 0.037874 0.035757
6 0.577276 0.709178 0.037874 0.035757
6 0.623702 0.713945 0.035431 0.030989
6 0.695174 0.703814 0.039096 0.034565
6 0.737324 0.703218 0.042761 0.028605
6 0.912645 0.642431 0.042761 0.061979
6 0.923030 0.387366 0.035431 0.064362
6 0.982896 0.684744 0.030544 0.034565
7 0.792303 0.499404 0.013439 0.019070
4 0.546732 0.146007 0.029322 0.025030
4 0.571778 0.362932 0.018326 0.039333
4 0.601100 0.410012 0.028100 0.019070
7 0.467929 0.269368 0.012217 0.016687
7 0.540318 0.771752 0.009163 0.015495
7 0.555284 0.768772 0.008552 0.021454
7 0.563836 0.765197 0.009774 0.016687
7 0.496335 0.833731 0.009163 0.017878
5 0.948076 0.653754 0.026878 0.025030
7 0.959988 0.678784 0.012828 0.015495
5 0.460293 0.234803 0.007941 0.042908
7 0.468235 0.134088 0.010385 0.022646
5 0.332010 0.726460 0.017715 0.017878
7 0.451741 0.454708 0.006720 0.020262
7 0.437080 0.469011 0.009163 0.017878
7 0.361943 0.892133 0.007941 0.020262
7 0.576359 0.455304 0.009163 0.019070
7 0.806048 0.770560 0.011607 0.020262
7 0.100183 0.984505 0.010996 0.021454
7 0.137447 0.983313 0.012217 0.021454
7 0.623396 0.730632 0.009163 0.016687
6 0.501995 0.189076 0.022346 0.062185
1 0.549880 0.242017 0.031923 0.147899
3 0.168396 0.572269 0.076616 0.052101
7 0.365523 0.728571 0.007981 0.015126
6 0.458500 0.707563 0.042298 0.033613
6 0.445331 0.642017 0.036712 0.036975
6 0.986433 0.270588 0.020750 0.060504
7 0.972067 0.290756 0.007981 0.020168
