7 0.758700 0.388600 0.015300 0.029200
7 0.328400 0.953700 0.018300 0.031000
7 0.856100 0.940000 0.022700 0.033700
7 0.175000 0.689200 0.025100 0.038700
5 0.832400 0.533000 0.041500 0.033200
0 0.076000 0.664100 0.111000 0.079000
0 0.711300 0.709600 0.104900 0.090000
5 0.814294 0.458284 0.010996 0.063170
5 0.797495 0.458880 0.009163 0.059595
5 0.784056 0.458880 0.010385 0.057211
5 0.767868 0.479738 0.017104 0.063170
5 0.740684 0.464839 0.011607 0.064362
5 0.716555 0.476758 0.020770 0.052443
5 0.667379 0.463647 0.023824 0.035757
5 0.637447 0.439213 0.034820 0.017878
5 0.576359 0.337306 0.015272 0.054827
6 0.432498 0.892729 0.065974 0.052443
6 0.555284 0.801549 0.067196 0.063170
6 0.626451 0.889154 0.065363 0.061979
6 0.695785 0.893325 0.054979 0.056019
6 0.809102 0.880810 0.071472 0.061979
6 0.882407 0.871275 0.066585 0.061979
6 0.840867 0.792610 0.076359 0.057211
6 0.894319 0.579261 0.076970 0.054827
6 0.455406 0.576877 0.032376 0.114422
6 0.080635 0.760429 0.072083 0.059595
6 0.031460 0.955900 0.060476 0.054827
4 0.562004 0.014303 0.041539 0.026222
4 0.591020 0.360548 0.033598 0.046484
4 0.631032 0.368892 0.037874 0.036949
4 0.648748 0.408224 0.041539 0.036949
4 0.187844 0.644815 0.040929 0.028605
7 0.661271 0.952920 0.023824 0.036949
7 0.895541 0.935042 0.020770 0.034565
7 0.271228 0.909416 0.018326 0.030989
7 0.273977 0.935042 0.012828 0.032181
7 0.585217 0.982122 0.014661 0.030989
7 0.562004 0.986889 0.017104 0.021454
7 0.989310 0.397497 0.018937 0.025030
7 0.911423 0.489273 0.029322 0.027414
7 0.956017 0.868296 0.028100 0.029797
5 0.036347 0.573302 0.044594 0.026222
1 0.567039 0.143697 0.043895 0.226891
