7 0.090100 0.507400 0.017900 0.023100
7 0.665600 0.408700 0.015100 0.021300
7 0.442700 0.781200 0.015700 0.020300
7 0.407400 0.776800 0.014400 0.022600
7 0.724400 0.751500 0.013500 0.024500
7 0.459800 0.782400 0.013000 0.019600
6 0.492000 0.526200 0.035300 0.070000
6 0.485500 0.691800 0.041400 0.054100
4 0.401200 0.609900 0.034600 0.026100
3 0.071400 0.757000 0.091100 0.060600
0 0.042300 0.592300 0.075300 0.050700
0 0.236600 0.583500 0.066000 0.050600
0 0.476300 0.426500 0.027800 0.123700
5 0.702314 0.454254 0.007981 0.044944
5 0.693136 0.458266 0.007183 0.036918
5 0.684757 0.459069 0.007981 0.041734
5 0.677973 0.455056 0.008779 0.036918
5 0.667199 0.458266 0.007981 0.040128
5 0.656425 0.455056 0.007183 0.036918
5 0.648444 0.454254 0.008779 0.038523
5 0.638867 0.464687 0.015164 0.033708
5 0.610535 0.455859 0.015962 0.025682
5 0.590982 0.443018 0.023144 0.022472
5 0.552275 0.376404 0.011173 0.040128
6 0.172572 0.764005 0.031155 0.030989
6 0.207392 0.763409 0.038485 0.032181
7 0.361026 0.918951 0.008552 0.023838
7 0.546732 0.762217 0.008552 0.015495
7 0.526573 0.753278 0.009774 0.021454
7 0.554979 0.784267 0.007941 0.021454
7 0.683568 0.716329 0.014661 0.019070
6 0.738241 0.709774 0.040929 0.027414
7 0.406536 0.541716 0.007941 0.010727
7 0.418143 0.529201 0.006720 0.011919
7 0.460599 0.429082 0.004887 0.011919
7 0.444411 0.453516 0.006720 0.013111
7 0.440745 0.482718 0.007941 0.014303
4 0.334759 0.573302 0.025657 0.021454
6 0.315516 0.721692 0.039707 0.041716
6 0.408980 0.734803 0.039707 0.036949
6 0.576359 0.724076 0.040929 0.036949
6 0.624618 0.722288 0.033598 0.033373
6 0.929750 0.608462 0.052535 0.039333
4 0.540012 0.156734 0.029322 0.029797
4 0.566280 0.375447 0.021991 0.040524
4 0.597129 0.418355 0.027489 0.021454
4 0.253818 0.745530 0.028711 0.032181
5 0.328955 0.746126 0.018937 0.016687
7 0.540318 0.785459 0.007941 0.019070
7 0.567502 0.770560 0.007330 0.017878
7 0.517104 0.680572 0.011607 0.019070
5 0.844838 0.712753 0.025657 0.023838
7 0.753818 0.443385 0.014661 0.021454
7 0.766341 0.487485 0.016494 0.016687
7 0.795052 0.402265 0.011607 0.017878
3 0.161881 0.594756 0.079414 0.057211
7 0.448992 0.234803 0.007330 0.019070
6 0.456933 0.727056 0.042761 0.030989
1 0.544693 0.251261 0.031125 0.146218
7 0.057861 0.871429 0.015164 0.028571
6 0.254988 0.662185 0.043895 0.040336
7 0.004389 0.751261 0.008779 0.020168
6 0.501197 0.622689 0.041500 0.038655
6 0.635275 0.574790 0.043097 0.036975
6 0.784916 0.543697 0.043895 0.031933
6 0.982841 0.685714 0.031125 0.036975
6 0.862729 0.455462 0.049481 0.040336
