5 0.515400 0.324300 0.010300 0.047300
4 0.515300 0.324000 0.009900 0.046000
1 0.605900 0.518700 0.058000 0.045400
0 0.444500 0.041000 0.021900 0.081200
0 0.938900 0.587600 0.054600 0.039900
0 0.879800 0.583100 0.050000 0.045100
0 0.507700 0.090800 0.019200 0.075800
7 0.540702 0.341176 0.008779 0.016807
7 0.549481 0.352101 0.010375 0.018487
7 0.547486 0.647059 0.007981 0.020168
7 0.597765 0.602521 0.009577 0.018487
7 0.610934 0.452941 0.011971 0.015126
7 0.856345 0.606723 0.009577 0.016807
7 0.430567 0.236975 0.007183 0.020168
7 0.443735 0.842017 0.007981 0.016807
7 0.444134 0.870588 0.008779 0.020168
7 0.444932 0.891597 0.008779 0.021849
4 0.456105 0.912605 0.018356 0.040336
4 0.456903 0.957983 0.019952 0.033613
4 0.441740 0.262185 0.008779 0.033613
4 0.440543 0.224370 0.007981 0.038655
6 0.456903 0.693277 0.016760 0.055462
6 0.450120 0.757143 0.014366 0.055462
6 0.783719 0.496639 0.030327 0.028571
6 0.790902 0.542857 0.031923 0.033613
6 0.835196 0.543697 0.031125 0.028571
6 0.475259 0.113445 0.019952 0.055462
6 0.445331 0.311765 0.015962 0.068908
4 0.504389 0.015966 0.012769 0.031933
3 0.723065 0.574790 0.059058 0.043697
1 0.975658 0.531933 0.045491 0.042017
1 0.888667 0.534454 0.050279 0.036975
1 0.510774 0.211765 0.023943 0.107563
1 0.049082 0.548739 0.063049 0.045378
0 0.229848 0.557143 0.049481 0.038655
0 0.287709 0.557143 0.047087 0.038655
