7 0.299500 0.465500 0.012600 0.017700
4 0.468900 0.302200 0.012200 0.039400
3 0.504900 0.310800 0.023400 0.107400
0 0.940700 0.587300 0.054100 0.039300
0 0.881400 0.520700 0.051600 0.040200
0 0.251000 0.492100 0.052400 0.043800
0 0.880400 0.582000 0.050800 0.043100
0 0.497700 0.165600 0.023200 0.092800
7 0.549082 0.350420 0.012769 0.021849
7 0.541500 0.700840 0.008779 0.023529
7 0.547486 0.725210 0.009577 0.021849
7 0.583001 0.447899 0.010375 0.018487
7 0.995211 0.621008 0.006385 0.015126
4 0.456504 0.910084 0.017558 0.035294
4 0.456504 0.956303 0.020750 0.030252
4 0.440144 0.221849 0.008779 0.040336
4 0.441740 0.259664 0.008779 0.031933
6 0.444932 0.307563 0.016760 0.067227
6 0.455307 0.691597 0.018356 0.055462
6 0.449721 0.755462 0.015164 0.055462
1 0.048284 0.545378 0.063049 0.048739
0 0.286512 0.553782 0.047885 0.038655
0 0.443735 0.038655 0.023943 0.077311
0 0.485634 0.047059 0.021548 0.090756
5 0.456105 0.481513 0.015164 0.018487
0 0.228651 0.555462 0.050279 0.038655
