4 0.478100 0.627300 0.013300 0.040700
0 0.649000 0.514900 0.041500 0.037000
0 0.483200 0.273800 0.023400 0.099900
0 0.585700 0.512100 0.051900 0.041300
0 0.185500 0.486400 0.045600 0.041100
0 0.520100 0.845700 0.021300 0.088600
0 0.286600 0.552200 0.049000 0.036900
0 0.511000 0.115800 0.021700 0.087800
0 0.939900 0.586300 0.054100 0.040400
0 0.444700 0.038400 0.021800 0.074300
0 0.747900 0.519200 0.048200 0.038000
0 0.514500 0.452800 0.022400 0.083200
7 0.049481 0.566387 0.011173 0.020168
7 0.540303 0.332773 0.009577 0.016807
7 0.549880 0.348739 0.011173 0.021849
7 0.719872 0.593277 0.009577 0.013445
7 0.053472 0.429412 0.012769 0.015126
4 0.455706 0.907563 0.019154 0.036975
4 0.456504 0.953782 0.020750 0.031933
4 0.440942 0.257143 0.007183 0.033613
4 0.440543 0.215126 0.007981 0.040336
4 0.444134 0.182353 0.008779 0.045378
0 0.879888 0.580672 0.048683 0.042017
0 0.486832 0.756303 0.020750 0.087395
0 0.228252 0.552941 0.049481 0.036975
1 0.048284 0.542857 0.061453 0.043697
3 0.722666 0.570588 0.059856 0.042017
4 0.594174 0.556303 0.021548 0.023529
6 0.444932 0.305882 0.016760 0.067227
6 0.482442 0.414286 0.016760 0.055462
6 0.702314 0.527731 0.030327 0.030252
6 0.796887 0.500840 0.031125 0.030252
6 0.909816 0.535294 0.030327 0.028571
6 0.982442 0.547059 0.030327 0.031933
6 0.455706 0.689916 0.017558 0.052101
6 0.448125 0.751261 0.015164 0.053782
