4 0.481000 0.496700 0.015400 0.055800
0 0.392200 0.533800 0.069700 0.070800
5 0.300479 0.500000 0.026337 0.025210
7 0.573025 0.327731 0.014366 0.026891
7 0.062251 0.621849 0.009577 0.016807
7 0.011572 0.559664 0.021548 0.023529
6 0.435754 0.275630 0.019154 0.084034
6 0.469673 0.368908 0.024741 0.082353
6 0.437350 0.870588 0.020750 0.073950
6 0.289705 0.609244 0.044693 0.031933
4 0.430567 0.221008 0.011971 0.038655
4 0.456903 0.278992 0.010375 0.057143
4 0.618516 0.530252 0.031923 0.028571
3 0.879090 0.623529 0.085395 0.053782
0 0.142857 0.598319 0.065443 0.050420
4 0.049082 0.600000 0.029529 0.036975
