0 0.286900 0.551400 0.049300 0.037100
0 0.650900 0.514100 0.041100 0.037900
0 0.941100 0.585800 0.053900 0.039900
0 0.587100 0.510900 0.053100 0.041600
0 0.523500 0.421600 0.024300 0.098300
0 0.485300 0.212300 0.020500 0.082600
7 0.046289 0.565546 0.011173 0.021849
7 0.537510 0.057143 0.010375 0.016807
7 0.545890 0.035294 0.007981 0.020168
7 0.551077 0.347899 0.013567 0.023529
7 0.707901 0.589076 0.009577 0.015126
7 0.228651 0.437815 0.011971 0.015126
4 0.456903 0.904202 0.016760 0.036975
4 0.456504 0.953782 0.019154 0.035294
4 0.442538 0.256303 0.008779 0.035294
4 0.440942 0.217647 0.008779 0.038655
4 0.444134 0.181513 0.010375 0.043697
6 0.855547 0.530252 0.031923 0.028571
6 0.446528 0.304202 0.015164 0.067227
6 0.483240 0.571429 0.016760 0.060504
6 0.456504 0.689076 0.017558 0.053782
6 0.449721 0.751261 0.015164 0.053782
4 0.594972 0.553782 0.023144 0.021849
4 0.479250 0.421849 0.008779 0.043697
3 0.723863 0.570588 0.060654 0.042017
3 0.516361 0.063866 0.023943 0.117647
1 0.048683 0.540336 0.062251 0.045378
0 0.444932 0.036134 0.023144 0.072269
0 0.478851 0.062185 0.020750 0.087395
0 0.513966 0.224370 0.020750 0.095798
0 0.881484 0.580672 0.048683 0.045378
0 0.229050 0.550420 0.049481 0.038655
