6 0.530726 0.700000 0.028731 0.035294
7 0.962091 0.370588 0.010375 0.021849
7 0.940543 0.942857 0.007183 0.010084
7 0.945730 0.941176 0.009577 0.016807
7 0.399840 0.936975 0.009577 0.021849
7 0.409816 0.939496 0.010375 0.016807
6 0.464485 0.807563 0.017558 0.062185
6 0.461692 0.894118 0.016760 0.063866
6 0.981245 0.436134 0.035914 0.028571
7 0.656824 0.370588 0.011173 0.021849
6 0.162809 0.473950 0.033520 0.030252
5 0.758180 0.610924 0.023943 0.018487
6 0.501596 0.474790 0.029529 0.058824
4 0.171189 0.425210 0.024741 0.020168
4 0.493216 0.834454 0.011173 0.045378
4 0.873504 0.579832 0.019952 0.020168
