6 0.535515 0.696639 0.031923 0.035294
7 0.969274 0.356303 0.011971 0.023529
7 0.956105 0.924370 0.014366 0.026891
7 0.407422 0.942017 0.007183 0.015126
7 0.813647 0.472269 0.013567 0.020168
7 0.800878 0.770588 0.011971 0.018487
7 0.806065 0.775630 0.007981 0.015126
6 0.469274 0.808403 0.017558 0.060504
6 0.467678 0.894958 0.017558 0.062185
6 0.984836 0.422689 0.027135 0.028571
5 0.952514 0.320168 0.008779 0.028571
0 0.644852 0.441176 0.051077 0.038655
0 0.558659 0.490756 0.044693 0.073950
6 0.824820 0.587395 0.031125 0.031933
6 0.355148 0.465546 0.035116 0.033613
7 0.988029 0.440336 0.007981 0.013445
