1 0.208400 0.621000 0.090300 0.063000
0 0.279200 0.546100 0.067700 0.059600
0 0.537500 0.940000 0.028000 0.117900
0 0.122400 0.629700 0.070900 0.051100
7 0.359138 0.656303 0.012769 0.025210
3 0.884278 0.631092 0.086193 0.055462
4 0.616121 0.533613 0.033520 0.025210
4 0.620910 0.575630 0.025539 0.028571
4 0.662410 0.572269 0.031923 0.031933
4 0.418595 0.228571 0.010375 0.043697
4 0.055467 0.628571 0.019952 0.033613
4 0.025140 0.633613 0.027933 0.040336
6 0.688747 0.527731 0.039904 0.036975
6 0.429370 0.903361 0.020750 0.078992
6 0.462091 0.042017 0.022346 0.077311
6 0.428172 0.146218 0.023144 0.087395
6 0.422985 0.287395 0.020750 0.090756
6 0.514765 0.420168 0.023943 0.067227
7 0.563847 0.337815 0.013567 0.030252
