7 0.633900 0.098300 0.027800 0.044500
7 0.373700 0.757400 0.019400 0.038500
7 0.782400 0.534100 0.024900 0.030100
7 0.368000 0.677400 0.021700 0.037100
6 0.861300 0.566000 0.075400 0.073900
6 0.724000 0.439700 0.074000 0.068500
6 0.449900 0.041400 0.038100 0.081600
4 0.576200 0.447500 0.019500 0.081100
0 0.034700 0.552000 0.070100 0.085200
7 0.101756 0.629412 0.029529 0.025210
7 0.113328 0.605882 0.028731 0.031933
7 0.357542 0.091597 0.017558 0.052101
7 0.642059 0.293277 0.015164 0.035294
7 0.636073 0.319328 0.015962 0.026891
6 0.403033 0.894958 0.041500 0.126050
6 0.971269 0.477311 0.052674 0.063866
6 0.847965 0.459664 0.074222 0.062185
6 0.758579 0.589076 0.072626 0.065546
6 0.478851 0.303361 0.039904 0.119328
6 0.282123 0.456303 0.072626 0.065546
6 0.468476 0.763025 0.038308 0.124370
