0 0.471900 0.150400 0.029300 0.112300
5 0.420990 0.167227 0.010375 0.045378
0 0.133679 0.585714 0.066241 0.048739
2 0.517558 0.115966 0.047087 0.228571
3 0.877494 0.608403 0.083799 0.053782
4 0.425778 0.205042 0.010375 0.036975
4 0.630886 0.553782 0.027933 0.025210
4 0.037111 0.589076 0.031125 0.038655
6 0.429370 0.257983 0.020750 0.085714
6 0.734238 0.508403 0.041500 0.038655
6 0.639266 0.504202 0.039904 0.043697
6 0.258180 0.554622 0.045491 0.043697
6 0.470870 0.617647 0.020750 0.072269
6 0.465682 0.802521 0.019952 0.072269
6 0.478053 0.935294 0.023943 0.072269
6 0.430966 0.859664 0.020750 0.075630
4 0.449322 0.463025 0.012769 0.055462
7 0.568635 0.313445 0.016760 0.028571
