1 0.620200 0.511600 0.059900 0.046000
0 0.234400 0.502000 0.051600 0.043200
0 0.783900 0.524200 0.051000 0.039600
0 0.947200 0.598200 0.053700 0.039600
0 0.491500 0.883000 0.023400 0.084200
0 0.509800 0.209900 0.023300 0.095200
0 0.446400 0.038700 0.022400 0.076300
7 0.551077 0.353782 0.013567 0.025210
7 0.581804 0.453782 0.009577 0.016807
7 0.683160 0.612605 0.007981 0.018487
4 0.455706 0.918487 0.019154 0.038655
4 0.456105 0.964706 0.021548 0.033613
4 0.442139 0.221008 0.007981 0.042017
4 0.442937 0.260504 0.007981 0.033613
4 0.483639 0.381513 0.011173 0.040336
5 0.991620 0.569748 0.015164 0.026891
6 0.446927 0.310084 0.017558 0.068908
6 0.503591 0.512605 0.019154 0.057143
6 0.680367 0.500000 0.029529 0.031933
6 0.455706 0.703361 0.019154 0.065546
6 0.449322 0.763025 0.015962 0.053782
6 0.088986 0.476471 0.037510 0.035294
1 0.044294 0.546218 0.063049 0.047059
0 0.226656 0.557143 0.049481 0.038655
0 0.284916 0.557143 0.049481 0.042017
