5 0.292800 0.476000 0.021900 0.018300
3 0.505500 0.311800 0.024900 0.107400
0 0.627800 0.508700 0.051900 0.039800
0 0.942900 0.586900 0.054300 0.037600
0 0.882100 0.582000 0.051900 0.043300
7 0.550678 0.350420 0.012769 0.021849
7 0.547486 0.631933 0.009577 0.020168
7 0.531524 0.863866 0.011173 0.023529
7 0.424980 0.052941 0.007183 0.025210
7 0.584996 0.448739 0.009577 0.020168
7 0.931764 0.616807 0.011971 0.020168
7 0.367917 0.589916 0.009577 0.013445
7 0.337590 0.447899 0.009577 0.015126
4 0.458500 0.910924 0.018356 0.036975
4 0.458899 0.957143 0.019154 0.031933
4 0.440942 0.221008 0.008779 0.038655
4 0.441740 0.258824 0.008779 0.036975
6 0.445730 0.308403 0.016760 0.065546
6 0.456504 0.693277 0.019154 0.055462
4 0.674381 0.559664 0.023943 0.020168
4 0.472865 0.340336 0.011971 0.045378
1 0.049082 0.547899 0.061453 0.043697
0 0.229050 0.557143 0.049481 0.038655
0 0.286911 0.556303 0.047087 0.040336
0 0.498005 0.164706 0.020750 0.097479
0 0.486034 0.049580 0.022346 0.092437
0 0.443735 0.038655 0.023943 0.077311
6 0.450918 0.755462 0.015962 0.052101
