7 0.096600 0.843800 0.017400 0.023100
7 0.199000 0.807400 0.014000 0.022400
7 0.389600 0.558100 0.013200 0.022200
7 0.343500 0.657800 0.012000 0.020300
7 0.640600 0.751000 0.012200 0.023700
7 0.346000 0.685800 0.010800 0.017900
7 0.213200 0.784400 0.015700 0.020000
7 0.491500 0.376800 0.013200 0.031500
7 0.402900 0.772800 0.009900 0.020200
7 0.362200 0.573600 0.011900 0.018600
7 0.767300 0.466200 0.017900 0.023500
7 0.234600 0.773700 0.014000 0.023100
7 0.940200 0.657200 0.015000 0.024500
7 0.786700 0.422200 0.015600 0.025100
7 0.358000 0.556400 0.012700 0.019100
7 0.525200 0.282200 0.012300 0.024500
7 0.262400 0.765300 0.014100 0.020700
7 0.957700 0.659100 0.015500 0.025500
6 0.884400 0.486500 0.048000 0.060300
6 0.543700 0.458300 0.040600 0.064200
6 0.916700 0.644800 0.051200 0.050400
5 0.503700 0.677200 0.027700 0.020800
5 0.483300 0.575100 0.016700 0.037700
0 0.790700 0.580800 0.060700 0.054700
0 0.654000 0.586200 0.063900 0.058800
0 0.520400 0.629100 0.064900 0.053300
0 0.242200 0.573700 0.063700 0.048900
0 0.050100 0.581600 0.073000 0.047700
5 0.718998 0.438021 0.008552 0.039333
5 0.703421 0.442789 0.007941 0.039333
5 0.693647 0.443385 0.006720 0.038141
5 0.686316 0.445173 0.006720 0.036949
5 0.678375 0.445173 0.006720 0.039333
5 0.667379 0.448153 0.006720 0.038141
5 0.657605 0.446961 0.007941 0.040524
5 0.649969 0.446365 0.008552 0.034565
5 0.641723 0.454112 0.010385 0.030989
5 0.610263 0.445769 0.013439 0.019070
5 0.591631 0.432062 0.020159 0.013111
5 0.554062 0.365912 0.008552 0.033373
6 0.179597 0.752086 0.030544 0.028605
6 0.212889 0.750894 0.039707 0.033373
6 0.369578 0.718713 0.037874 0.045292
6 0.412034 0.721692 0.036042 0.039333
6 0.460293 0.713945 0.045816 0.033373
6 0.578497 0.710965 0.040318 0.039333
6 0.921503 0.376043 0.036042 0.063170
6 0.467624 0.420739 0.020159 0.071514
6 0.624313 0.710369 0.034209 0.035757
4 0.543067 0.149583 0.028100 0.032181
4 0.599267 0.407628 0.026878 0.023838
4 0.338424 0.560191 0.023213 0.019070
7 0.483506 0.691299 0.007941 0.009535
7 0.486866 0.704410 0.007330 0.019070
7 0.540623 0.747914 0.008552 0.020262
7 0.541539 0.774732 0.009163 0.014303
7 0.556506 0.752086 0.008552 0.016687
7 0.558033 0.772944 0.007941 0.022646
7 0.565974 0.761621 0.009163 0.019070
7 0.620037 0.730632 0.009774 0.014303
7 0.990226 0.143027 0.017104 0.026222
5 0.333537 0.734207 0.019548 0.016687
3 0.168907 0.585816 0.080024 0.051251
7 0.100489 0.564958 0.014050 0.014303
7 0.250153 0.766389 0.014050 0.016687
1 0.547087 0.242017 0.031125 0.144538
4 0.570630 0.365546 0.019154 0.035294
7 0.104948 0.990756 0.013567 0.015126
6 0.738627 0.697479 0.040702 0.030252
6 0.695531 0.700000 0.042298 0.035294
6 0.888268 0.578992 0.047885 0.055462
6 0.981644 0.674790 0.033520 0.035294
6 0.575818 0.526050 0.040702 0.040336
