7 0.584000 0.522600 0.011800 0.024700
4 0.506700 0.127000 0.014000 0.045800
0 0.484900 0.041000 0.026100 0.083200
0 0.484800 0.156000 0.025500 0.098600
0 0.468500 0.967400 0.029800 0.062900
5 0.421389 0.169748 0.009577 0.043697
1 0.530726 0.279832 0.031923 0.149580
3 0.880287 0.615126 0.083001 0.057143
4 0.426177 0.208403 0.011173 0.040336
4 0.037909 0.592437 0.027933 0.042017
6 0.430168 0.262185 0.020750 0.084034
6 0.465283 0.380672 0.019154 0.072269
6 0.494812 0.339496 0.019154 0.073950
6 0.431764 0.867227 0.019154 0.077311
7 0.450120 0.987395 0.009577 0.021849
0 0.133679 0.589076 0.067837 0.048739
4 0.079808 0.573950 0.030327 0.028571
7 0.567837 0.319328 0.015164 0.030252
7 0.574621 0.939496 0.011173 0.026891
7 0.399441 0.431933 0.010375 0.016807
