6 0.466700 0.319300 0.021000 0.071000
0 0.486000 0.040300 0.025600 0.080600
0 0.485500 0.152100 0.024700 0.098700
0 0.468500 0.968200 0.030900 0.064300
7 0.416201 0.183193 0.011971 0.026891
5 0.422187 0.170588 0.007981 0.038655
1 0.529928 0.226891 0.030327 0.147899
1 0.142458 0.516807 0.091780 0.085714
3 0.880287 0.615966 0.086193 0.055462
4 0.068236 0.584034 0.021548 0.028571
4 0.039106 0.591597 0.028731 0.036975
4 0.427374 0.206723 0.010375 0.040336
4 0.506784 0.101681 0.012769 0.048739
0 0.132881 0.588235 0.067837 0.050420
6 0.430966 0.263025 0.020750 0.085714
6 0.496010 0.294958 0.021548 0.082353
6 0.431764 0.867227 0.020750 0.077311
7 0.404629 0.638655 0.009577 0.016807
7 0.559058 0.300000 0.010375 0.031933
7 0.569433 0.318487 0.015164 0.031933
7 0.313647 0.436134 0.009577 0.025210
7 0.569832 0.746218 0.011173 0.020168
