4 0.256100 0.498500 0.024800 0.020000
3 0.505300 0.312800 0.024900 0.108400
1 0.551400 0.508500 0.061800 0.044500
0 0.739800 0.517000 0.051200 0.041700
7 0.549880 0.351261 0.015962 0.020168
7 0.584198 0.451261 0.009577 0.018487
7 0.849960 0.609244 0.014366 0.015126
7 0.104150 0.435294 0.011971 0.016807
7 0.428970 0.027731 0.008779 0.025210
7 0.429370 0.142857 0.006385 0.020168
4 0.454509 0.915966 0.021548 0.040336
4 0.456504 0.963025 0.020750 0.033613
4 0.440144 0.221008 0.008779 0.038655
4 0.441341 0.261345 0.007981 0.035294
6 0.890662 0.554622 0.030327 0.030252
6 0.771748 0.565546 0.030327 0.031933
6 0.678372 0.494958 0.031923 0.031933
6 0.692737 0.557143 0.030327 0.031933
6 0.445730 0.310084 0.016760 0.068908
6 0.601756 0.560504 0.030327 0.028571
6 0.559457 0.564706 0.031923 0.043697
6 0.454110 0.618487 0.015962 0.053782
6 0.455307 0.702521 0.019952 0.063866
6 0.449322 0.762185 0.015962 0.055462
5 0.789705 0.494118 0.016760 0.016807
4 0.639266 0.537815 0.022346 0.020168
1 0.043895 0.547059 0.062251 0.045378
0 0.443735 0.038655 0.023943 0.077311
0 0.284517 0.557983 0.048683 0.040336
0 0.226257 0.557983 0.050279 0.040336
0 0.944932 0.591597 0.055866 0.040336
