7 0.377700 0.758000 0.018800 0.039500
7 0.811100 0.639100 0.022700 0.025500
7 0.336400 0.415800 0.018900 0.035100
7 0.326500 0.631200 0.014600 0.030300
7 0.301000 0.644300 0.018700 0.024900
0 0.037900 0.554300 0.076700 0.085600
7 0.636073 0.101681 0.028731 0.038655
7 0.353951 0.329412 0.016760 0.023529
7 0.624900 0.247899 0.019154 0.038655
7 0.867917 0.387395 0.029529 0.038655
6 0.407821 0.894958 0.039904 0.126050
1 0.551476 0.109244 0.065443 0.218487
6 0.430567 0.107563 0.034318 0.131092
6 0.765762 0.444538 0.077414 0.065546
6 0.848763 0.572269 0.077414 0.075630
