7 0.149500 0.563900 0.015800 0.013100
1 0.045400 0.531700 0.061000 0.051200
0 0.940200 0.610600 0.055600 0.040300
0 0.608900 0.521400 0.049800 0.040000
7 0.552674 0.357143 0.015164 0.025210
7 0.436951 0.879832 0.007183 0.018487
7 0.284118 0.583193 0.009577 0.013445
7 0.295690 0.575630 0.010375 0.018487
4 0.449721 0.912605 0.019952 0.036975
4 0.450519 0.957983 0.021548 0.036975
4 0.443735 0.221008 0.009577 0.038655
4 0.444533 0.262185 0.009577 0.036975
6 0.447725 0.310084 0.015962 0.065546
6 0.484038 0.279832 0.016760 0.058824
6 0.445331 0.757143 0.014366 0.055462
4 0.650439 0.504202 0.020750 0.023529
0 0.449322 0.039496 0.023943 0.075630
6 0.586991 0.570588 0.032721 0.031933
2 0.516361 0.128571 0.036712 0.236975
0 0.226656 0.547899 0.049481 0.040336
0 0.284916 0.550420 0.047885 0.038655
