7 0.914000 0.666100 0.023300 0.028500
7 0.937700 0.448300 0.022200 0.027400
7 0.930600 0.832700 0.027400 0.037000
7 0.392400 0.859200 0.015200 0.030800
6 0.315800 0.629500 0.055000 0.059500
4 0.825700 0.598200 0.041000 0.040400
0 0.038700 0.671000 0.079800 0.083400
5 0.716555 0.401073 0.009774 0.058403
5 0.800244 0.404052 0.008552 0.061979
5 0.784973 0.404648 0.009774 0.051251
5 0.771533 0.402265 0.009774 0.058403
5 0.754123 0.424911 0.012828 0.058403
5 0.743739 0.408820 0.010385 0.054827
5 0.726634 0.406436 0.009163 0.061979
5 0.701283 0.411204 0.018326 0.050060
5 0.652108 0.395113 0.026268 0.032181
5 0.622786 0.366508 0.032376 0.022646
5 0.567196 0.260429 0.018937 0.060787
6 0.258400 0.694279 0.068418 0.063170
6 0.213806 0.778308 0.070861 0.064362
6 0.414478 0.792610 0.061698 0.064362
6 0.596518 0.808105 0.064142 0.059595
6 0.665547 0.817044 0.056811 0.058403
6 0.607819 0.689511 0.064753 0.058403
6 0.835370 0.685936 0.075137 0.060787
6 0.827123 0.756257 0.074527 0.056019
6 0.845144 0.815256 0.073916 0.059595
4 0.579414 0.280095 0.031155 0.052443
4 0.618815 0.293802 0.035431 0.036949
4 0.636225 0.330751 0.045816 0.032181
4 0.170128 0.531585 0.043372 0.030989
7 0.530849 0.904052 0.012217 0.036949
7 0.553757 0.901669 0.017715 0.044100
7 0.884239 0.852205 0.025046 0.030989
7 0.718082 0.877831 0.020159 0.029797
7 0.391570 0.903456 0.021991 0.038141
7 0.947770 0.401073 0.026268 0.025030
7 0.903177 0.471990 0.033598 0.023838
7 0.815822 0.345650 0.021381 0.026222
7 0.295357 0.560787 0.018937 0.027414
7 0.922724 0.355185 0.028711 0.021454
1 0.561393 0.087008 0.048870 0.171633
5 0.019548 0.446365 0.036652 0.022646
7 0.701117 0.327731 0.013567 0.026891
0 0.057063 0.539496 0.107741 0.077311
6 0.842777 0.411765 0.062251 0.060504
7 0.983240 0.865546 0.020750 0.026891
