7 0.319600 0.957800 0.019300 0.035400
7 0.756400 0.400300 0.016500 0.027200
7 0.342000 0.985400 0.017000 0.029600
6 0.252600 0.723400 0.066400 0.073500
6 0.497500 0.793700 0.056500 0.093400
0 0.879900 0.693800 0.115300 0.093700
0 0.065900 0.663600 0.106500 0.077800
5 0.809102 0.473182 0.010385 0.061979
5 0.794136 0.472586 0.009774 0.063170
5 0.781307 0.475566 0.008552 0.052443
5 0.766341 0.495828 0.014050 0.061979
5 0.737630 0.476758 0.011607 0.061979
5 0.712584 0.489273 0.021381 0.051251
5 0.662492 0.476162 0.027489 0.032181
5 0.633781 0.451132 0.033598 0.017878
5 0.573916 0.347437 0.016494 0.056019
6 0.144777 0.852205 0.073305 0.064362
6 0.424557 0.897497 0.062309 0.059595
6 0.617593 0.900477 0.065974 0.056019
6 0.689065 0.907032 0.053757 0.054827
6 0.802077 0.900477 0.069640 0.058403
6 0.874160 0.892133 0.070861 0.060787
6 0.944716 0.796782 0.078803 0.060787
6 0.752902 0.797378 0.071472 0.061979
4 0.559255 0.019070 0.038485 0.033373
4 0.586439 0.371275 0.028100 0.053635
4 0.625535 0.380215 0.032987 0.038141
4 0.645693 0.418951 0.043983 0.034565
4 0.181429 0.646007 0.042761 0.026222
7 0.989615 0.411800 0.019548 0.027414
5 0.960293 0.526818 0.037874 0.045292
7 0.909285 0.523242 0.026268 0.028605
7 0.825290 0.958880 0.019548 0.025030
7 0.254123 0.917759 0.014661 0.030989
7 0.275199 0.926103 0.023824 0.030989
7 0.770617 0.966627 0.025046 0.028605
7 0.952046 0.887366 0.027489 0.036949
7 0.261454 0.665673 0.019548 0.036949
7 0.583079 0.960072 0.016494 0.044100
5 0.027184 0.569726 0.044594 0.026222
7 0.063225 0.718713 0.031155 0.028605
1 0.565044 0.152941 0.044693 0.228571
