7 0.227500 0.528200 0.012900 0.017100
7 0.438600 0.124000 0.010200 0.022100
4 0.886200 0.510300 0.020800 0.020400
0 0.943100 0.588500 0.054600 0.040200
0 0.521200 0.091900 0.021300 0.095700
7 0.439346 0.603361 0.011971 0.020168
7 0.551077 0.348739 0.013567 0.025210
7 0.926975 0.623529 0.013567 0.020168
4 0.456504 0.910924 0.019154 0.040336
4 0.456504 0.956303 0.019154 0.033613
4 0.442538 0.257143 0.007183 0.036975
4 0.442139 0.217647 0.007981 0.038655
4 0.444533 0.177311 0.009577 0.042017
6 0.484836 0.070588 0.018356 0.057143
6 0.446129 0.305042 0.015962 0.065546
6 0.521149 0.335294 0.015962 0.055462
6 0.217877 0.478151 0.033520 0.028571
6 0.456504 0.691597 0.017558 0.055462
6 0.448923 0.754622 0.015164 0.053782
6 0.593775 0.489076 0.028731 0.026891
6 0.594573 0.548739 0.031923 0.035294
6 0.628891 0.543697 0.028731 0.031933
6 0.857542 0.503361 0.029529 0.031933
3 0.725858 0.572269 0.059856 0.045378
1 0.800080 0.519328 0.056664 0.043697
1 0.721468 0.512605 0.057462 0.040336
1 0.648444 0.515126 0.047087 0.038655
1 0.045890 0.540336 0.063049 0.045378
0 0.491620 0.936134 0.020750 0.087395
0 0.445331 0.036975 0.022346 0.073950
0 0.286113 0.552941 0.047087 0.040336
0 0.883480 0.584034 0.049481 0.042017
0 0.227454 0.552941 0.049481 0.040336
