7 0.992300 0.626500 0.013000 0.020300
7 0.692800 0.551300 0.011700 0.019800
1 0.042800 0.545500 0.063300 0.044900
1 0.798000 0.525200 0.057800 0.045400
1 0.718000 0.516500 0.056700 0.041500
0 0.941900 0.594000 0.054300 0.039600
0 0.513900 0.569000 0.021400 0.073400
0 0.444100 0.039100 0.022300 0.075300
7 0.407422 0.585714 0.008779 0.021849
7 0.549880 0.351261 0.012769 0.020168
7 0.376696 0.595798 0.007981 0.011765
7 0.662809 0.470588 0.007183 0.016807
7 0.680367 0.609244 0.008779 0.018487
4 0.454110 0.913445 0.017558 0.042017
4 0.455307 0.960504 0.018356 0.035294
4 0.439745 0.183193 0.007981 0.043697
4 0.438947 0.217647 0.007981 0.035294
4 0.440942 0.258824 0.008779 0.036975
0 0.283719 0.556303 0.047087 0.040336
0 0.225858 0.557143 0.051077 0.038655
0 0.881883 0.588235 0.049481 0.043697
3 0.724661 0.577311 0.059058 0.042017
4 0.511572 0.352941 0.009577 0.040336
1 0.512370 0.100000 0.033520 0.200000
6 0.444134 0.309244 0.016760 0.070588
6 0.960894 0.520168 0.028731 0.031933
6 0.592179 0.493277 0.030327 0.028571
6 0.626895 0.547899 0.029529 0.030252
6 0.593775 0.552101 0.030327 0.035294
6 0.454509 0.695798 0.016760 0.053782
6 0.447326 0.760504 0.015164 0.055462
1 0.519154 0.871429 0.023144 0.105882
7 0.669992 0.497479 0.007183 0.020168
1 0.646449 0.518487 0.049481 0.042017
