0 0.650600 0.513900 0.042400 0.038900
0 0.940500 0.585100 0.054900 0.040300
0 0.586900 0.510300 0.052700 0.042600
0 0.522600 0.310100 0.021800 0.096700
0 0.484100 0.163000 0.021000 0.084600
7 0.041101 0.559664 0.013567 0.020168
7 0.548683 0.108403 0.008779 0.018487
7 0.550678 0.347059 0.011173 0.018487
7 0.707901 0.588235 0.009577 0.013445
4 0.456903 0.904202 0.016760 0.036975
4 0.455307 0.951261 0.021548 0.033613
4 0.442139 0.253782 0.009577 0.036975
4 0.440543 0.218487 0.007981 0.036975
4 0.444533 0.182353 0.009577 0.048739
6 0.482442 0.367227 0.016760 0.055462
6 0.445730 0.304202 0.016760 0.070588
6 0.456105 0.688235 0.016760 0.055462
6 0.449322 0.752101 0.015962 0.055462
6 0.025539 0.453782 0.036712 0.030252
4 0.594573 0.553782 0.022346 0.021849
4 0.481644 0.253782 0.008779 0.040336
3 0.516361 0.058824 0.022346 0.117647
3 0.724661 0.568908 0.059058 0.038655
1 0.048284 0.539496 0.063049 0.047059
0 0.229050 0.548739 0.051077 0.038655
0 0.287310 0.551261 0.046289 0.036975
0 0.880287 0.579832 0.047885 0.043697
0 0.511971 0.181513 0.021548 0.090756
0 0.479250 0.063025 0.023144 0.085714
0 0.445331 0.036134 0.022346 0.072269
7 0.540702 0.006723 0.008779 0.013445
