7 0.628700 0.771800 0.015600 0.038000
7 0.450700 0.797000 0.013300 0.033100
7 0.041900 0.774600 0.021600 0.036000
7 0.358000 0.819800 0.014200 0.024500
4 0.764300 0.471300 0.042300 0.036500
4 0.201800 0.447800 0.042600 0.033200
0 0.087800 0.454200 0.109800 0.084300
0 0.893300 0.496600 0.106900 0.081600
5 0.742211 0.318832 0.010996 0.063170
5 0.770922 0.324791 0.008552 0.056019
5 0.825596 0.317640 0.010385 0.067938
5 0.810324 0.320024 0.010385 0.063170
5 0.797190 0.318236 0.010996 0.061979
5 0.780086 0.337306 0.014661 0.066746
5 0.754429 0.324791 0.012217 0.060787
5 0.729078 0.330155 0.016494 0.059595
5 0.680513 0.309893 0.030544 0.035757
5 0.651191 0.284267 0.034209 0.022646
5 0.593769 0.181168 0.015883 0.064362
6 0.035125 0.728844 0.069029 0.060787
6 0.116677 0.703814 0.074527 0.058403
6 0.353085 0.636472 0.068418 0.061979
6 0.436775 0.707390 0.058644 0.056019
6 0.608430 0.648391 0.065974 0.059595
6 0.624924 0.721692 0.064753 0.053635
6 0.693341 0.731824 0.056200 0.050060
6 0.803604 0.734803 0.067807 0.056019
6 0.874771 0.729440 0.069640 0.054827
6 0.824068 0.662694 0.073305 0.057211
6 0.744044 0.575089 0.072083 0.053635
6 0.910507 0.619785 0.078803 0.057211
6 0.870495 0.323600 0.062309 0.046484
7 0.769395 0.237783 0.015272 0.017878
4 0.605376 0.201430 0.031765 0.047676
4 0.644472 0.211561 0.037874 0.041716
4 0.663714 0.248510 0.043372 0.036949
7 0.765425 0.355185 0.019548 0.028605
7 0.851558 0.294398 0.018326 0.028605
7 0.929444 0.387366 0.034820 0.023838
7 0.405925 0.781883 0.017715 0.033373
7 0.559255 0.819428 0.012828 0.036949
7 0.581857 0.815256 0.014050 0.038141
7 0.881491 0.231228 0.014661 0.021454
7 0.147221 0.730036 0.020770 0.027414
7 0.986255 0.785459 0.025046 0.033373
7 0.088577 0.774136 0.031765 0.029797
5 0.049786 0.360548 0.043372 0.025030
7 0.428222 0.078069 0.009774 0.017878
7 0.736233 0.232773 0.018356 0.031933
6 0.315243 0.527731 0.063847 0.057143
