7 0.423100 0.338300 0.017600 0.030200
7 0.960300 0.710900 0.031600 0.036700
7 0.673400 0.771900 0.016700 0.031200
7 0.548600 0.736200 0.018400 0.026700
7 0.529600 0.716000 0.015100 0.025600
7 0.765000 0.198500 0.015900 0.028800
7 0.872200 0.765900 0.018800 0.034600
6 0.330600 0.617600 0.064000 0.070000
0 0.448800 0.119800 0.047700 0.222100
0 0.066800 0.459500 0.114600 0.084200
5 0.820403 0.284863 0.009774 0.064362
5 0.804215 0.291418 0.010385 0.058403
5 0.790165 0.286651 0.009163 0.056019
5 0.775504 0.315852 0.014050 0.059595
5 0.763286 0.293802 0.009163 0.056019
5 0.745877 0.294398 0.010996 0.057211
5 0.735492 0.290226 0.009774 0.060787
5 0.720831 0.303933 0.015883 0.052443
5 0.673183 0.284863 0.031765 0.035757
5 0.641417 0.259237 0.035431 0.020262
5 0.581857 0.150179 0.017715 0.054827
6 0.184484 0.616806 0.068418 0.060787
6 0.508247 0.679976 0.061087 0.060787
6 0.619120 0.707390 0.064142 0.053635
6 0.690898 0.712157 0.054979 0.051251
6 0.872633 0.703814 0.073916 0.060787
6 0.817654 0.436830 0.073916 0.063170
7 0.759927 0.685936 0.025657 0.027414
7 0.775809 0.721692 0.012217 0.020262
7 0.733048 0.346246 0.021991 0.034565
7 0.844533 0.785459 0.027489 0.035757
7 0.758094 0.784267 0.024435 0.033373
7 0.956933 0.585816 0.033598 0.036949
7 0.976176 0.545888 0.026878 0.042908
7 0.924863 0.351013 0.030544 0.025030
7 0.943800 0.345054 0.019548 0.025030
7 0.956017 0.352205 0.015883 0.027414
7 0.554673 0.806913 0.014661 0.030989
7 0.576054 0.806913 0.015883 0.038141
7 0.593464 0.768772 0.017715 0.030989
4 0.596213 0.177592 0.034209 0.052443
4 0.634392 0.187723 0.038485 0.039333
4 0.653635 0.227652 0.045205 0.035757
5 0.025962 0.365912 0.048259 0.026222
4 0.179902 0.449344 0.040929 0.030989
7 0.931277 0.782479 0.017715 0.039333
7 0.722267 0.211765 0.015962 0.030252
6 0.026736 0.742857 0.053472 0.060504
