7 0.427300 0.127600 0.018800 0.045700
7 0.565000 0.871800 0.016700 0.035500
7 0.886000 0.431700 0.031800 0.034300
4 0.415000 0.568200 0.045900 0.041700
0 0.048800 0.533800 0.098100 0.085100
0 0.678700 0.609400 0.102500 0.097900
5 0.723580 0.398093 0.009163 0.057211
5 0.811546 0.399881 0.009163 0.065554
5 0.794441 0.400477 0.010385 0.054827
5 0.780696 0.401073 0.007330 0.053635
5 0.764508 0.418951 0.014050 0.056019
5 0.752291 0.402861 0.011607 0.054827
5 0.734881 0.404052 0.008552 0.061979
5 0.708308 0.409416 0.017715 0.053635
5 0.659133 0.389154 0.029322 0.036949
5 0.628283 0.361144 0.034820 0.021454
5 0.569640 0.249702 0.018937 0.058403
6 0.071472 0.796782 0.079414 0.063170
6 0.104459 0.700834 0.078192 0.064362
6 0.403482 0.799166 0.060476 0.065554
6 0.599267 0.817044 0.067196 0.067938
6 0.785278 0.831347 0.072694 0.058403
6 0.751374 0.747914 0.073305 0.060787
6 0.896151 0.704410 0.079414 0.078665
6 0.859194 0.830155 0.072694 0.063170
6 0.966097 0.555423 0.064142 0.059595
6 0.855223 0.407032 0.067196 0.051251
7 0.752596 0.311681 0.014661 0.020262
7 0.094991 0.871871 0.031155 0.036949
7 0.440440 0.851013 0.018326 0.026222
7 0.531155 0.917759 0.014050 0.030989
7 0.555895 0.916567 0.015883 0.040524
7 0.753207 0.899285 0.024435 0.032181
7 0.913256 0.901669 0.021991 0.039333
7 0.977398 0.888558 0.025657 0.036949
7 0.918143 0.472586 0.032987 0.032181
4 0.583995 0.265793 0.031765 0.071514
4 0.623091 0.289631 0.040318 0.042908
4 0.642334 0.324791 0.047037 0.034565
4 0.160049 0.528605 0.045205 0.025030
7 0.838424 0.371871 0.017715 0.030989
7 0.487172 0.943981 0.014050 0.040524
0 0.565363 0.081645 0.047037 0.160906
7 0.338424 0.476162 0.010996 0.017878
7 0.715882 0.317647 0.022346 0.033613
6 0.670790 0.826891 0.055068 0.050420
