7 0.084600 0.842900 0.017900 0.026000
7 0.133000 0.796500 0.015400 0.023200
7 0.070300 0.835400 0.015300 0.025000
7 0.347200 0.894500 0.011800 0.021200
7 0.474200 0.764500 0.012400 0.021500
7 0.716300 0.757200 0.015400 0.021000
7 0.788400 0.563400 0.016900 0.022500
7 0.499000 0.833200 0.009800 0.026500
7 0.458100 0.747800 0.010300 0.019500
7 0.615000 0.758400 0.013000 0.022400
7 0.233800 0.512200 0.014600 0.024400
7 0.807800 0.512600 0.013800 0.019900
7 0.720600 0.737700 0.012100 0.022700
7 0.820400 0.752800 0.013800 0.027000
7 0.468100 0.738900 0.010800 0.020800
7 0.630200 0.743800 0.012700 0.022900
7 0.467700 0.184000 0.013600 0.023800
7 0.499000 0.453600 0.010300 0.021800
7 0.464200 0.331400 0.013300 0.023700
6 0.849000 0.550500 0.049100 0.048400
6 0.548300 0.635400 0.039400 0.042500
6 0.612800 0.611900 0.043100 0.051300
6 0.514700 0.325700 0.025000 0.068000
6 0.221400 0.668300 0.045300 0.044300
6 0.930900 0.620800 0.044000 0.065300
6 0.542500 0.456800 0.038400 0.067800
4 0.340500 0.556400 0.029100 0.023800
1 0.914100 0.496500 0.079700 0.089200
1 0.977500 0.401000 0.050100 0.108800
0 0.239300 0.566500 0.065600 0.050100
0 0.045700 0.568600 0.074400 0.048800
0 0.478800 0.417000 0.030100 0.120300
5 0.720220 0.445173 0.009774 0.041716
5 0.705254 0.448153 0.006720 0.040524
5 0.694869 0.451132 0.006720 0.034565
5 0.687538 0.449940 0.006720 0.034565
5 0.678681 0.451132 0.007330 0.039333
5 0.668907 0.457092 0.007330 0.041716
5 0.659743 0.453516 0.008552 0.036949
5 0.651191 0.450536 0.007330 0.035757
5 0.642639 0.458880 0.012217 0.030989
5 0.611790 0.450536 0.016494 0.019070
5 0.592853 0.433850 0.022602 0.011919
5 0.555895 0.366508 0.009774 0.036949
6 0.174404 0.744338 0.032376 0.032181
6 0.210141 0.743743 0.039096 0.033373
6 0.279780 0.725864 0.041539 0.033373
6 0.366830 0.714541 0.039707 0.048868
6 0.409285 0.722884 0.037874 0.036949
6 0.458766 0.715137 0.042761 0.033373
6 0.624618 0.715733 0.032376 0.032181
6 0.637752 0.679380 0.039096 0.035757
6 0.699145 0.707986 0.039707 0.033373
6 0.738852 0.709178 0.042150 0.028605
6 0.983201 0.690703 0.032376 0.036949
6 0.925779 0.392133 0.036042 0.061979
7 0.767563 0.486293 0.012828 0.016687
4 0.544899 0.148391 0.028100 0.025030
4 0.572083 0.365912 0.017715 0.038141
4 0.601100 0.411204 0.029322 0.030989
7 0.540623 0.777712 0.009774 0.015495
7 0.555589 0.773540 0.007941 0.023838
7 0.564447 0.769964 0.008552 0.016687
7 0.462737 0.807509 0.009163 0.017878
7 0.509774 0.850417 0.007941 0.017878
5 0.955712 0.649583 0.022602 0.026222
7 0.961515 0.682956 0.013439 0.014303
5 0.459377 0.236591 0.007330 0.044100
5 0.331093 0.733015 0.019548 0.016687
7 0.804215 0.716925 0.015272 0.017878
7 0.918143 0.684148 0.018326 0.016687
7 0.447770 0.433850 0.006109 0.016687
7 0.435858 0.469607 0.006720 0.019070
7 0.359499 0.901073 0.006720 0.019070
7 0.576359 0.454708 0.009163 0.020262
7 0.134087 0.988677 0.012828 0.017878
7 0.097434 0.989273 0.010385 0.016687
7 0.623702 0.734207 0.009774 0.011919
7 0.645388 0.706794 0.010385 0.019070
1 0.549082 0.241176 0.033520 0.146218
3 0.165204 0.576471 0.076616 0.053782
6 0.424182 0.659664 0.040702 0.031933
7 0.363128 0.733613 0.006385 0.011765
6 0.707103 0.626050 0.043097 0.035294
6 0.577015 0.712605 0.038308 0.043697
6 0.988029 0.272269 0.020750 0.060504
7 0.975259 0.290756 0.007981 0.016807
