7 0.376500 0.447400 0.020700 0.032800
7 0.974700 0.693200 0.021500 0.023800
7 0.884000 0.800800 0.020900 0.033200
0 0.099300 0.471300 0.101800 0.082600
5 0.749236 0.345054 0.007941 0.070322
5 0.830177 0.339094 0.009774 0.063170
5 0.814600 0.342074 0.009163 0.057211
5 0.802077 0.339094 0.008552 0.053635
5 0.784973 0.361144 0.014661 0.066746
5 0.773977 0.343862 0.009774 0.058403
5 0.759010 0.346841 0.010385 0.061979
5 0.732437 0.350417 0.018326 0.054827
5 0.684789 0.333135 0.029322 0.034565
5 0.655467 0.305125 0.035431 0.023838
5 0.599878 0.202622 0.015883 0.064362
6 0.046426 0.745530 0.074527 0.056019
6 0.403177 0.648391 0.058644 0.069130
6 0.442272 0.724076 0.061087 0.053635
6 0.629811 0.738379 0.064753 0.063170
6 0.781613 0.737187 0.070250 0.060787
6 0.873855 0.747914 0.073916 0.056019
6 0.872633 0.351609 0.061698 0.054827
7 0.373855 0.841478 0.015883 0.026222
7 0.564753 0.834327 0.012828 0.033373
7 0.587660 0.831943 0.010996 0.040524
7 0.653635 0.799762 0.020770 0.023838
7 0.681429 0.808105 0.017715 0.028605
7 0.924557 0.781287 0.027489 0.032181
7 0.979841 0.747318 0.031765 0.035757
7 0.951436 0.681168 0.027489 0.039333
7 0.931888 0.413588 0.036042 0.026222
7 0.859499 0.315852 0.019548 0.026222
7 0.445327 0.091180 0.012217 0.034565
4 0.614539 0.227056 0.028100 0.056019
4 0.652108 0.233611 0.037263 0.035757
4 0.670434 0.269368 0.043372 0.035757
4 0.209224 0.465435 0.039707 0.032181
7 0.930971 0.820024 0.014661 0.045292
5 0.060171 0.380215 0.043372 0.028605
7 0.380880 0.412992 0.014050 0.015495
7 0.736632 0.263866 0.017558 0.030252
6 0.699920 0.743697 0.052674 0.048739
