1 0.247100 0.577700 0.089600 0.064900
7 0.569433 0.395798 0.010375 0.018487
7 0.574222 0.312605 0.013567 0.023529
6 0.828013 0.527731 0.042298 0.036975
6 0.500000 0.290756 0.019952 0.073950
6 0.469274 0.315966 0.019154 0.070588
6 0.433759 0.255462 0.021548 0.087395
6 0.347167 0.500840 0.044693 0.040336
6 0.432163 0.868067 0.019952 0.075630
4 0.429370 0.198319 0.009577 0.036975
4 0.068236 0.579832 0.018356 0.033613
4 0.033919 0.582353 0.032721 0.042017
3 0.889864 0.620168 0.086193 0.060504
0 0.130088 0.581513 0.068635 0.050420
