6 0.507300 0.210600 0.020600 0.068900
5 0.662800 0.645500 0.024800 0.025200
4 0.093700 0.494200 0.038400 0.031100
4 0.038900 0.507900 0.033000 0.026900
3 0.896800 0.656200 0.087100 0.052600
1 0.225300 0.592400 0.091300 0.064100
0 0.398500 0.547500 0.063400 0.062700
0 0.540600 0.270300 0.026300 0.116900
0 0.139100 0.590900 0.068200 0.053500
4 0.441341 0.220168 0.009577 0.040336
4 0.075818 0.586555 0.019154 0.033613
4 0.043895 0.589916 0.025539 0.030252
6 0.456105 0.159664 0.032721 0.087395
6 0.444533 0.278151 0.022346 0.085714
6 0.486034 0.336134 0.020750 0.070588
6 0.436153 0.890756 0.019952 0.077311
6 0.258579 0.515966 0.047885 0.040336
7 0.584597 0.340336 0.016760 0.028571
