6 0.780600 0.593800 0.033200 0.032200
6 0.534717 0.700840 0.030327 0.033613
7 0.927773 0.208403 0.013567 0.020168
7 0.963288 0.347899 0.012769 0.023529
7 0.944533 0.706723 0.011971 0.021849
7 0.951317 0.704202 0.011173 0.026891
7 0.029529 0.248739 0.011173 0.016807
7 0.409417 0.943697 0.009577 0.028571
7 0.417797 0.949580 0.008779 0.020168
6 0.470471 0.813445 0.018356 0.057143
6 0.468476 0.899160 0.017558 0.063866
6 0.982442 0.411765 0.033520 0.033613
5 0.946528 0.313445 0.007981 0.031933
1 0.903033 0.822689 0.037510 0.109244
0 0.770551 0.530252 0.047087 0.038655
