0 0.492900 0.506100 0.049800 0.044100
0 0.611100 0.515900 0.044700 0.039400
0 0.515600 0.329800 0.022600 0.091000
0 0.512100 0.096000 0.021900 0.088400
0 0.445700 0.039600 0.021700 0.080400
0 0.938100 0.590300 0.051900 0.040500
0 0.747000 0.522000 0.049600 0.038600
7 0.539505 0.313445 0.009577 0.025210
7 0.549082 0.351261 0.012769 0.020168
7 0.544294 0.702521 0.009577 0.020168
7 0.536313 0.027731 0.009577 0.021849
7 0.704310 0.594958 0.008779 0.013445
4 0.455706 0.907563 0.019154 0.036975
4 0.455706 0.952941 0.020750 0.033613
4 0.442139 0.259664 0.007981 0.038655
4 0.440942 0.221008 0.007183 0.042017
4 0.443735 0.184034 0.011173 0.045378
6 0.525938 0.967227 0.015962 0.058824
6 0.866720 0.542017 0.028731 0.031933
6 0.828013 0.536134 0.029529 0.026891
6 0.789705 0.504202 0.029529 0.026891
6 0.682362 0.531933 0.030327 0.028571
6 0.446129 0.309244 0.015962 0.067227
6 0.455706 0.690756 0.015962 0.053782
6 0.449721 0.752941 0.015164 0.050420
4 0.594174 0.557983 0.024741 0.020168
3 0.722267 0.572269 0.059058 0.042017
1 0.051476 0.542857 0.061453 0.043697
0 0.472466 0.352941 0.020750 0.073950
0 0.878292 0.584874 0.047087 0.040336
0 0.230247 0.552941 0.048683 0.036975
0 0.288109 0.553782 0.047885 0.035294
