7 0.178000 0.610100 0.017600 0.022700
5 0.430200 0.153000 0.014700 0.036400
1 0.245000 0.573300 0.090000 0.068200
0 0.516000 0.610700 0.068300 0.102200
0 0.491400 0.147300 0.026100 0.096600
0 0.492600 0.038800 0.026600 0.074300
0 0.699920 0.534454 0.067039 0.050420
1 0.535116 0.191597 0.029529 0.137815
1 0.335994 0.511765 0.067039 0.055462
0 0.134477 0.576471 0.067837 0.050420
3 0.885076 0.622689 0.086193 0.055462
4 0.431764 0.200840 0.009577 0.038655
4 0.071030 0.572269 0.020750 0.031933
4 0.038308 0.578992 0.028731 0.038655
6 0.435754 0.257143 0.020750 0.087395
6 0.470471 0.318487 0.018356 0.068908
6 0.501197 0.289916 0.020750 0.075630
6 0.431365 0.862185 0.019952 0.073950
7 0.132881 0.422689 0.016760 0.021849
7 0.574222 0.316807 0.015164 0.028571
7 0.581804 0.463866 0.009577 0.023529
