4 0.477500 0.261800 0.015700 0.056500
4 0.456700 0.068300 0.013400 0.055900
3 0.526100 0.878900 0.035600 0.138500
0 0.468000 0.431000 0.036800 0.115700
5 0.405427 0.497479 0.020750 0.033613
7 0.572227 0.327731 0.015962 0.026891
6 0.475259 0.119328 0.023144 0.080672
6 0.435754 0.277311 0.019154 0.087395
6 0.290503 0.607563 0.046289 0.031933
6 0.436951 0.868908 0.019952 0.073950
7 0.423783 0.818487 0.006385 0.026891
4 0.431365 0.218487 0.010375 0.043697
4 0.048683 0.600000 0.028731 0.040336
4 0.617318 0.530252 0.032721 0.028571
3 0.878691 0.622689 0.084597 0.055462
0 0.142458 0.596639 0.066241 0.050420
