7 0.435600 0.772700 0.019100 0.030400
7 0.430000 0.819300 0.015500 0.029200
7 0.579600 0.760800 0.014100 0.024100
7 0.576900 0.787200 0.015700 0.025800
6 0.655500 0.576200 0.061100 0.063500
4 0.212000 0.459700 0.037300 0.027800
4 0.850800 0.575500 0.043500 0.035300
0 0.470900 0.147300 0.046400 0.204800
5 0.829872 0.312872 0.007941 0.060787
5 0.816127 0.318236 0.008552 0.057211
5 0.800855 0.317640 0.010996 0.058403
5 0.787416 0.336114 0.012217 0.064362
5 0.778253 0.321812 0.010996 0.054827
5 0.759010 0.318236 0.011607 0.061979
5 0.748931 0.317044 0.012217 0.064362
5 0.733965 0.329559 0.021381 0.056019
5 0.685706 0.309297 0.029933 0.039333
5 0.656078 0.282479 0.034209 0.021454
5 0.600489 0.184744 0.017104 0.064362
6 0.049481 0.746722 0.068418 0.046484
6 0.635614 0.716925 0.060476 0.051251
6 0.703115 0.722288 0.052535 0.045292
6 0.877825 0.717521 0.073305 0.052443
6 0.899206 0.535161 0.078192 0.066746
6 0.847282 0.438021 0.074527 0.056019
0 0.100489 0.475566 0.106903 0.069130
5 0.060782 0.380810 0.044594 0.025030
7 0.570556 0.815852 0.012217 0.027414
7 0.592242 0.811085 0.012828 0.034565
7 0.503665 0.830155 0.012828 0.027414
7 0.405925 0.803933 0.018937 0.034565
7 0.334759 0.793802 0.018326 0.028605
7 0.257483 0.816448 0.026268 0.023838
7 0.263592 0.931466 0.017715 0.032181
7 0.282224 0.928486 0.015883 0.028605
4 0.639279 0.353397 0.037263 0.063170
4 0.612095 0.202026 0.031765 0.051251
4 0.650275 0.213945 0.038485 0.036949
4 0.667990 0.249702 0.040929 0.039333
7 0.989310 0.732420 0.018937 0.025030
7 0.932193 0.387366 0.030544 0.026222
7 0.935247 0.790822 0.014661 0.034565
7 0.737829 0.231933 0.016760 0.030252
7 0.804868 0.385714 0.016760 0.028571
5 0.797686 0.376471 0.032721 0.026891
7 0.940543 0.239496 0.021548 0.028571
