7 0.412600 0.506600 0.011000 0.034600
4 0.039300 0.590400 0.030100 0.037800
0 0.133900 0.584500 0.067600 0.046500
0 0.473000 0.192900 0.027400 0.111600
0 0.472900 0.049600 0.025700 0.096000
0 0.509500 0.034000 0.024700 0.066700
5 0.420192 0.166387 0.008779 0.036975
3 0.879090 0.610924 0.085395 0.055462
4 0.535914 0.060504 0.011971 0.057143
4 0.425778 0.203361 0.008779 0.043697
2 0.523543 0.243697 0.049481 0.289076
6 0.431365 0.863025 0.021548 0.075630
6 0.308061 0.496639 0.044693 0.042017
6 0.429370 0.260504 0.020750 0.080672
7 0.568236 0.314286 0.017558 0.026891
7 0.574222 0.626891 0.011971 0.023529
7 0.568635 0.649580 0.010375 0.021849
7 0.418595 0.703361 0.007183 0.015126
