7 0.373700 0.725500 0.018400 0.036300
7 0.562100 0.029000 0.019500 0.043000
7 0.634600 0.102400 0.026600 0.046000
7 0.842700 0.689400 0.022800 0.026600
7 0.328000 0.638200 0.017500 0.027800
6 0.724500 0.442700 0.074900 0.066000
6 0.847900 0.460200 0.077300 0.064100
6 0.861000 0.567800 0.075100 0.072600
6 0.759700 0.592000 0.073800 0.063300
6 0.952800 0.477100 0.079600 0.064700
0 0.036700 0.555800 0.073800 0.084100
7 0.357143 0.022689 0.015164 0.045378
6 0.404629 0.896639 0.039904 0.126050
6 0.936153 0.551261 0.076616 0.057143
6 0.490024 0.626891 0.036712 0.127731
1 0.553472 0.880672 0.050279 0.231933
