7 0.255000 0.578600 0.010400 0.018700
1 0.046700 0.537100 0.060400 0.049500
0 0.943600 0.611800 0.055100 0.039800
0 0.286700 0.554800 0.049700 0.037700
0 0.611400 0.523600 0.048800 0.040400
7 0.555467 0.360504 0.014366 0.025210
7 0.550279 0.376471 0.008779 0.016807
7 0.326417 0.449580 0.007981 0.015126
7 0.336393 0.444538 0.008779 0.015126
4 0.452514 0.916807 0.019154 0.035294
4 0.452913 0.963025 0.021548 0.033613
4 0.445331 0.224370 0.007981 0.038655
4 0.445730 0.263025 0.007183 0.035294
6 0.448923 0.313445 0.016760 0.065546
6 0.591381 0.572269 0.030327 0.031933
6 0.447725 0.760504 0.015962 0.052101
6 0.500798 0.922689 0.018356 0.060504
0 0.450519 0.041176 0.024741 0.078992
0 0.228252 0.551261 0.049481 0.040336
