6 0.534717 0.704202 0.030327 0.033613
7 0.701915 0.371429 0.008779 0.020168
7 0.949322 0.086555 0.015164 0.028571
7 0.964884 0.390756 0.015962 0.021849
7 0.081405 0.665546 0.009577 0.020168
7 0.967279 0.360504 0.011173 0.021849
7 0.823623 0.754622 0.012769 0.023529
7 0.918595 0.963025 0.014366 0.023529
7 0.406624 0.947899 0.010375 0.020168
7 0.796887 0.687395 0.007183 0.016807
7 0.802474 0.684034 0.010375 0.020168
6 0.468875 0.816807 0.018356 0.057143
6 0.467279 0.900840 0.016760 0.063866
6 0.983240 0.427731 0.030327 0.028571
6 0.482442 0.470588 0.031125 0.030252
6 0.782522 0.603361 0.034318 0.033613
5 0.950120 0.327731 0.007183 0.026891
2 0.784916 0.480672 0.118915 0.060504
