7 0.707100 0.253100 0.013200 0.023300
6 0.477800 0.126700 0.015800 0.055800
1 0.043300 0.532900 0.062800 0.047100
0 0.297000 0.498000 0.049900 0.038600
0 0.671500 0.528300 0.055200 0.044400
0 0.944300 0.606300 0.054600 0.040600
0 0.484100 0.235700 0.023900 0.094000
0 0.519100 0.220800 0.022500 0.094200
0 0.520300 0.350000 0.019900 0.079200
7 0.552275 0.353782 0.012769 0.025210
7 0.582203 0.454622 0.010375 0.018487
7 0.668795 0.607563 0.009577 0.021849
7 0.440543 0.840336 0.011173 0.020168
7 0.126895 0.424370 0.006385 0.018487
4 0.451716 0.914286 0.019154 0.043697
4 0.451716 0.962185 0.020750 0.031933
4 0.443336 0.219328 0.008779 0.038655
4 0.444533 0.257143 0.007981 0.033613
6 0.509577 0.109244 0.016760 0.050420
6 0.447725 0.308403 0.015962 0.068908
6 0.470471 0.350420 0.016760 0.052101
6 0.145251 0.476471 0.036712 0.028571
6 0.471269 0.626891 0.026337 0.050420
6 0.446528 0.759664 0.015164 0.053782
4 0.009577 0.453782 0.019154 0.023529
4 0.527534 0.102521 0.011173 0.047059
4 0.485634 0.368067 0.008779 0.040336
0 0.449721 0.036134 0.023144 0.072269
0 0.490024 0.041176 0.020750 0.082353
0 0.226257 0.549580 0.051875 0.040336
0 0.285315 0.550420 0.048683 0.042017
7 0.433759 0.275630 0.007183 0.023529
