7 0.495100 0.853900 0.016100 0.030200
7 0.406100 0.659100 0.012800 0.021100
3 0.893800 0.627000 0.088100 0.057100
1 0.200800 0.612100 0.094300 0.066500
0 0.318300 0.610600 0.071000 0.054200
0 0.111800 0.619300 0.071000 0.052200
4 0.461293 0.204202 0.012769 0.048739
4 0.415403 0.211765 0.010375 0.043697
4 0.044693 0.620168 0.019154 0.033613
4 0.013966 0.625210 0.027933 0.043697
6 0.424581 0.905042 0.020750 0.078992
6 0.426576 0.127731 0.026337 0.087395
6 0.419792 0.271429 0.020750 0.089076
6 0.456903 0.284034 0.023144 0.073950
7 0.565443 0.326050 0.016760 0.026891
