6 0.446600 0.308900 0.017000 0.066300
1 0.045300 0.544200 0.063800 0.047600
1 0.619300 0.509900 0.061800 0.043300
0 0.460700 0.469500 0.038500 0.083800
0 0.943000 0.594900 0.054800 0.039100
0 0.519900 0.549000 0.022200 0.088700
0 0.446000 0.038700 0.021700 0.077600
7 0.551077 0.351261 0.013567 0.023529
7 0.581006 0.451261 0.011173 0.018487
7 0.677973 0.605882 0.010375 0.018487
7 0.343575 0.453782 0.010375 0.016807
4 0.455706 0.914286 0.019154 0.036975
4 0.455706 0.960504 0.020750 0.031933
4 0.502394 0.256303 0.008779 0.042017
4 0.442538 0.259664 0.007183 0.031933
4 0.442139 0.221849 0.007981 0.040336
6 0.454908 0.694958 0.019154 0.055462
6 0.449721 0.758824 0.015164 0.055462
6 0.519553 0.300840 0.017558 0.057143
6 0.478053 0.376471 0.015962 0.057143
6 0.503990 0.406723 0.016760 0.050420
6 0.678771 0.497479 0.031125 0.033613
6 0.379888 0.526891 0.030327 0.031933
4 0.527534 0.389916 0.009577 0.043697
0 0.485235 0.138655 0.020750 0.085714
0 0.227055 0.555462 0.050279 0.042017
0 0.286113 0.555462 0.048683 0.042017
