7 0.695800 0.631700 0.017800 0.028100
7 0.578500 0.632300 0.016600 0.028400
7 0.690300 0.591800 0.023300 0.025500
7 0.699000 0.712600 0.016600 0.031000
7 0.736400 0.635000 0.017500 0.027100
6 0.529300 0.435500 0.063900 0.073400
6 0.332400 0.474700 0.057200 0.061400
4 0.564400 0.357600 0.041500 0.034900
4 0.376900 0.286400 0.039900 0.027900
0 0.893700 0.381300 0.087200 0.076500
0 0.270200 0.296600 0.099700 0.083100
6 0.224801 0.563170 0.062309 0.051251
6 0.169517 0.564362 0.047037 0.046484
6 0.725107 0.442789 0.067196 0.060787
6 0.738241 0.368296 0.069029 0.059595
6 0.798717 0.532777 0.071472 0.054827
6 0.866524 0.542312 0.061698 0.052443
6 0.838424 0.461859 0.070250 0.058403
6 0.910202 0.473182 0.072083 0.057211
3 0.157911 0.309297 0.120342 0.103695
5 0.229994 0.204410 0.044594 0.029797
4 0.771533 0.039333 0.030544 0.052443
4 0.811546 0.049464 0.037263 0.032181
4 0.828345 0.078665 0.041539 0.040524
5 0.758400 0.020858 0.015272 0.034565
5 0.814294 0.113230 0.034209 0.019070
5 0.846365 0.136472 0.026268 0.032181
5 0.891875 0.152563 0.017104 0.057211
5 0.905620 0.138856 0.011607 0.067938
5 0.917532 0.139452 0.009774 0.066746
5 0.929750 0.139452 0.012217 0.071514
5 0.945327 0.160310 0.012828 0.067938
5 0.958155 0.141240 0.012828 0.063170
5 0.972816 0.139452 0.011607 0.069130
5 0.987783 0.137068 0.013439 0.071514
7 0.610874 0.070918 0.014661 0.034565
7 0.585217 0.225864 0.021991 0.032181
7 0.756872 0.631704 0.014661 0.038141
7 0.773366 0.615614 0.018326 0.025030
7 0.836591 0.599523 0.023824 0.026222
6 0.892181 0.286651 0.077581 0.067938
7 0.898244 0.059664 0.015164 0.028571
