0 0.564800 0.512200 0.050500 0.041600
0 0.515400 0.329300 0.022500 0.090300
0 0.445600 0.039200 0.021800 0.080300
0 0.936600 0.588600 0.052400 0.040800
0 0.746700 0.521600 0.050100 0.039400
0 0.646800 0.516700 0.040900 0.036600
0 0.472700 0.351100 0.020700 0.071300
7 0.081405 0.557983 0.012769 0.020168
7 0.543496 0.277311 0.009577 0.020168
7 0.549082 0.350420 0.012769 0.018487
7 0.544693 0.668908 0.010375 0.023529
7 0.703512 0.593277 0.010375 0.016807
4 0.455706 0.905882 0.019154 0.040336
4 0.456105 0.952941 0.019952 0.033613
4 0.441740 0.260504 0.008779 0.036975
4 0.441740 0.221849 0.008779 0.040336
4 0.444533 0.189076 0.009577 0.048739
4 0.483240 0.908403 0.008779 0.042017
6 0.865922 0.542857 0.028731 0.030252
6 0.827614 0.536134 0.028731 0.026891
6 0.792099 0.502521 0.029529 0.026891
6 0.694334 0.531092 0.030327 0.030252
6 0.445730 0.308403 0.016760 0.068908
6 0.455706 0.689916 0.017558 0.055462
6 0.448923 0.752101 0.015164 0.055462
6 0.523543 0.857983 0.015962 0.058824
4 0.594174 0.555462 0.023144 0.018487
3 0.721868 0.571429 0.058260 0.043697
1 0.051476 0.540336 0.063049 0.045378
0 0.877893 0.583193 0.047885 0.040336
0 0.287709 0.552101 0.047087 0.035294
0 0.229848 0.551261 0.049481 0.036975
