1 0.206500 0.612200 0.090900 0.063400
0 0.055700 0.537700 0.070800 0.054400
0 0.120900 0.617900 0.069800 0.049400
7 0.399840 0.457143 0.007981 0.023529
7 0.561453 0.333613 0.013567 0.028571
6 0.747406 0.559664 0.042298 0.040336
6 0.427773 0.138655 0.027135 0.082353
6 0.420990 0.278151 0.019952 0.082353
6 0.425778 0.896639 0.021548 0.078992
3 0.880686 0.627731 0.086991 0.055462
4 0.416201 0.222689 0.010375 0.042017
6 0.293695 0.531933 0.046289 0.045378
4 0.021548 0.625210 0.031923 0.043697
4 0.053472 0.618487 0.023943 0.033613
7 0.313248 0.630252 0.010375 0.016807
0 0.305267 0.610084 0.067837 0.053782
