7 0.723000 0.769400 0.017700 0.031400
7 0.324900 0.460100 0.020100 0.035200
7 0.802500 0.780000 0.019900 0.036500
0 0.135000 0.431700 0.102200 0.085900
5 0.796274 0.299762 0.009163 0.063170
5 0.880269 0.296186 0.009774 0.065554
5 0.864386 0.297378 0.010996 0.063170
5 0.851252 0.296186 0.010385 0.056019
5 0.835370 0.321812 0.011607 0.066746
5 0.822847 0.304529 0.012217 0.056019
5 0.807269 0.301549 0.009163 0.061979
5 0.781613 0.310489 0.017715 0.056019
5 0.732743 0.288439 0.028711 0.038141
5 0.702199 0.261621 0.033598 0.025030
5 0.645999 0.156734 0.016494 0.063170
6 0.023519 0.708582 0.044594 0.051251
6 0.081246 0.710369 0.070861 0.054827
6 0.485950 0.686532 0.059255 0.054827
6 0.676237 0.702026 0.065974 0.061979
6 0.725107 0.582837 0.072083 0.059595
6 0.822847 0.703218 0.074527 0.059595
6 0.925473 0.712753 0.076970 0.059595
6 0.925779 0.304529 0.062920 0.048868
7 0.632254 0.800358 0.014661 0.036949
7 0.609041 0.799762 0.018326 0.038141
7 0.098656 0.800358 0.031155 0.032181
7 0.909591 0.271156 0.017104 0.029797
4 0.247404 0.425507 0.039096 0.028605
4 0.657605 0.176400 0.029933 0.052443
4 0.696090 0.192491 0.037263 0.036949
4 0.715027 0.228248 0.045816 0.032181
7 0.986255 0.788439 0.020159 0.046484
7 0.983201 0.367700 0.029933 0.020262
5 0.093769 0.338498 0.045816 0.026222
7 0.423641 0.368892 0.009163 0.015495
7 0.784916 0.215126 0.018356 0.040336
6 0.748204 0.704202 0.053472 0.053782
