1 0.245600 0.590000 0.091100 0.063600
7 0.414206 0.072269 0.006385 0.030252
7 0.561852 0.313445 0.012769 0.021849
7 0.576217 0.319328 0.014366 0.030252
7 0.026736 0.427731 0.016760 0.021849
7 0.039904 0.438655 0.017558 0.020168
6 0.434158 0.875630 0.020750 0.073950
6 0.550678 0.497479 0.039904 0.043697
6 0.433759 0.263025 0.019952 0.089076
6 0.469274 0.322689 0.019154 0.067227
6 0.500399 0.291597 0.020750 0.072269
6 0.073025 0.499160 0.050279 0.047059
4 0.430168 0.206723 0.009577 0.040336
4 0.065443 0.593277 0.020750 0.030252
4 0.034717 0.594118 0.029529 0.038655
3 0.893456 0.622689 0.085395 0.055462
0 0.129689 0.594118 0.069433 0.052101
