7 0.418700 0.171700 0.011300 0.026500
1 0.209900 0.615600 0.092500 0.064900
1 0.448400 0.473700 0.055700 0.134900
0 0.474800 0.265700 0.027100 0.104700
0 0.766959 0.550420 0.067039 0.058824
0 0.121309 0.623529 0.070231 0.047059
3 0.904230 0.628571 0.089385 0.057143
4 0.055068 0.622689 0.019154 0.038655
4 0.021149 0.629412 0.031125 0.042017
4 0.425778 0.214286 0.011971 0.042017
4 0.627294 0.570588 0.028731 0.025210
4 0.667199 0.565546 0.033520 0.031933
4 0.628891 0.526891 0.033520 0.028571
6 0.682761 0.520168 0.043895 0.038655
6 0.436552 0.129412 0.025539 0.087395
6 0.430168 0.272269 0.022346 0.090756
7 0.422985 0.934454 0.006385 0.020168
7 0.429769 0.936134 0.007183 0.020168
6 0.435754 0.909244 0.022346 0.080672
7 0.575419 0.326050 0.015962 0.026891
