7 0.372100 0.587800 0.012300 0.014900
0 0.941100 0.610800 0.054900 0.039500
0 0.873300 0.549400 0.046400 0.042800
0 0.511300 0.442300 0.023000 0.086700
0 0.509900 0.239400 0.022900 0.088100
7 0.550279 0.391597 0.008779 0.020168
7 0.553871 0.361345 0.014366 0.026891
7 0.030327 0.563025 0.012769 0.016807
7 0.042698 0.563025 0.013567 0.016807
7 0.251796 0.447899 0.007183 0.015126
7 0.436951 0.013445 0.008779 0.023529
4 0.452913 0.914286 0.019952 0.036975
4 0.455706 0.963025 0.019154 0.033613
4 0.485634 0.763025 0.008779 0.040336
4 0.445730 0.267227 0.008779 0.036975
4 0.445331 0.227731 0.007981 0.042017
0 0.288109 0.554622 0.047885 0.040336
6 0.448524 0.761345 0.014366 0.053782
6 0.484437 0.226050 0.015962 0.055462
6 0.449322 0.315126 0.015962 0.065546
6 0.480048 0.342017 0.016760 0.052101
6 0.477654 0.446218 0.016760 0.055462
1 0.050678 0.538655 0.063049 0.048739
0 0.450519 0.041176 0.023144 0.082353
6 0.782522 0.576471 0.031125 0.026891
0 0.230646 0.553782 0.049481 0.042017
