7 0.388400 0.831100 0.021000 0.032300
7 0.988200 0.349700 0.020900 0.029400
7 0.429900 0.867900 0.013100 0.033200
4 0.824400 0.537600 0.041400 0.035200
0 0.069300 0.526200 0.107200 0.081500
0 0.129400 0.651000 0.113600 0.095500
5 0.715638 0.395709 0.010385 0.059595
5 0.742822 0.398093 0.010996 0.057211
5 0.797801 0.393921 0.009774 0.063170
5 0.783751 0.393921 0.009774 0.056019
5 0.770312 0.392133 0.008552 0.052443
5 0.752902 0.411800 0.012828 0.058403
5 0.727550 0.397497 0.010996 0.065554
5 0.703115 0.406436 0.017104 0.052443
5 0.653940 0.384982 0.028711 0.035757
5 0.624924 0.359952 0.034209 0.021454
5 0.569640 0.255662 0.016494 0.060787
6 0.028711 0.802145 0.053757 0.054827
6 0.096823 0.772944 0.071472 0.058403
6 0.412340 0.775924 0.058644 0.054827
6 0.436469 0.688915 0.064142 0.064362
6 0.613622 0.722884 0.064142 0.056019
6 0.597129 0.792014 0.064142 0.056019
6 0.773060 0.801549 0.066585 0.058403
6 0.789554 0.651371 0.070250 0.056019
6 0.851863 0.731824 0.073916 0.064362
6 0.843005 0.799762 0.069640 0.057211
6 0.925779 0.685936 0.075137 0.063170
6 0.841784 0.398689 0.058644 0.051251
7 0.743128 0.309893 0.014050 0.019070
7 0.900428 0.461263 0.032987 0.026222
7 0.757789 0.460072 0.021381 0.030989
7 0.534514 0.884386 0.012217 0.028605
7 0.554979 0.883790 0.014050 0.036949
7 0.556200 0.771156 0.012828 0.033373
7 0.636225 0.852801 0.015272 0.032181
7 0.109957 0.835518 0.019548 0.026222
7 0.071472 0.834923 0.028100 0.025030
7 0.956323 0.854589 0.025046 0.035757
7 0.897984 0.842074 0.023213 0.027414
4 0.181124 0.522050 0.042150 0.030989
4 0.581246 0.275924 0.028711 0.058403
4 0.619120 0.292014 0.033598 0.035757
4 0.637752 0.324195 0.045205 0.033373
7 0.120953 0.810489 0.024435 0.023838
7 0.822847 0.368296 0.017104 0.026222
5 0.032071 0.434446 0.042150 0.025030
7 0.406842 0.158522 0.009774 0.023838
7 0.349725 0.469607 0.014050 0.016687
7 0.709497 0.311765 0.015962 0.028571
1 0.563847 0.084034 0.048683 0.164706
6 0.666800 0.798319 0.050279 0.053782
6 0.475259 0.567227 0.061453 0.058824
