7 0.368800 0.721300 0.020900 0.037300
6 0.829800 0.445600 0.073900 0.061800
6 0.951600 0.463400 0.081500 0.066600
0 0.030700 0.549900 0.062400 0.085300
7 0.633679 0.084874 0.030327 0.048739
7 0.060654 0.623529 0.038308 0.033613
7 0.347965 0.547059 0.017558 0.045378
7 0.657622 0.315126 0.023943 0.028571
7 0.689545 0.684874 0.022346 0.042017
6 0.401038 0.895798 0.040702 0.127731
6 0.722666 0.428571 0.075818 0.063866
6 0.744613 0.583193 0.071828 0.067227
6 0.853951 0.562185 0.076616 0.072269
6 0.942139 0.538655 0.079010 0.055462
