7 0.548900 0.533900 0.012500 0.017900
3 0.720100 0.573100 0.057200 0.042000
0 0.583900 0.514200 0.052800 0.042600
0 0.934900 0.588100 0.053600 0.039500
0 0.444700 0.039900 0.021700 0.080400
0 0.524000 0.937600 0.021500 0.085600
0 0.647100 0.516700 0.042400 0.038100
0 0.511500 0.033400 0.020300 0.063200
7 0.004789 0.566387 0.009577 0.020168
7 0.548284 0.350420 0.012769 0.018487
7 0.543496 0.137815 0.009577 0.023529
7 0.702713 0.591597 0.008779 0.016807
7 0.060255 0.568908 0.008779 0.015126
4 0.454908 0.905042 0.017558 0.038655
4 0.454509 0.949580 0.019952 0.033613
4 0.441341 0.260504 0.009577 0.036975
4 0.440144 0.221849 0.007183 0.036975
4 0.442139 0.184874 0.009577 0.047059
0 0.875898 0.583193 0.048683 0.043697
0 0.287709 0.553782 0.047087 0.038655
0 0.229449 0.552101 0.050279 0.038655
1 0.051077 0.542017 0.062251 0.042017
0 0.744214 0.521008 0.048683 0.036975
4 0.481644 0.477311 0.010375 0.040336
4 0.593775 0.557143 0.022346 0.025210
6 0.863927 0.542017 0.027933 0.028571
6 0.826018 0.535294 0.028731 0.028571
6 0.791301 0.502521 0.031125 0.026891
6 0.699521 0.530252 0.031125 0.028571
6 0.514366 0.474790 0.016760 0.052101
6 0.476856 0.567227 0.016760 0.055462
6 0.480048 0.677311 0.016760 0.057143
6 0.454509 0.689916 0.016760 0.052101
6 0.488428 0.855462 0.015962 0.063866
6 0.448524 0.751261 0.015962 0.053782
1 0.520351 0.726050 0.025539 0.110924
6 0.444932 0.308403 0.016760 0.065546
