0 0.555600 0.469400 0.055500 0.049400
6 0.535116 0.701681 0.031125 0.035294
7 0.583799 0.652941 0.011971 0.018487
7 0.966879 0.360504 0.011971 0.025210
7 0.990423 0.714286 0.009577 0.020168
7 0.408220 0.944538 0.010375 0.016807
6 0.469274 0.811765 0.017558 0.063866
6 0.466879 0.896639 0.017558 0.062185
6 0.983240 0.426050 0.030327 0.031933
5 0.950120 0.323529 0.008779 0.028571
6 0.834397 0.568908 0.031125 0.062185
5 0.206704 0.454622 0.017558 0.018487
4 0.915403 0.480672 0.022346 0.023529
4 0.514366 0.110924 0.011971 0.047059
