7 0.901500 0.404300 0.018000 0.023400
7 0.837100 0.669000 0.015600 0.027600
7 0.112800 0.462900 0.016800 0.022900
7 0.765600 0.463300 0.016600 0.020700
7 0.745700 0.709100 0.013700 0.026600
7 0.713200 0.733500 0.015200 0.026500
7 0.670500 0.710800 0.015300 0.030500
7 0.279500 0.739500 0.016200 0.023300
7 0.782000 0.423500 0.013200 0.022800
7 0.880600 0.680700 0.014500 0.023100
6 0.879700 0.574800 0.047300 0.050000
6 0.797900 0.580700 0.049400 0.043100
6 0.864900 0.435200 0.046100 0.041400
6 0.901200 0.478600 0.046600 0.059000
4 0.700100 0.518600 0.028900 0.027400
3 0.068300 0.712200 0.091700 0.054600
1 0.545700 0.221600 0.032300 0.151200
0 0.041700 0.548500 0.074200 0.051900
0 0.234600 0.546300 0.065900 0.051500
0 0.474800 0.397500 0.028700 0.122400
5 0.700319 0.430979 0.007183 0.036918
5 0.690343 0.430979 0.007981 0.033708
5 0.683160 0.429374 0.006385 0.036918
5 0.674381 0.432584 0.009577 0.040128
5 0.664804 0.433387 0.007981 0.041734
5 0.655227 0.433387 0.006385 0.035313
5 0.647247 0.433387 0.006385 0.038523
5 0.637670 0.438202 0.011173 0.032103
5 0.606943 0.428571 0.019952 0.025682
5 0.588188 0.413323 0.022346 0.017657
5 0.550279 0.347512 0.013567 0.036918
7 0.354307 0.873659 0.007330 0.023838
5 0.325901 0.712157 0.017715 0.015495
6 0.619731 0.692491 0.033598 0.033373
6 0.573610 0.694279 0.040318 0.039333
6 0.514050 0.687723 0.036042 0.040524
6 0.440745 0.650775 0.039707 0.045292
6 0.204337 0.721097 0.037263 0.030989
6 0.170739 0.722288 0.032376 0.030989
6 0.404398 0.702622 0.037874 0.034565
6 0.453268 0.694875 0.039096 0.038141
6 0.982590 0.669845 0.033598 0.038141
7 0.397984 0.536949 0.009163 0.013111
7 0.402871 0.511323 0.009163 0.011919
7 0.416005 0.497616 0.008552 0.010727
7 0.437996 0.451132 0.008552 0.017878
7 0.444716 0.418951 0.006109 0.015495
4 0.334148 0.538737 0.026878 0.021454
7 0.462737 0.299166 0.011607 0.019070
7 0.459682 0.309893 0.011607 0.016687
6 0.464875 0.244338 0.020770 0.069130
4 0.542150 0.127533 0.027489 0.028605
4 0.566585 0.346841 0.018937 0.038141
4 0.596213 0.389154 0.025657 0.025030
7 0.284973 0.674613 0.014050 0.014303
7 0.565363 0.740763 0.007941 0.015495
7 0.557117 0.737783 0.007330 0.019070
7 0.550703 0.753278 0.009163 0.021454
7 0.537263 0.755066 0.007941 0.015495
7 0.762676 0.732420 0.010385 0.025030
7 0.804826 0.715733 0.012828 0.017878
7 0.899511 0.688915 0.015272 0.014303
7 0.323152 0.818236 0.009774 0.022646
7 0.718998 0.442193 0.009774 0.021454
7 0.093158 0.969011 0.012828 0.019070
7 0.131949 0.971990 0.009774 0.025030
3 0.160415 0.554622 0.079808 0.053782
4 0.251397 0.706723 0.028731 0.028571
6 0.355946 0.671429 0.039904 0.042017
7 0.377095 0.687395 0.010375 0.020168
6 0.778931 0.501681 0.046289 0.038655
6 0.711492 0.651261 0.045491 0.031933
6 0.734637 0.684874 0.040702 0.028571
7 0.942139 0.673950 0.008779 0.016807
