7 0.309600 0.872800 0.020600 0.036000
7 0.518800 0.860600 0.017500 0.036700
7 0.253000 0.909200 0.021500 0.034300
7 0.346200 0.494300 0.021000 0.029300
7 0.587600 0.852400 0.015000 0.024000
7 0.541600 0.877900 0.015900 0.033400
7 0.305500 0.557100 0.018600 0.036800
0 0.060300 0.559500 0.103000 0.075500
5 0.799023 0.389750 0.010996 0.071514
5 0.784667 0.389750 0.010385 0.066746
5 0.770922 0.388558 0.009774 0.061979
5 0.753513 0.411204 0.016494 0.069130
5 0.727550 0.393921 0.010996 0.065554
5 0.702199 0.405840 0.017715 0.053635
5 0.653940 0.389750 0.029933 0.030989
5 0.623702 0.364124 0.032987 0.020262
5 0.565669 0.259833 0.017104 0.061979
6 0.247404 0.791418 0.068418 0.059595
6 0.414783 0.799166 0.059866 0.048868
6 0.602321 0.806317 0.063531 0.053635
6 0.670739 0.813468 0.054979 0.056019
6 0.781307 0.807509 0.070861 0.058403
6 0.821625 0.731824 0.073305 0.054827
6 0.851863 0.802741 0.070250 0.058403
6 0.657300 0.460667 0.065974 0.056019
4 0.580330 0.279499 0.031765 0.056019
4 0.619731 0.287843 0.036042 0.039333
4 0.637447 0.327175 0.045816 0.034565
4 0.173488 0.547676 0.043983 0.027414
7 0.514966 0.737187 0.018326 0.025030
7 0.533903 0.733015 0.018326 0.026222
7 0.539707 0.909416 0.016494 0.028605
7 0.561087 0.901073 0.014050 0.038141
7 0.819792 0.865316 0.028100 0.030989
7 0.881796 0.861740 0.025046 0.030989
7 0.979536 0.688915 0.029933 0.035757
7 0.900428 0.501192 0.029322 0.032181
7 0.933415 0.489869 0.024435 0.023838
7 0.342395 0.920143 0.015272 0.033373
7 0.309407 0.904052 0.020159 0.027414
7 0.416921 0.017282 0.016494 0.034565
7 0.891875 0.317640 0.021991 0.025030
7 0.981368 0.336114 0.020159 0.021454
7 0.744349 0.307509 0.015272 0.023838
7 0.921808 0.814660 0.028100 0.036949
7 0.978314 0.801549 0.028711 0.041716
5 0.020464 0.467819 0.040929 0.022646
6 0.083400 0.723529 0.075818 0.075630
7 0.694334 0.327731 0.019154 0.026891
1 0.558659 0.085714 0.049481 0.164706
