1 0.206300 0.617200 0.091400 0.064600
0 0.076600 0.533100 0.070300 0.062500
2 0.509976 0.388235 0.051077 0.312605
3 0.882682 0.629412 0.083001 0.052101
6 0.481644 0.821849 0.024741 0.073950
6 0.588587 0.515126 0.040702 0.042017
6 0.421389 0.282353 0.019154 0.084034
6 0.427374 0.142017 0.023144 0.082353
4 0.416999 0.222689 0.011971 0.038655
6 0.966480 0.642857 0.047885 0.035294
6 0.428172 0.900000 0.021548 0.078992
7 0.406225 0.388235 0.009577 0.026891
4 0.022745 0.629412 0.029529 0.038655
4 0.051476 0.625210 0.023144 0.030252
7 0.562650 0.334454 0.015962 0.026891
0 0.120112 0.624370 0.069433 0.052101
