7 0.358400 0.555500 0.015200 0.018900
7 0.520500 0.818900 0.012500 0.018500
7 0.767500 0.497400 0.018000 0.024800
7 0.356400 0.775300 0.010400 0.023600
7 0.826500 0.613800 0.016900 0.022800
7 0.784700 0.629400 0.014100 0.021900
7 0.478700 0.371600 0.013400 0.026100
7 0.463500 0.762900 0.012600 0.019500
7 0.438200 0.503300 0.012500 0.022100
7 0.445500 0.760500 0.010700 0.021400
5 0.488500 0.543500 0.015300 0.040400
7 0.988700 0.103200 0.019300 0.027200
6 0.700800 0.521500 0.046900 0.042000
6 0.897400 0.652700 0.051600 0.048200
6 0.534900 0.426700 0.034300 0.064800
6 0.725000 0.599200 0.045300 0.042100
6 0.730100 0.652700 0.043500 0.042100
6 0.558600 0.505200 0.032900 0.061500
5 0.154700 0.699800 0.031100 0.022400
0 0.655900 0.596100 0.061000 0.051900
0 0.555200 0.604300 0.064200 0.058300
0 0.422700 0.641700 0.064500 0.056200
0 0.244400 0.569900 0.062800 0.049600
0 0.052100 0.577400 0.071000 0.049600
5 0.721136 0.442193 0.007941 0.038141
5 0.705254 0.446961 0.006720 0.038141
5 0.695785 0.447557 0.006109 0.032181
5 0.688454 0.447557 0.006109 0.032181
5 0.679597 0.447557 0.006720 0.036949
5 0.670128 0.451132 0.007330 0.036949
5 0.660049 0.449940 0.005498 0.034565
5 0.651802 0.447557 0.006109 0.036949
5 0.643555 0.455304 0.011607 0.030989
5 0.612706 0.446961 0.015883 0.021454
5 0.593464 0.432658 0.021381 0.014303
5 0.556811 0.365316 0.009163 0.029797
6 0.181124 0.747318 0.029933 0.030989
6 0.217471 0.748510 0.039096 0.035757
6 0.372327 0.713945 0.037263 0.042908
6 0.414172 0.720501 0.036652 0.036949
6 0.462126 0.709774 0.042150 0.032181
6 0.580330 0.707986 0.039096 0.038141
6 0.626145 0.711561 0.036652 0.033373
6 0.922419 0.377831 0.036652 0.066746
7 0.523213 0.079857 0.012828 0.021454
7 0.359499 0.588200 0.010385 0.017878
7 0.347282 0.596544 0.011607 0.020262
7 0.325290 0.588796 0.010385 0.016687
7 0.327428 0.607867 0.012217 0.016687
7 0.484117 0.451728 0.007941 0.019070
4 0.601405 0.407628 0.028711 0.023838
4 0.546121 0.152563 0.028100 0.033373
7 0.554979 0.755066 0.007941 0.015495
7 0.562920 0.755662 0.006720 0.016687
7 0.570250 0.756257 0.006720 0.017878
7 0.558033 0.774136 0.009163 0.020262
7 0.544899 0.774136 0.009774 0.015495
7 0.482590 0.687723 0.007330 0.011919
7 0.488393 0.699642 0.009163 0.016687
7 0.837202 0.691895 0.015272 0.017878
7 0.956628 0.669845 0.015883 0.016687
7 0.895235 0.707986 0.016494 0.019070
5 0.334453 0.733015 0.021381 0.016687
7 0.354918 0.842074 0.008552 0.022646
7 0.364692 0.837306 0.010996 0.017878
7 0.102932 0.561383 0.010385 0.014303
3 0.171045 0.581645 0.079414 0.057211
7 0.106597 0.989273 0.010385 0.016687
4 0.341478 0.558403 0.026878 0.017878
7 0.622480 0.729440 0.008552 0.011919
6 0.470870 0.415966 0.020750 0.072269
1 0.550279 0.242017 0.031125 0.144538
4 0.572626 0.365546 0.018356 0.035294
6 0.740223 0.698319 0.040702 0.025210
6 0.696728 0.701681 0.043097 0.035294
6 0.982442 0.674790 0.033520 0.035294
