6 0.505800 0.700200 0.028300 0.081200
3 0.507400 0.957700 0.032000 0.084900
1 0.467900 0.433300 0.050400 0.146900
0 0.479800 0.112800 0.029100 0.122700
0 0.508100 0.957000 0.030200 0.085700
5 0.419792 0.169748 0.009577 0.047059
7 0.411014 0.084034 0.006385 0.033613
4 0.426177 0.206723 0.011173 0.043697
4 0.038308 0.590756 0.030327 0.042017
6 0.430966 0.260504 0.020750 0.084034
6 0.431764 0.863025 0.019154 0.075630
6 0.642059 0.507563 0.039106 0.040336
4 0.676377 0.557983 0.031125 0.026891
3 0.881484 0.610924 0.085395 0.055462
7 0.567438 0.315966 0.015962 0.026891
0 0.133280 0.588235 0.070231 0.050420
