7 0.499600 0.143600 0.008600 0.015200
4 0.007500 0.496200 0.015600 0.019800
0 0.514800 0.206300 0.021700 0.089800
0 0.938400 0.592300 0.054400 0.039800
0 0.516400 0.332100 0.022100 0.090000
0 0.511800 0.648800 0.029100 0.076200
0 0.446300 0.040400 0.020700 0.081300
0 0.473800 0.358100 0.020300 0.069000
7 0.055467 0.568067 0.011971 0.023529
7 0.261772 0.579832 0.009577 0.020168
7 0.551077 0.352101 0.013567 0.018487
7 0.578611 0.481513 0.009577 0.015126
7 0.551077 0.951261 0.005587 0.016807
7 0.697127 0.590756 0.010375 0.015126
4 0.456105 0.910084 0.018356 0.038655
4 0.456105 0.954622 0.019952 0.033613
4 0.443735 0.261345 0.007981 0.035294
4 0.442139 0.223529 0.007981 0.043697
4 0.444932 0.188235 0.008779 0.047059
0 0.516361 0.050420 0.023943 0.094118
6 0.478053 0.186555 0.014366 0.053782
6 0.447326 0.311765 0.016760 0.065546
6 0.478053 0.494958 0.027135 0.031933
6 0.598164 0.549580 0.027933 0.030252
6 0.560255 0.562185 0.030327 0.038655
6 0.456105 0.692437 0.016760 0.053782
6 0.449721 0.754622 0.015164 0.053782
6 0.507582 0.901681 0.019154 0.065546
0 0.879090 0.586555 0.048683 0.043697
0 0.231445 0.554622 0.049481 0.036975
0 0.288508 0.555462 0.047087 0.038655
1 0.051875 0.542857 0.062251 0.047059
3 0.723065 0.575630 0.059058 0.042017
