7 0.474500 0.688100 0.013300 0.024200
7 0.746200 0.639400 0.013900 0.025000
7 0.718500 0.661800 0.015000 0.024900
7 0.344500 0.470900 0.015500 0.023600
7 0.663400 0.656400 0.013300 0.025000
7 0.793100 0.378600 0.021000 0.028000
7 0.572800 0.641800 0.012200 0.020800
6 0.914500 0.581600 0.046400 0.048400
6 0.550900 0.385700 0.038100 0.071800
6 0.538000 0.601500 0.039500 0.044600
4 0.362000 0.447200 0.025800 0.023500
3 0.091800 0.610100 0.091600 0.056700
0 0.370700 0.525200 0.071100 0.053100
0 0.066400 0.444200 0.075100 0.055100
0 0.908700 0.484000 0.063800 0.055500
0 0.501300 0.313100 0.029900 0.126400
0 0.259600 0.450500 0.064800 0.054300
5 0.726656 0.355538 0.007183 0.043339
5 0.718276 0.357143 0.007981 0.033708
5 0.710295 0.353933 0.007981 0.036918
5 0.701915 0.354735 0.007183 0.041734
5 0.691540 0.356340 0.007183 0.041734
5 0.673583 0.354735 0.007981 0.041734
5 0.666002 0.362761 0.011971 0.035313
5 0.635275 0.348315 0.019154 0.025682
5 0.616520 0.332263 0.023144 0.019262
5 0.579409 0.272873 0.011173 0.051364
6 0.227245 0.626341 0.036652 0.032181
6 0.193647 0.625745 0.032987 0.033373
6 0.551313 0.258045 0.031155 0.075089
6 0.428528 0.612634 0.039707 0.038141
6 0.388516 0.606079 0.037874 0.060787
1 0.574527 0.138260 0.031155 0.145411
4 0.573305 0.045888 0.027489 0.034565
4 0.594380 0.266985 0.017104 0.038141
4 0.624924 0.309893 0.028100 0.028605
7 0.479536 0.219309 0.006109 0.021454
7 0.488393 0.227056 0.010385 0.017878
7 0.487172 0.250298 0.009163 0.014303
7 0.462737 0.391538 0.010385 0.020262
7 0.483812 0.282479 0.009774 0.023838
5 0.348503 0.619190 0.018937 0.015495
7 0.209530 0.677592 0.013439 0.015495
7 0.558644 0.670441 0.009163 0.015495
7 0.574527 0.671037 0.007941 0.023838
7 0.583384 0.659714 0.009774 0.015495
7 0.510079 0.591776 0.010996 0.015495
7 0.491142 0.023242 0.009774 0.022646
7 0.798412 0.321216 0.009774 0.017878
7 0.830483 0.321216 0.010385 0.017878
7 0.111484 0.867700 0.012828 0.019070
7 0.150886 0.870679 0.012217 0.022646
7 0.435247 0.416567 0.010385 0.015495
7 0.377520 0.781287 0.008552 0.013111
3 0.185954 0.455462 0.079808 0.057143
7 0.138867 0.412605 0.011173 0.018487
6 0.477654 0.605042 0.043895 0.040336
6 0.464884 0.546218 0.040702 0.040336
6 0.759777 0.610924 0.038308 0.028571
6 0.715084 0.610084 0.043097 0.040336
6 0.644054 0.612605 0.035116 0.028571
6 0.596967 0.609244 0.039904 0.038655
6 0.675579 0.561345 0.039106 0.040336
6 0.597366 0.500840 0.035914 0.077311
6 0.890263 0.363025 0.047087 0.036975
