7 0.288300 0.651900 0.019400 0.036500
7 0.029100 0.646300 0.033000 0.034100
6 0.390400 0.051900 0.040800 0.104700
0 0.037700 0.581800 0.076200 0.084600
7 0.629290 0.136134 0.035914 0.047059
7 0.283719 0.673109 0.019952 0.028571
7 0.358340 0.957983 0.009577 0.026891
7 0.363528 0.874790 0.016760 0.045378
6 0.401437 0.920168 0.044693 0.122689
0 0.729050 0.531933 0.110934 0.078992
0 0.548683 0.199160 0.047087 0.200000
3 0.562650 0.896639 0.052674 0.203361
5 0.668795 0.430252 0.035116 0.033613
6 0.478053 0.174790 0.036712 0.124370
6 0.477255 0.756303 0.036712 0.127731
