1 0.876900 0.477000 0.032500 0.102600
6 0.535515 0.701681 0.030327 0.031933
7 0.961293 0.350420 0.010375 0.021849
7 0.944533 0.936975 0.008779 0.018487
7 0.952115 0.938655 0.009577 0.018487
7 0.967678 0.666387 0.015164 0.018487
7 0.970072 0.681513 0.011971 0.015126
7 0.409816 0.944538 0.010375 0.023529
7 0.419393 0.949580 0.008779 0.020168
6 0.470072 0.814286 0.019154 0.058824
6 0.468875 0.899160 0.018356 0.067227
6 0.981245 0.413445 0.035914 0.030252
5 0.944533 0.316807 0.008779 0.031933
5 0.140463 0.551261 0.015962 0.016807
5 0.145251 0.584874 0.017558 0.016807
6 0.779330 0.594958 0.032721 0.030252
6 0.923783 0.968067 0.026337 0.060504
