6 0.490100 0.225900 0.021700 0.068800
4 0.039000 0.586800 0.029600 0.038800
0 0.481400 0.480600 0.031300 0.130300
0 0.519200 0.626400 0.030100 0.122600
5 0.419393 0.168067 0.010375 0.050420
7 0.568635 0.312605 0.016760 0.030252
6 0.431365 0.861345 0.021548 0.075630
6 0.467279 0.065546 0.019952 0.070588
6 0.464086 0.202521 0.018356 0.068908
6 0.429370 0.257983 0.020750 0.085714
6 0.640064 0.504202 0.039904 0.040336
4 0.425778 0.202521 0.010375 0.038655
4 0.632881 0.553782 0.028731 0.025210
3 0.879489 0.609244 0.086193 0.055462
3 0.534318 0.841176 0.034318 0.159664
0 0.132083 0.584874 0.067837 0.050420
1 0.219074 0.532773 0.083799 0.060504
