7 0.703500 0.545400 0.010500 0.015800
6 0.479900 0.211000 0.017700 0.050200
0 0.287200 0.554500 0.049600 0.037400
0 0.938700 0.591600 0.051800 0.039600
0 0.446100 0.039700 0.021400 0.079000
7 0.550279 0.351261 0.010375 0.020168
7 0.331205 0.577311 0.006385 0.018487
7 0.311652 0.589076 0.007183 0.015126
7 0.314046 0.577311 0.008779 0.015126
7 0.557063 0.452101 0.007981 0.020168
7 0.944533 0.615126 0.013567 0.013445
7 0.447725 0.181513 0.009577 0.020168
4 0.456903 0.906723 0.016760 0.038655
4 0.456903 0.953782 0.016760 0.035294
4 0.441740 0.189076 0.008779 0.045378
4 0.441341 0.223529 0.007981 0.033613
4 0.441740 0.262185 0.008779 0.033613
4 0.882682 0.511765 0.025539 0.018487
0 0.229848 0.552941 0.049481 0.036975
0 0.878691 0.585714 0.047885 0.042017
1 0.521149 0.758824 0.035116 0.210084
1 0.646049 0.516807 0.047087 0.042017
1 0.719074 0.515966 0.057462 0.040336
1 0.796887 0.522689 0.056664 0.040336
3 0.723065 0.574790 0.059058 0.043697
6 0.853951 0.506723 0.028731 0.031933
6 0.592578 0.491597 0.029529 0.025210
6 0.627694 0.545378 0.027933 0.028571
6 0.593775 0.548739 0.031923 0.035294
6 0.446528 0.308403 0.016760 0.065546
6 0.456105 0.691597 0.016760 0.055462
6 0.448923 0.755462 0.015164 0.055462
1 0.050678 0.542857 0.061453 0.043697
