5 0.051200 0.464500 0.021700 0.015000
3 0.519800 0.694700 0.024200 0.105200
0 0.627000 0.508700 0.051800 0.040400
0 0.940700 0.586000 0.053600 0.038400
0 0.881100 0.581300 0.049500 0.042500
0 0.487100 0.212100 0.020000 0.087300
0 0.501300 0.349500 0.020400 0.091900
0 0.506600 0.064000 0.023100 0.091700
7 0.549481 0.350420 0.015164 0.021849
7 0.549481 0.470588 0.008779 0.016807
7 0.541899 0.203361 0.007981 0.020168
7 0.584996 0.447899 0.009577 0.018487
7 0.253392 0.443697 0.008779 0.013445
7 0.208699 0.442017 0.010375 0.013445
4 0.457302 0.910924 0.019154 0.036975
4 0.457302 0.955462 0.022346 0.031933
4 0.440942 0.222689 0.008779 0.035294
4 0.442139 0.263025 0.007981 0.035294
5 0.526337 0.215966 0.011971 0.042017
0 0.444134 0.039496 0.023144 0.078992
0 0.288508 0.555462 0.048683 0.038655
0 0.230646 0.557983 0.049481 0.036975
1 0.783719 0.517647 0.060654 0.043697
4 0.594972 0.550420 0.023144 0.021849
6 0.473663 0.089076 0.015164 0.053782
6 0.445730 0.310924 0.016760 0.063866
6 0.451317 0.756303 0.015164 0.053782
6 0.456903 0.693277 0.019952 0.055462
1 0.050279 0.547899 0.062251 0.047059
