6 0.534318 0.700000 0.029529 0.035294
7 0.879090 0.203361 0.015164 0.016807
7 0.961692 0.349580 0.009577 0.020168
7 0.937350 0.744538 0.010375 0.020168
7 0.945730 0.746218 0.012769 0.026891
7 0.029928 0.236975 0.010375 0.020168
7 0.406225 0.944538 0.009577 0.023529
7 0.416999 0.947059 0.008779 0.015126
6 0.469673 0.813445 0.018356 0.063866
6 0.468476 0.898319 0.017558 0.062185
6 0.982442 0.411765 0.033520 0.033613
6 0.780128 0.592437 0.032721 0.031933
5 0.946129 0.311765 0.008779 0.031933
0 0.556265 0.517647 0.047885 0.053782
