7 0.766300 0.500800 0.017700 0.027400
7 0.426300 0.769100 0.009900 0.021300
7 0.743300 0.736600 0.012700 0.026800
7 0.799800 0.448000 0.013800 0.023000
7 0.418300 0.540600 0.013100 0.021700
7 0.784200 0.447500 0.015400 0.021600
7 0.505600 0.754600 0.012100 0.023000
7 0.396500 0.561000 0.012900 0.024600
7 0.954900 0.667300 0.016100 0.023600
7 0.948900 0.638000 0.024200 0.026500
7 0.360800 0.570300 0.014300 0.020400
7 0.418200 0.560700 0.012800 0.021800
7 0.525200 0.743100 0.010400 0.018100
7 0.529500 0.760700 0.009800 0.018200
7 0.487200 0.700700 0.012500 0.021500
6 0.698600 0.523000 0.045900 0.041000
6 0.524400 0.395700 0.032500 0.067000
6 0.542900 0.486100 0.032800 0.064700
6 0.578500 0.707000 0.040900 0.041200
5 0.485100 0.534500 0.017100 0.035400
1 0.548200 0.240300 0.034200 0.152200
0 0.649400 0.597900 0.060000 0.050500
0 0.496300 0.617500 0.064200 0.056300
0 0.051800 0.575700 0.071500 0.049800
0 0.125700 0.673600 0.071200 0.052700
0 0.243400 0.569400 0.063600 0.049700
5 0.719609 0.441001 0.009774 0.038141
5 0.703115 0.446365 0.006109 0.039333
5 0.693341 0.448153 0.006109 0.035757
5 0.687233 0.446365 0.006109 0.036949
5 0.678070 0.449344 0.007330 0.042908
5 0.666768 0.452324 0.007941 0.044100
5 0.657911 0.448749 0.007330 0.039333
5 0.649359 0.448749 0.004887 0.041716
5 0.641723 0.457092 0.010385 0.029797
5 0.610568 0.446961 0.014050 0.019070
5 0.591326 0.434446 0.020770 0.013111
5 0.555589 0.367104 0.010385 0.033373
6 0.180819 0.746722 0.031765 0.029797
6 0.216860 0.747318 0.039096 0.030989
6 0.370800 0.715733 0.036652 0.039333
6 0.412645 0.719905 0.037263 0.035757
6 0.460293 0.713349 0.042150 0.036949
6 0.623091 0.710965 0.032987 0.029797
6 0.728467 0.652563 0.042150 0.032181
6 0.922724 0.385578 0.033598 0.065554
6 0.981063 0.286651 0.019548 0.067938
6 0.981063 0.679976 0.034209 0.036949
7 0.401649 0.584625 0.012828 0.017878
7 0.357666 0.556019 0.012828 0.015495
4 0.571778 0.366508 0.018326 0.039333
4 0.599878 0.412992 0.026878 0.020262
4 0.544899 0.153754 0.031765 0.033373
4 0.340562 0.558403 0.023824 0.020262
7 0.481979 0.690107 0.009774 0.014303
7 0.541539 0.774732 0.010385 0.014303
7 0.557117 0.771752 0.008552 0.017878
7 0.559866 0.755066 0.009163 0.017878
7 0.568418 0.759237 0.009163 0.019070
7 0.623091 0.729440 0.009774 0.016687
7 0.756872 0.660906 0.017104 0.022646
7 0.756567 0.676996 0.016494 0.021454
5 0.333842 0.731824 0.020159 0.014303
7 0.098962 0.560787 0.009774 0.017878
7 0.104154 0.988677 0.009163 0.020262
7 0.543097 0.328571 0.011971 0.021849
6 0.469673 0.389916 0.021548 0.070588
3 0.170391 0.580672 0.077414 0.052101
6 0.721868 0.600840 0.047087 0.042017
6 0.738627 0.701681 0.039106 0.028571
6 0.694334 0.702521 0.043097 0.040336
6 0.871907 0.660504 0.050279 0.036975
0 0.988827 0.189076 0.017558 0.115966
