1 0.620200 0.512700 0.059800 0.043900
0 0.748300 0.521900 0.050500 0.042700
0 0.169500 0.497600 0.051800 0.044800
0 0.513400 0.413800 0.024800 0.089800
0 0.945700 0.598400 0.054500 0.040000
0 0.501500 0.058000 0.021200 0.089500
0 0.446400 0.038800 0.022300 0.077700
7 0.551077 0.353782 0.013567 0.025210
7 0.582602 0.452941 0.011173 0.018487
7 0.682362 0.613445 0.007981 0.020168
7 0.433759 0.350420 0.005587 0.018487
4 0.454509 0.918487 0.021548 0.038655
4 0.456105 0.965546 0.021548 0.031933
4 0.442538 0.260504 0.008779 0.033613
4 0.442139 0.221008 0.007981 0.038655
6 0.021947 0.475630 0.039106 0.026891
6 0.446927 0.310924 0.015962 0.067227
6 0.505986 0.704202 0.017558 0.057143
6 0.455706 0.702521 0.019154 0.063866
6 0.449322 0.762185 0.015962 0.055462
4 0.484836 0.605042 0.011971 0.043697
1 0.043895 0.545378 0.063847 0.048739
5 0.975259 0.552941 0.020750 0.033613
6 0.679569 0.500000 0.031125 0.031933
0 0.226656 0.556303 0.051077 0.040336
0 0.285714 0.556303 0.049481 0.040336
