7 0.656000 0.860000 0.019600 0.034000
7 0.461800 0.862100 0.015900 0.033000
7 0.592900 0.911700 0.013700 0.028200
7 0.962200 0.826200 0.022900 0.031200
7 0.712100 0.823700 0.016600 0.025300
6 0.795000 0.599400 0.061800 0.067400
4 0.682800 0.574500 0.039000 0.039700
4 0.319800 0.594800 0.049700 0.042400
4 0.318600 0.514900 0.039000 0.029900
0 0.953700 0.604000 0.090700 0.078100
0 0.207800 0.526500 0.102400 0.082800
0 0.577500 0.198500 0.044900 0.210100
6 0.160965 0.805721 0.064142 0.052443
6 0.104154 0.806913 0.050703 0.047676
6 0.488393 0.713945 0.064142 0.064362
6 0.586133 0.647795 0.066585 0.063170
6 0.738852 0.682360 0.067807 0.060787
6 0.744960 0.769368 0.066585 0.060787
6 0.811546 0.776520 0.059255 0.051251
6 0.845449 0.693087 0.075748 0.063170
6 0.945327 0.701430 0.076359 0.058403
6 0.962431 0.500000 0.072694 0.065554
3 0.092853 0.542908 0.130727 0.091776
7 0.970067 0.308105 0.031765 0.034565
7 0.547343 0.387366 0.017104 0.033373
7 0.551313 0.846246 0.011607 0.035757
7 0.679597 0.867700 0.012828 0.033373
7 0.701588 0.865912 0.014050 0.036949
7 0.716860 0.851609 0.017715 0.025030
7 0.593464 0.975566 0.021381 0.039333
5 0.703726 0.229440 0.019548 0.051251
5 0.762676 0.333731 0.036042 0.021454
5 0.792914 0.358164 0.029322 0.034565
5 0.837508 0.375447 0.020770 0.057211
5 0.852474 0.362336 0.011607 0.064362
5 0.864997 0.362932 0.009774 0.072706
5 0.877825 0.363528 0.013439 0.071514
5 0.891265 0.382598 0.017104 0.066746
5 0.905925 0.358760 0.010996 0.066746
5 0.921503 0.362336 0.011607 0.064362
5 0.936775 0.356973 0.016494 0.067938
4 0.718998 0.253874 0.030544 0.050060
4 0.756872 0.263409 0.040318 0.033373
4 0.774893 0.298570 0.043372 0.041716
5 0.165547 0.435638 0.042761 0.029797
7 0.551313 0.215733 0.011607 0.028605
7 0.837989 0.290756 0.023943 0.033613
0 0.699122 0.072269 0.051077 0.144538
