6 0.480000 0.057800 0.017100 0.061300
0 0.286700 0.556500 0.050000 0.037200
0 0.941600 0.586600 0.053500 0.038200
0 0.626700 0.508100 0.052000 0.040600
0 0.480000 0.376900 0.025800 0.099200
0 0.444000 0.038900 0.021900 0.076300
7 0.545092 0.292437 0.009577 0.016807
7 0.550678 0.347899 0.011173 0.020168
7 0.554270 0.463025 0.007183 0.018487
7 0.584597 0.449580 0.008779 0.018487
7 0.705108 0.598319 0.010375 0.016807
7 0.702713 0.582353 0.010375 0.021849
7 0.889465 0.604202 0.011971 0.015126
7 0.122905 0.571429 0.011173 0.016807
7 0.049880 0.433613 0.016760 0.016807
7 0.093775 0.438655 0.015164 0.016807
4 0.456504 0.911765 0.019154 0.038655
4 0.458899 0.957143 0.019154 0.031933
4 0.440144 0.221008 0.008779 0.038655
4 0.441341 0.259664 0.009577 0.035294
5 0.538707 0.914286 0.009577 0.043697
4 0.596169 0.551261 0.023943 0.023529
6 0.444932 0.308403 0.016760 0.065546
6 0.493615 0.600840 0.018356 0.055462
6 0.456105 0.692437 0.018356 0.053782
6 0.449322 0.756303 0.015962 0.053782
6 0.485634 0.957143 0.015164 0.055462
6 0.849960 0.501681 0.028731 0.028571
0 0.519952 0.969748 0.024741 0.053782
1 0.708699 0.515966 0.059058 0.040336
1 0.047885 0.546218 0.063847 0.047059
0 0.881484 0.581513 0.048683 0.043697
0 0.228252 0.556303 0.049481 0.040336
4 0.517159 0.463025 0.011173 0.045378
4 0.372706 0.495798 0.019154 0.020168
5 0.472466 0.631933 0.007981 0.033613
