7 0.458000 0.029400 0.011300 0.033700
0 0.914600 0.655500 0.038500 0.087400
6 0.534318 0.698319 0.031125 0.031933
7 0.970870 0.398319 0.016760 0.016807
7 0.971269 0.365546 0.011173 0.021849
7 0.948125 0.942857 0.012769 0.020168
7 0.411812 0.921008 0.007981 0.023529
7 0.413009 0.937815 0.007183 0.016807
6 0.466480 0.807563 0.018356 0.058824
6 0.464884 0.893277 0.018356 0.065546
6 0.984437 0.433613 0.029529 0.026891
5 0.955307 0.329412 0.009577 0.036975
6 0.783320 0.602521 0.032721 0.031933
7 0.944134 0.941176 0.007981 0.016807
