7 0.408900 0.665100 0.013000 0.021000
1 0.205900 0.619300 0.092100 0.066200
0 0.036500 0.533900 0.072300 0.058400
0 0.119600 0.626500 0.069300 0.053100
3 0.885076 0.627731 0.086193 0.058824
4 0.615323 0.528571 0.031923 0.028571
4 0.620511 0.572269 0.029529 0.031933
4 0.654828 0.568067 0.031125 0.030252
4 0.416600 0.224370 0.011173 0.042017
4 0.053871 0.626891 0.021548 0.036975
4 0.019154 0.632773 0.031923 0.042017
6 0.669194 0.522689 0.039106 0.040336
6 0.421389 0.284034 0.020750 0.087395
6 0.427773 0.139496 0.027135 0.084034
6 0.527135 0.888235 0.023144 0.078992
6 0.427773 0.904202 0.020750 0.077311
6 0.469274 0.543697 0.022346 0.072269
7 0.562650 0.333613 0.015962 0.028571
