7 0.426900 0.823000 0.009700 0.020700
5 0.465000 0.681200 0.012900 0.041000
0 0.792100 0.542700 0.075400 0.058400
0 0.267800 0.546300 0.069800 0.054800
7 0.419393 0.163025 0.010375 0.026891
5 0.424182 0.184874 0.008779 0.036975
7 0.012370 0.442857 0.019952 0.025210
0 0.141660 0.603361 0.067837 0.050420
1 0.939346 0.548739 0.079808 0.055462
3 0.527933 0.221849 0.031125 0.144538
3 0.882283 0.624370 0.085395 0.055462
4 0.476457 0.502521 0.009577 0.057143
4 0.047087 0.606723 0.030327 0.036975
4 0.431764 0.221008 0.009577 0.038655
5 0.605347 0.485714 0.024741 0.023529
5 0.540303 0.519328 0.011173 0.047059
6 0.438148 0.876471 0.020750 0.072269
6 0.464485 0.073109 0.017558 0.068908
6 0.125299 0.512605 0.044693 0.047059
6 0.435355 0.277311 0.019952 0.087395
6 0.495611 0.573950 0.020750 0.072269
6 0.637670 0.519328 0.038308 0.043697
6 0.698324 0.531933 0.038308 0.042017
6 0.697925 0.603361 0.039106 0.040336
6 0.652035 0.579832 0.038308 0.047059
7 0.207901 0.636975 0.011971 0.013445
7 0.572626 0.332773 0.015164 0.030252
6 0.289705 0.613445 0.046289 0.033613
7 0.579409 0.989916 0.014366 0.016807
