7 0.551100 0.173900 0.016100 0.034700
7 0.841500 0.707300 0.023100 0.030700
7 0.531800 0.707000 0.015800 0.028100
7 0.654400 0.711500 0.017500 0.029300
6 0.504700 0.536400 0.058500 0.066300
4 0.252600 0.375600 0.042000 0.030000
4 0.024500 0.504400 0.047900 0.038600
0 0.139200 0.386500 0.108800 0.081600
0 0.513500 0.080600 0.051100 0.157700
6 0.170739 0.500000 0.070250 0.058403
6 0.062920 0.576877 0.078192 0.059595
6 0.092242 0.665673 0.072083 0.053635
6 0.031460 0.663886 0.049481 0.050060
6 0.636836 0.579857 0.062920 0.079857
6 0.684789 0.632300 0.062309 0.058403
6 0.750458 0.638856 0.059255 0.052443
6 0.748015 0.557211 0.071472 0.065554
6 0.874771 0.503576 0.074527 0.056019
6 0.931582 0.628129 0.076970 0.057211
6 0.891875 0.361740 0.075748 0.063170
6 0.627673 0.290226 0.055589 0.115614
4 0.655773 0.112038 0.031155 0.047676
4 0.695785 0.119190 0.039096 0.035757
4 0.714111 0.156138 0.046426 0.045292
5 0.642944 0.085221 0.016494 0.056019
5 0.701588 0.193087 0.033598 0.023838
5 0.733048 0.218713 0.031765 0.036949
5 0.780086 0.233015 0.018326 0.063170
5 0.795052 0.218713 0.012828 0.070322
5 0.806659 0.221097 0.010385 0.070322
5 0.819181 0.226460 0.012217 0.066746
5 0.834759 0.238379 0.015272 0.071514
5 0.848809 0.219905 0.011607 0.070322
5 0.862859 0.217521 0.014050 0.079857
5 0.881185 0.216329 0.016494 0.082241
5 0.097434 0.296782 0.044594 0.026222
7 0.533293 0.249702 0.018326 0.034565
0 0.781613 0.469607 0.088577 0.085816
7 0.981979 0.280691 0.029933 0.029797
7 0.616677 0.732420 0.015272 0.029797
7 0.639585 0.731228 0.014661 0.036949
7 0.649969 0.686532 0.015883 0.023838
7 0.676237 0.682956 0.019548 0.028605
7 0.937385 0.712753 0.023824 0.028605
7 0.988699 0.703814 0.018937 0.034565
7 0.782921 0.146218 0.015962 0.026891
