7 0.429600 0.748700 0.011500 0.025700
7 0.171600 0.467200 0.014600 0.018600
7 0.566200 0.109900 0.012700 0.024900
1 0.224000 0.606100 0.090200 0.061700
0 0.138468 0.614286 0.067837 0.048739
3 0.892259 0.629412 0.084597 0.058824
4 0.431365 0.222689 0.010375 0.042017
4 0.075020 0.611765 0.020750 0.033613
4 0.041899 0.616807 0.031125 0.040336
6 0.624900 0.518487 0.039904 0.038655
6 0.437350 0.279832 0.020750 0.085714
6 0.459298 0.410084 0.029529 0.077311
6 0.441341 0.889916 0.022346 0.075630
7 0.577015 0.335294 0.015962 0.028571
7 0.158021 0.457983 0.012769 0.021849
7 0.419393 0.350420 0.007183 0.028571
