7 0.463900 0.860000 0.016600 0.034800
7 0.372200 0.834000 0.017700 0.033700
7 0.272100 0.918600 0.019100 0.033300
7 0.327000 0.795000 0.016700 0.030200
7 0.388800 0.791900 0.017700 0.025500
7 0.530700 0.777300 0.017900 0.026100
7 0.530100 0.797000 0.014000 0.025800
7 0.347100 0.817800 0.016400 0.035600
6 0.501000 0.613600 0.059100 0.065200
6 0.830200 0.454000 0.068100 0.062800
4 0.819800 0.591300 0.039300 0.045500
0 0.085800 0.481000 0.107700 0.075400
0 0.455700 0.161200 0.046300 0.212500
5 0.814600 0.330155 0.011607 0.069130
5 0.799328 0.331347 0.012828 0.059595
5 0.785889 0.328367 0.011607 0.053635
5 0.770617 0.353397 0.010385 0.060787
5 0.761148 0.331943 0.008552 0.056019
5 0.742822 0.338498 0.010996 0.059595
5 0.734270 0.333135 0.010996 0.058403
5 0.718693 0.344458 0.016494 0.054827
5 0.670128 0.325983 0.028100 0.034565
5 0.641723 0.301549 0.033598 0.019070
5 0.583995 0.199642 0.015883 0.060787
6 0.036042 0.763409 0.070861 0.046484
6 0.619120 0.734803 0.060476 0.051251
6 0.687538 0.740167 0.054368 0.045292
6 0.862553 0.734207 0.070861 0.054827
6 0.842395 0.542312 0.076970 0.061979
5 0.049481 0.394517 0.046426 0.019070
7 0.554062 0.830155 0.012217 0.029797
7 0.576054 0.825983 0.015883 0.033373
7 0.982896 0.785459 0.029322 0.030989
7 0.916616 0.405244 0.028711 0.026222
4 0.560476 0.243743 0.029933 0.077473
7 0.960599 0.747318 0.027489 0.033373
7 0.982590 0.749702 0.022602 0.028605
7 0.981674 0.691299 0.034209 0.026222
7 0.988393 0.449344 0.021991 0.033373
7 0.919365 0.809297 0.014661 0.033373
4 0.597129 0.218713 0.031155 0.053635
4 0.636530 0.231824 0.036652 0.039333
4 0.654246 0.268176 0.043983 0.035757
4 0.198228 0.475566 0.042150 0.028605
7 0.721868 0.252101 0.016760 0.030252
5 0.828013 0.369748 0.031125 0.030252
7 0.828013 0.384874 0.021548 0.036975
