7 0.070500 0.797500 0.021000 0.021800
7 0.326100 0.672500 0.014700 0.023400
7 0.150500 0.510300 0.015400 0.019900
7 0.840400 0.411600 0.015900 0.021200
7 0.208700 0.797100 0.015100 0.024000
7 0.145500 0.529200 0.013900 0.022500
7 0.583600 0.748800 0.012300 0.026000
7 0.373600 0.807000 0.012600 0.023100
7 0.806000 0.708400 0.017200 0.031000
7 0.471200 0.038700 0.011000 0.023200
7 0.472700 0.019000 0.011300 0.021800
7 0.725000 0.747700 0.012600 0.024300
6 0.867000 0.450500 0.046300 0.040600
6 0.526600 0.505100 0.032700 0.075400
5 0.559900 0.662200 0.031500 0.019400
4 0.534200 0.429900 0.021900 0.043100
4 0.450800 0.619900 0.034300 0.026600
0 0.526100 0.580500 0.066300 0.060500
0 0.240100 0.566800 0.066000 0.049900
0 0.479800 0.416800 0.029800 0.123900
0 0.047400 0.572600 0.075900 0.050800
5 0.720670 0.443820 0.009577 0.046549
5 0.705507 0.445425 0.009577 0.046549
5 0.696728 0.445425 0.007981 0.040128
5 0.687151 0.442215 0.009577 0.040128
5 0.678771 0.444623 0.008779 0.044944
5 0.669992 0.451043 0.007183 0.044944
5 0.650838 0.447030 0.007183 0.046549
5 0.641660 0.455056 0.012769 0.030498
5 0.610535 0.447833 0.015962 0.025682
5 0.593775 0.430979 0.023943 0.020867
5 0.556265 0.372392 0.011173 0.048154
6 0.177153 0.744934 0.030544 0.030989
6 0.210446 0.746126 0.037263 0.033373
6 0.281918 0.728844 0.040929 0.041716
6 0.369884 0.721097 0.037263 0.059595
6 0.409896 0.720501 0.037874 0.036949
6 0.461515 0.713945 0.043372 0.038141
6 0.432193 0.663886 0.037263 0.040524
6 0.519243 0.705602 0.037874 0.040524
6 0.739768 0.702622 0.041539 0.027414
6 0.894930 0.666269 0.045205 0.047676
6 0.924863 0.384386 0.037874 0.060787
6 0.515272 0.179380 0.018937 0.067938
5 0.330177 0.730632 0.017715 0.014303
7 0.280696 0.681168 0.012828 0.017878
7 0.430666 0.521454 0.009774 0.020262
4 0.571167 0.365912 0.018326 0.038141
4 0.600489 0.409416 0.026878 0.025030
4 0.545510 0.145411 0.029322 0.026222
4 0.339340 0.557807 0.027489 0.021454
7 0.772144 0.485101 0.015883 0.023838
7 0.556506 0.769964 0.007330 0.021454
7 0.541845 0.774136 0.008552 0.017878
5 0.751069 0.640644 0.026268 0.020262
5 0.889432 0.421335 0.024435 0.022646
3 0.167074 0.575685 0.077581 0.054827
7 0.101710 0.986889 0.014050 0.021454
7 0.139585 0.989273 0.014050 0.019070
7 0.343922 0.918951 0.008552 0.016687
7 0.331093 0.889154 0.009774 0.021454
7 0.322236 0.765197 0.007941 0.023838
5 0.775199 0.526818 0.028100 0.023838
7 0.882407 0.699046 0.018937 0.017878
7 0.986255 0.143623 0.015272 0.017878
1 0.549880 0.239496 0.033520 0.146218
7 0.494014 0.310084 0.011173 0.021849
7 0.509976 0.332773 0.012769 0.023529
7 0.383480 0.558824 0.011971 0.021849
7 0.399042 0.549580 0.011173 0.016807
6 0.711891 0.563866 0.046289 0.042017
6 0.672785 0.636975 0.044693 0.040336
6 0.637670 0.575630 0.038308 0.048739
6 0.697925 0.703361 0.042298 0.038655
6 0.578212 0.709244 0.040702 0.040336
6 0.624900 0.713445 0.031923 0.035294
7 0.915403 0.681513 0.012769 0.021849
3 0.803272 0.583193 0.079010 0.057143
