7 0.368600 0.483100 0.011100 0.014900
6 0.679300 0.496400 0.029600 0.031600
4 0.507100 0.038300 0.011600 0.042100
1 0.048400 0.543900 0.062000 0.046300
1 0.619000 0.507800 0.062900 0.043100
0 0.941600 0.592800 0.054700 0.039300
0 0.287400 0.555300 0.050200 0.036900
0 0.483000 0.334200 0.021800 0.089400
0 0.516800 0.334100 0.022500 0.088400
0 0.520900 0.720900 0.018900 0.075600
0 0.446400 0.038800 0.021900 0.077500
7 0.551476 0.351261 0.012769 0.023529
7 0.704709 0.243697 0.012769 0.020168
7 0.771349 0.258824 0.008779 0.016807
7 0.581006 0.450420 0.011173 0.016807
7 0.664804 0.600000 0.011173 0.020168
7 0.352753 0.440336 0.007981 0.013445
4 0.456105 0.912605 0.018356 0.040336
4 0.456903 0.957983 0.018356 0.033613
4 0.443336 0.258824 0.008779 0.033613
4 0.442538 0.219328 0.008779 0.038655
0 0.486832 0.044538 0.020750 0.082353
4 0.525938 0.205042 0.009577 0.043697
4 0.484038 0.831933 0.011971 0.040336
6 0.519553 0.121008 0.015962 0.057143
6 0.505986 0.217647 0.015962 0.052101
6 0.474062 0.236975 0.015962 0.053782
6 0.446528 0.308403 0.016760 0.065546
6 0.448125 0.468067 0.027933 0.052101
6 0.456504 0.694118 0.017558 0.053782
6 0.449721 0.757983 0.015164 0.053782
0 0.229848 0.554622 0.049481 0.036975
