7 0.502700 0.947300 0.016000 0.035500
7 0.816200 0.890000 0.016600 0.027800
7 0.255000 0.957000 0.013700 0.027100
7 0.820200 0.843300 0.011800 0.025000
7 0.256900 0.931100 0.014600 0.026900
7 0.771500 0.345600 0.016300 0.026100
6 0.548400 0.503100 0.050500 0.110900
0 0.456900 0.245200 0.048900 0.203200
6 0.560782 0.641240 0.064753 0.066746
6 0.406231 0.840882 0.063531 0.072706
6 0.619731 0.848629 0.065363 0.061979
6 0.690287 0.859952 0.057422 0.056019
6 0.788943 0.805721 0.077581 0.054827
6 0.874465 0.858760 0.077581 0.060787
1 0.582468 0.097139 0.051924 0.194279
4 0.183873 0.566746 0.039096 0.027414
4 0.600183 0.312277 0.032376 0.052443
4 0.642944 0.321216 0.038485 0.036949
4 0.661881 0.358760 0.042150 0.033373
5 0.733965 0.746126 0.040929 0.040524
7 0.933415 0.501192 0.032987 0.022646
7 0.974343 0.374851 0.025657 0.027414
7 0.975260 0.812872 0.027489 0.042908
7 0.849114 0.921335 0.031765 0.035757
7 0.624313 0.921931 0.018326 0.032181
7 0.581857 0.917759 0.016494 0.033373
7 0.578192 0.947557 0.017715 0.033373
7 0.554673 0.943981 0.015883 0.026222
7 0.540012 0.916567 0.014661 0.045292
7 0.244044 0.906436 0.020159 0.034565
5 0.589493 0.280691 0.015883 0.046484
5 0.647526 0.396901 0.035431 0.026222
5 0.679291 0.420739 0.028100 0.040524
5 0.725107 0.442193 0.018326 0.054827
5 0.741295 0.427890 0.010385 0.064362
5 0.753513 0.430870 0.010385 0.063170
5 0.766952 0.429082 0.011607 0.064362
5 0.780086 0.446365 0.015883 0.070322
5 0.795968 0.429678 0.010996 0.060787
5 0.810629 0.428486 0.009774 0.067938
5 0.828345 0.426103 0.014661 0.070322
7 0.423335 0.362932 0.018326 0.029797
0 0.068418 0.576877 0.111179 0.078665
5 0.028100 0.477354 0.047648 0.025030
4 0.539401 0.348033 0.028100 0.083433
7 0.932804 0.936830 0.015883 0.030989
