4 0.169700 0.504200 0.022500 0.020500
4 0.516100 0.323500 0.010500 0.044400
0 0.372700 0.501800 0.053300 0.041700
0 0.940500 0.587300 0.054500 0.039300
7 0.550279 0.985714 0.010375 0.025210
7 0.550279 0.736134 0.008779 0.023529
7 0.549880 0.352101 0.012769 0.021849
7 0.711093 0.600840 0.007981 0.015126
7 0.435355 0.583193 0.008779 0.013445
7 0.396648 0.589916 0.009577 0.020168
4 0.457302 0.912605 0.019154 0.040336
4 0.457702 0.955462 0.023144 0.035294
4 0.440942 0.221849 0.008779 0.043697
4 0.441740 0.260504 0.008779 0.040336
0 0.881085 0.581513 0.047885 0.043697
0 0.443735 0.038655 0.023943 0.077311
0 0.507582 0.088235 0.019154 0.075630
0 0.229848 0.557983 0.049481 0.036975
0 0.288109 0.557983 0.047885 0.040336
1 0.511572 0.210084 0.022346 0.104202
1 0.708699 0.515966 0.059058 0.040336
1 0.049481 0.547899 0.062251 0.047059
3 0.690343 0.571429 0.057462 0.043697
6 0.802075 0.495798 0.028731 0.030252
6 0.445730 0.310084 0.016760 0.068908
6 0.456105 0.694958 0.018356 0.055462
6 0.450519 0.757143 0.016760 0.055462
