1 0.045000 0.549000 0.061300 0.049800
0 0.942800 0.592000 0.053200 0.039600
7 0.550279 0.353782 0.013567 0.021849
7 0.580607 0.452941 0.011971 0.018487
7 0.754190 0.266387 0.009577 0.021849
7 0.895850 0.613445 0.013567 0.020168
7 0.142059 0.438655 0.011173 0.020168
7 0.422985 0.080672 0.007981 0.023529
7 0.431365 0.093277 0.008779 0.025210
4 0.454110 0.915126 0.020750 0.035294
4 0.454509 0.960504 0.023144 0.028571
4 0.440543 0.222689 0.007981 0.042017
4 0.441740 0.261345 0.008779 0.035294
6 0.889864 0.552941 0.031923 0.033613
6 0.751397 0.556303 0.031125 0.030252
6 0.677574 0.496639 0.030327 0.031933
6 0.444533 0.310084 0.015962 0.065546
6 0.464086 0.522689 0.019952 0.053782
6 0.455706 0.697479 0.019154 0.060504
6 0.487630 0.717647 0.017558 0.053782
6 0.639665 0.563866 0.029529 0.028571
6 0.593376 0.562185 0.031125 0.035294
6 0.448923 0.759664 0.015164 0.053782
5 0.810854 0.499160 0.015962 0.013445
4 0.696329 0.552101 0.023144 0.021849
4 0.439745 0.472269 0.014366 0.036975
1 0.618117 0.506723 0.059856 0.042017
0 0.737829 0.515966 0.050279 0.040336
0 0.522346 0.915126 0.019952 0.075630
0 0.443735 0.038655 0.023943 0.073950
3 0.501197 0.091597 0.025539 0.109244
0 0.226656 0.557983 0.049481 0.040336
0 0.285714 0.557143 0.047885 0.038655
